x_fit,y_fit
0,0.61202
0.001,0.6121
0.002,0.61218
0.003,0.61226
0.004,0.61234
0.005,0.61242
0.006,0.6125
0.007,0.61257
0.008,0.61265
0.009,0.61273
0.01,0.61281
0.011,0.61289
0.012,0.61296
0.013,0.61304
0.014,0.61312
0.015,0.6132
0.016,0.61327
0.017,0.61335
0.018,0.61343
0.019,0.6135
0.02,0.61358
0.021,0.61365
0.022,0.61373
0.023,0.6138
0.024,0.61388
0.025,0.61395
0.026,0.61402
0.027,0.6141
0.028,0.61417
0.029,0.61424
0.03,0.61432
0.031,0.61439
0.032,0.61446
0.033,0.61453
0.034,0.6146
0.035,0.61467
0.036,0.61474
0.037,0.61481
0.038,0.61488
0.039,0.61495
0.04,0.61501
0.041,0.61508
0.042,0.61515
0.043,0.61522
0.044,0.61528
0.045,0.61535
0.046,0.61542
0.047,0.61548
0.048,0.61555
0.049,0.61561
0.05,0.61568
0.051,0.61575
0.052,0.61581
0.053,0.61587
0.054,0.61594
0.055,0.616
0.056,0.61607
0.057,0.61613
0.058,0.6162
0.059,0.61626
0.06,0.61632
0.061,0.61639
0.062,0.61645
0.063,0.61651
0.064,0.61657
0.065,0.61664
0.066,0.6167
0.067,0.61676
0.068,0.61682
0.069,0.61689
0.07,0.61695
0.071,0.61701
0.072,0.61707
0.073,0.61714
0.074,0.6172
0.075,0.61726
0.076,0.61732
0.077,0.61738
0.078,0.61744
0.079,0.61751
0.08,0.61757
0.081,0.61763
0.082,0.61769
0.083,0.61775
0.084,0.61782
0.085,0.61788
0.086,0.61794
0.087,0.618
0.088,0.61807
0.089,0.61813
0.09,0.61819
0.091,0.61825
0.092,0.61832
0.093,0.61838
0.094,0.61844
0.095,0.6185
0.096,0.61857
0.097,0.61863
0.098,0.61869
0.099,0.61876
0.1,0.61882
0.101,0.61889
0.102,0.61895
0.103,0.61902
0.104,0.61908
0.105,0.61915
0.106,0.61921
0.107,0.61928
0.108,0.61934
0.109,0.61941
0.11,0.61947
0.111,0.61954
0.112,0.61961
0.113,0.61967
0.114,0.61974
0.115,0.61981
0.116,0.61988
0.117,0.61995
0.118,0.62002
0.119,0.62008
0.12,0.62015
0.121,0.62022
0.122,0.62029
0.123,0.62036
0.124,0.62044
0.125,0.62051
0.126,0.62058
0.127,0.62065
0.128,0.62072
0.129,0.6208
0.13,0.62087
0.131,0.62094
0.132,0.62102
0.133,0.62109
0.134,0.62117
0.135,0.62124
0.136,0.62132
0.137,0.6214
0.138,0.62147
0.139,0.62155
0.14,0.62163
0.141,0.62171
0.142,0.62179
0.143,0.62187
0.144,0.62195
0.145,0.62203
0.146,0.62211
0.147,0.62219
0.148,0.62228
0.149,0.62236
0.15,0.62245
0.151,0.62253
0.152,0.62262
0.153,0.6227
0.154,0.62279
0.155,0.62288
0.156,0.62296
0.157,0.62305
0.158,0.62314
0.159,0.62323
0.16,0.62332
0.161,0.62341
0.162,0.62351
0.163,0.6236
0.164,0.62369
0.165,0.62379
0.166,0.62388
0.167,0.62398
0.168,0.62408
0.169,0.62417
0.17,0.62427
0.171,0.62437
0.172,0.62447
0.173,0.62457
0.174,0.62467
0.175,0.62478
0.176,0.62488
0.177,0.62498
0.178,0.62509
0.179,0.62519
0.18,0.6253
0.181,0.62541
0.182,0.62552
0.183,0.62563
0.184,0.62574
0.185,0.62585
0.186,0.62596
0.187,0.62607
0.188,0.62618
0.189,0.6263
0.19,0.62641
0.191,0.62653
0.192,0.62665
0.193,0.62677
0.194,0.62688
0.195,0.627
0.196,0.62712
0.197,0.62725
0.198,0.62737
0.199,0.62749
0.2,0.62761
0.201,0.62774
0.202,0.62786
0.203,0.62799
0.204,0.62812
0.205,0.62825
0.206,0.62837
0.207,0.6285
0.208,0.62863
0.209,0.62877
0.21,0.6289
0.211,0.62903
0.212,0.62917
0.213,0.6293
0.214,0.62944
0.215,0.62957
0.216,0.62971
0.217,0.62985
0.218,0.62999
0.219,0.63013
0.22,0.63027
0.221,0.63041
0.222,0.63055
0.223,0.63069
0.224,0.63084
0.225,0.63098
0.226,0.63113
0.227,0.63127
0.228,0.63142
0.229,0.63157
0.23,0.63172
0.231,0.63187
0.232,0.63202
0.233,0.63217
0.234,0.63232
0.235,0.63247
0.236,0.63263
0.237,0.63278
0.238,0.63294
0.239,0.63309
0.24,0.63325
0.241,0.63341
0.242,0.63356
0.243,0.63372
0.244,0.63388
0.245,0.63405
0.246,0.63421
0.247,0.63437
0.248,0.63453
0.249,0.6347
0.25,0.63486
0.251,0.63503
0.252,0.63519
0.253,0.63536
0.254,0.63553
0.255,0.6357
0.256,0.63587
0.257,0.63604
0.258,0.63621
0.259,0.63638
0.26,0.63655
0.261,0.63673
0.262,0.6369
0.263,0.63708
0.264,0.63725
0.265,0.63743
0.266,0.63761
0.267,0.63779
0.268,0.63796
0.269,0.63814
0.27,0.63833
0.271,0.63851
0.272,0.63869
0.273,0.63887
0.274,0.63906
0.275,0.63924
0.276,0.63943
0.277,0.63961
0.278,0.6398
0.279,0.63999
0.28,0.64017
0.281,0.64036
0.282,0.64055
0.283,0.64074
0.284,0.64094
0.285,0.64113
0.286,0.64132
0.287,0.64151
0.288,0.64171
0.289,0.6419
0.29,0.6421
0.291,0.6423
0.292,0.64249
0.293,0.64269
0.294,0.64289
0.295,0.64309
0.296,0.64329
0.297,0.64349
0.298,0.6437
0.299,0.6439
0.3,0.6441
0.301,0.64431
0.302,0.64451
0.303,0.64472
0.304,0.64492
0.305,0.64513
0.306,0.64534
0.307,0.64555
0.308,0.64576
0.309,0.64597
0.31,0.64618
0.311,0.64639
0.312,0.6466
0.313,0.64682
0.314,0.64703
0.315,0.64724
0.316,0.64746
0.317,0.64768
0.318,0.64789
0.319,0.64811
0.32,0.64833
0.321,0.64855
0.322,0.64877
0.323,0.64899
0.324,0.64921
0.325,0.64943
0.326,0.64965
0.327,0.64988
0.328,0.6501
0.329,0.65033
0.33,0.65055
0.331,0.65078
0.332,0.65101
0.333,0.65123
0.334,0.65146
0.335,0.65169
0.336,0.65192
0.337,0.65215
0.338,0.65238
0.339,0.65261
0.34,0.65285
0.341,0.65308
0.342,0.65331
0.343,0.65355
0.344,0.65378
0.345,0.65402
0.346,0.65426
0.347,0.6545
0.348,0.65473
0.349,0.65497
0.35,0.65521
0.351,0.65545
0.352,0.65569
0.353,0.65594
0.354,0.65618
0.355,0.65642
0.356,0.65667
0.357,0.65691
0.358,0.65716
0.359,0.6574
0.36,0.65765
0.361,0.6579
0.362,0.65814
0.363,0.65839
0.364,0.65864
0.365,0.65889
0.366,0.65914
0.367,0.6594
0.368,0.65965
0.369,0.6599
0.37,0.66015
0.371,0.66041
0.372,0.66066
0.373,0.66092
0.374,0.66118
0.375,0.66143
0.376,0.66169
0.377,0.66195
0.378,0.66221
0.379,0.66247
0.38,0.66273
0.381,0.66299
0.382,0.66325
0.383,0.66351
0.384,0.66377
0.385,0.66404
0.386,0.6643
0.387,0.66457
0.388,0.66483
0.389,0.6651
0.39,0.66537
0.391,0.66563
0.392,0.6659
0.393,0.66617
0.394,0.66644
0.395,0.66671
0.396,0.66698
0.397,0.66725
0.398,0.66753
0.399,0.6678
0.4,0.66807
0.401,0.66835
0.402,0.66862
0.403,0.6689
0.404,0.66917
0.405,0.66945
0.406,0.66973
0.407,0.67
0.408,0.67028
0.409,0.67056
0.41,0.67084
0.411,0.67112
0.412,0.6714
0.413,0.67168
0.414,0.67197
0.415,0.67225
0.416,0.67253
0.417,0.67282
0.418,0.6731
0.419,0.67339
0.42,0.67367
0.421,0.67396
0.422,0.67425
0.423,0.67454
0.424,0.67483
0.425,0.67511
0.426,0.6754
0.427,0.6757
0.428,0.67599
0.429,0.67628
0.43,0.67657
0.431,0.67686
0.432,0.67716
0.433,0.67745
0.434,0.67775
0.435,0.67804
0.436,0.67834
0.437,0.67863
0.438,0.67893
0.439,0.67923
0.44,0.67953
0.441,0.67983
0.442,0.68013
0.443,0.68043
0.444,0.68073
0.445,0.68103
0.446,0.68133
0.447,0.68163
0.448,0.68194
0.449,0.68224
0.45,0.68254
0.451,0.68285
0.452,0.68316
0.453,0.68346
0.454,0.68377
0.455,0.68408
0.456,0.68438
0.457,0.68469
0.458,0.685
0.459,0.68531
0.46,0.68562
0.461,0.68593
0.462,0.68624
0.463,0.68656
0.464,0.68687
0.465,0.68718
0.466,0.6875
0.467,0.68781
0.468,0.68812
0.469,0.68844
0.47,0.68876
0.471,0.68907
0.472,0.68939
0.473,0.68971
0.474,0.69003
0.475,0.69034
0.476,0.69066
0.477,0.69098
0.478,0.6913
0.479,0.69163
0.48,0.69195
0.481,0.69227
0.482,0.69259
0.483,0.69292
0.484,0.69324
0.485,0.69356
0.486,0.69389
0.487,0.69422
0.488,0.69454
0.489,0.69487
0.49,0.6952
0.491,0.69552
0.492,0.69585
0.493,0.69618
0.494,0.69651
0.495,0.69684
0.496,0.69717
0.497,0.6975
0.498,0.69783
0.499,0.69817
0.5,0.6985
0.501,0.69883
0.502,0.69916
0.503,0.6995
0.504,0.69983
0.505,0.70017
0.506,0.70051
0.507,0.70084
0.508,0.70118
0.509,0.70152
0.51,0.70185
0.511,0.70219
0.512,0.70253
0.513,0.70287
0.514,0.70321
0.515,0.70355
0.516,0.70389
0.517,0.70424
0.518,0.70458
0.519,0.70492
0.52,0.70526
0.521,0.70561
0.522,0.70595
0.523,0.7063
0.524,0.70664
0.525,0.70699
0.526,0.70733
0.527,0.70768
0.528,0.70803
0.529,0.70838
0.53,0.70872
0.531,0.70907
0.532,0.70942
0.533,0.70977
0.534,0.71012
0.535,0.71047
0.536,0.71082
0.537,0.71118
0.538,0.71153
0.539,0.71188
0.54,0.71224
0.541,0.71259
0.542,0.71294
0.543,0.7133
0.544,0.71365
0.545,0.71401
0.546,0.71437
0.547,0.71472
0.548,0.71508
0.549,0.71544
0.55,0.7158
0.551,0.71616
0.552,0.71651
0.553,0.71687
0.554,0.71723
0.555,0.71759
0.556,0.71796
0.557,0.71832
0.558,0.71868
0.559,0.71904
0.56,0.71941
0.561,0.71977
0.562,0.72013
0.563,0.7205
0.564,0.72086
0.565,0.72123
0.566,0.72159
0.567,0.72196
0.568,0.72233
0.569,0.72269
0.57,0.72306
0.571,0.72343
0.572,0.7238
0.573,0.72417
0.574,0.72454
0.575,0.72491
0.576,0.72528
0.577,0.72565
0.578,0.72602
0.579,0.72639
0.58,0.72677
0.581,0.72714
0.582,0.72751
0.583,0.72788
0.584,0.72826
0.585,0.72863
0.586,0.72901
0.587,0.72938
0.588,0.72976
0.589,0.73014
0.59,0.73051
0.591,0.73089
0.592,0.73127
0.593,0.73165
0.594,0.73202
0.595,0.7324
0.596,0.73278
0.597,0.73316
0.598,0.73354
0.599,0.73392
0.6,0.73431
0.601,0.73469
0.602,0.73507
0.603,0.73545
0.604,0.73583
0.605,0.73622
0.606,0.7366
0.607,0.73699
0.608,0.73737
0.609,0.73776
0.61,0.73814
0.611,0.73853
0.612,0.73891
0.613,0.7393
0.614,0.73969
0.615,0.74007
0.616,0.74046
0.617,0.74085
0.618,0.74124
0.619,0.74163
0.62,0.74202
0.621,0.74241
0.622,0.7428
0.623,0.74319
0.624,0.74358
0.625,0.74397
0.626,0.74436
0.627,0.74476
0.628,0.74515
0.629,0.74554
0.63,0.74594
0.631,0.74633
0.632,0.74672
0.633,0.74712
0.634,0.74751
0.635,0.74791
0.636,0.74831
0.637,0.7487
0.638,0.7491
0.639,0.7495
0.64,0.74989
0.641,0.75029
0.642,0.75069
0.643,0.75109
0.644,0.75149
0.645,0.75189
0.646,0.75229
0.647,0.75269
0.648,0.75309
0.649,0.75349
0.65,0.75389
0.651,0.75429
0.652,0.75469
0.653,0.7551
0.654,0.7555
0.655,0.7559
0.656,0.75631
0.657,0.75671
0.658,0.75712
0.659,0.75752
0.66,0.75793
0.661,0.75833
0.662,0.75874
0.663,0.75914
0.664,0.75955
0.665,0.75996
0.666,0.76036
0.667,0.76077
0.668,0.76118
0.669,0.76159
0.67,0.762
0.671,0.76241
0.672,0.76281
0.673,0.76322
0.674,0.76363
0.675,0.76405
0.676,0.76446
0.677,0.76487
0.678,0.76528
0.679,0.76569
0.68,0.7661
0.681,0.76652
0.682,0.76693
0.683,0.76734
0.684,0.76776
0.685,0.76817
0.686,0.76858
0.687,0.769
0.688,0.76941
0.689,0.76983
0.69,0.77024
0.691,0.77066
0.692,0.77108
0.693,0.77149
0.694,0.77191
0.695,0.77233
0.696,0.77274
0.697,0.77316
0.698,0.77358
0.699,0.774
0.7,0.77442
0.701,0.77484
0.702,0.77526
0.703,0.77568
0.704,0.7761
0.705,0.77652
0.706,0.77694
0.707,0.77736
0.708,0.77778
0.709,0.7782
0.71,0.77862
0.711,0.77905
0.712,0.77947
0.713,0.77989
0.714,0.78032
0.715,0.78074
0.716,0.78116
0.717,0.78159
0.718,0.78201
0.719,0.78244
0.72,0.78286
0.721,0.78329
0.722,0.78371
0.723,0.78414
0.724,0.78457
0.725,0.78499
0.726,0.78542
0.727,0.78585
0.728,0.78627
0.729,0.7867
0.73,0.78713
0.731,0.78756
0.732,0.78799
0.733,0.78842
0.734,0.78885
0.735,0.78928
0.736,0.78971
0.737,0.79014
0.738,0.79057
0.739,0.791
0.74,0.79143
0.741,0.79186
0.742,0.79229
0.743,0.79272
0.744,0.79315
0.745,0.79359
0.746,0.79402
0.747,0.79445
0.748,0.79489
0.749,0.79532
0.75,0.79575
0.751,0.79619
0.752,0.79662
0.753,0.79706
0.754,0.79749
0.755,0.79793
0.756,0.79836
0.757,0.7988
0.758,0.79923
0.759,0.79967
0.76,0.8001
0.761,0.80054
0.762,0.80098
0.763,0.80142
0.764,0.80185
0.765,0.80229
0.766,0.80273
0.767,0.80317
0.768,0.8036
0.769,0.80404
0.77,0.80448
0.771,0.80492
0.772,0.80536
0.773,0.8058
0.774,0.80624
0.775,0.80668
0.776,0.80712
0.777,0.80756
0.778,0.808
0.779,0.80844
0.78,0.80888
0.781,0.80933
0.782,0.80977
0.783,0.81021
0.784,0.81065
0.785,0.8111
0.786,0.81154
0.787,0.81198
0.788,0.81242
0.789,0.81287
0.79,0.81331
0.791,0.81376
0.792,0.8142
0.793,0.81464
0.794,0.81509
0.795,0.81553
0.796,0.81598
0.797,0.81642
0.798,0.81687
0.799,0.81731
0.8,0.81776
0.801,0.81821
0.802,0.81865
0.803,0.8191
0.804,0.81955
0.805,0.81999
0.806,0.82044
0.807,0.82089
0.808,0.82133
0.809,0.82178
0.81,0.82223
0.811,0.82268
0.812,0.82313
0.813,0.82358
0.814,0.82402
0.815,0.82447
0.816,0.82492
0.817,0.82537
0.818,0.82582
0.819,0.82627
0.82,0.82672
0.821,0.82717
0.822,0.82762
0.823,0.82807
0.824,0.82852
0.825,0.82897
0.826,0.82942
0.827,0.82988
0.828,0.83033
0.829,0.83078
0.83,0.83123
0.831,0.83168
0.832,0.83214
0.833,0.83259
0.834,0.83304
0.835,0.83349
0.836,0.83395
0.837,0.8344
0.838,0.83485
0.839,0.83531
0.84,0.83576
0.841,0.83621
0.842,0.83667
0.843,0.83712
0.844,0.83758
0.845,0.83803
0.846,0.83848
0.847,0.83894
0.848,0.83939
0.849,0.83985
0.85,0.84031
0.851,0.84076
0.852,0.84122
0.853,0.84167
0.854,0.84213
0.855,0.84258
0.856,0.84304
0.857,0.8435
0.858,0.84395
0.859,0.84441
0.86,0.84487
0.861,0.84532
0.862,0.84578
0.863,0.84624
0.864,0.8467
0.865,0.84715
0.866,0.84761
0.867,0.84807
0.868,0.84853
0.869,0.84899
0.87,0.84944
0.871,0.8499
0.872,0.85036
0.873,0.85082
0.874,0.85128
0.875,0.85174
0.876,0.8522
0.877,0.85266
0.878,0.85312
0.879,0.85358
0.88,0.85403
0.881,0.85449
0.882,0.85495
0.883,0.85541
0.884,0.85587
0.885,0.85634
0.886,0.8568
0.887,0.85726
0.888,0.85772
0.889,0.85818
0.89,0.85864
0.891,0.8591
0.892,0.85956
0.893,0.86002
0.894,0.86048
0.895,0.86094
0.896,0.86141
0.897,0.86187
0.898,0.86233
0.899,0.86279
0.9,0.86325
0.901,0.86372
0.902,0.86418
0.903,0.86464
0.904,0.8651
0.905,0.86557
0.906,0.86603
0.907,0.86649
0.908,0.86695
0.909,0.86742
0.91,0.86788
0.911,0.86834
0.912,0.86881
0.913,0.86927
0.914,0.86973
0.915,0.8702
0.916,0.87066
0.917,0.87112
0.918,0.87159
0.919,0.87205
0.92,0.87252
0.921,0.87298
0.922,0.87344
0.923,0.87391
0.924,0.87437
0.925,0.87484
0.926,0.8753
0.927,0.87577
0.928,0.87623
0.929,0.8767
0.93,0.87716
0.931,0.87763
0.932,0.87809
0.933,0.87856
0.934,0.87902
0.935,0.87949
0.936,0.87995
0.937,0.88042
0.938,0.88088
0.939,0.88135
0.94,0.88181
0.941,0.88228
0.942,0.88274
0.943,0.88321
0.944,0.88368
0.945,0.88414
0.946,0.88461
0.947,0.88507
0.948,0.88554
0.949,0.88601
0.95,0.88647
0.951,0.88694
0.952,0.8874
0.953,0.88787
0.954,0.88834
0.955,0.8888
0.956,0.88927
0.957,0.88974
0.958,0.8902
0.959,0.89067
0.96,0.89114
0.961,0.8916
0.962,0.89207
0.963,0.89254
0.964,0.893
0.965,0.89347
0.966,0.89394
0.967,0.8944
0.968,0.89487
0.969,0.89534
0.97,0.8958
0.971,0.89627
0.972,0.89674
0.973,0.89721
0.974,0.89767
0.975,0.89814
0.976,0.89861
0.977,0.89907
0.978,0.89954
0.979,0.90001
0.98,0.90048
0.981,0.90094
0.982,0.90141
0.983,0.90188
0.984,0.90235
0.985,0.90281
0.986,0.90328
0.987,0.90375
0.988,0.90422
0.989,0.90468
0.99,0.90515
0.991,0.90562
0.992,0.90608
0.993,0.90655
0.994,0.90702
0.995,0.90749
0.996,0.90795
0.997,0.90842
0.998,0.90889
0.999,0.90936
1,0.90982
