pcorrect_com_x_fit,pcorrect_com_y_fit
0,0.50325
0.0256,0.50351
0.0512,0.50378
0.0768,0.50404
0.1024,0.50431
0.128,0.50457
0.1536,0.50483
0.1792,0.5051
0.2048,0.50536
0.2304,0.50562
0.256,0.50589
0.2816,0.50615
0.3072,0.50641
0.3328,0.50667
0.3584,0.50694
0.384,0.5072
0.4096,0.50746
0.4352,0.50772
0.4608,0.50798
0.4864,0.50824
0.512,0.50851
0.5376,0.50877
0.5632,0.50903
0.5888,0.50929
0.6144,0.50955
0.64,0.50981
0.6656,0.51007
0.6912,0.51033
0.7168,0.51059
0.7424,0.51085
0.768,0.51111
0.7936,0.51136
0.8192,0.51162
0.8448,0.51188
0.8704,0.51214
0.896,0.5124
0.9216,0.51266
0.9472,0.51291
0.9728,0.51317
0.9984,0.51343
1.024,0.51369
1.0496,0.51394
1.0752,0.5142
1.1008,0.51446
1.1264,0.51471
1.152,0.51497
1.1776,0.51522
1.2032,0.51548
1.2288,0.51574
1.2544,0.51599
1.28,0.51625
1.3056,0.5165
1.3312,0.51676
1.3568,0.51701
1.3824,0.51727
1.408,0.51752
1.4336,0.51777
1.4592,0.51803
1.4848,0.51828
1.5104,0.51854
1.536,0.51879
1.5616,0.51904
1.5872,0.51929
1.6128,0.51955
1.6384,0.5198
1.664,0.52005
1.6896,0.5203
1.7152,0.52056
1.7408,0.52081
1.7664,0.52106
1.792,0.52131
1.8176,0.52156
1.8432,0.52181
1.8688,0.52206
1.8944,0.52232
1.92,0.52257
1.9456,0.52282
1.9712,0.52307
1.9968,0.52332
2.0224,0.52357
2.048,0.52381
2.0736,0.52406
2.0992,0.52431
2.1248,0.52456
2.1504,0.52481
2.176,0.52506
2.2016,0.52531
2.2272,0.52556
2.2528,0.5258
2.2784,0.52605
2.304,0.5263
2.3296,0.52655
2.3552,0.52679
2.3808,0.52704
2.4064,0.52729
2.432,0.52753
2.4576,0.52778
2.4832,0.52803
2.5088,0.52827
2.5344,0.52852
2.56,0.52876
2.5856,0.52901
2.6112,0.52925
2.6368,0.5295
2.6624,0.52974
2.688,0.52999
2.7136,0.53023
2.7392,0.53048
2.7648,0.53072
2.7904,0.53097
2.816,0.53121
2.8416,0.53145
2.8672,0.5317
2.8928,0.53194
2.9184,0.53218
2.944,0.53242
2.9696,0.53267
2.9952,0.53291
3.0208,0.53315
3.0464,0.53339
3.072,0.53364
3.0976,0.53388
3.1232,0.53412
3.1488,0.53436
3.1744,0.5346
3.2,0.53484
3.2256,0.53508
3.2512,0.53532
3.2768,0.53556
3.3024,0.5358
3.328,0.53604
3.3536,0.53628
3.3792,0.53652
3.4048,0.53676
3.4304,0.537
3.456,0.53724
3.4816,0.53748
3.5072,0.53772
3.5328,0.53795
3.5584,0.53819
3.584,0.53843
3.6096,0.53867
3.6352,0.53891
3.6608,0.53914
3.6864,0.53938
3.712,0.53962
3.7376,0.53985
3.7632,0.54009
3.7888,0.54033
3.8144,0.54056
3.84,0.5408
3.8656,0.54103
3.8912,0.54127
3.9168,0.54151
3.9424,0.54174
3.968,0.54198
3.9936,0.54221
4.0192,0.54244
4.0448,0.54268
4.0704,0.54291
4.096,0.54315
4.1216,0.54338
4.1472,0.54362
4.1728,0.54385
4.1984,0.54408
4.224,0.54431
4.2496,0.54455
4.2752,0.54478
4.3008,0.54501
4.3264,0.54525
4.352,0.54548
4.3776,0.54571
4.4032,0.54594
4.4288,0.54617
4.4544,0.5464
4.48,0.54664
4.5056,0.54687
4.5312,0.5471
4.5568,0.54733
4.5824,0.54756
4.608,0.54779
4.6336,0.54802
4.6592,0.54825
4.6848,0.54848
4.7104,0.54871
4.736,0.54894
4.7616,0.54916
4.7872,0.54939
4.8128,0.54962
4.8384,0.54985
4.864,0.55008
4.8896,0.55031
4.9152,0.55054
4.9408,0.55076
4.9664,0.55099
4.992,0.55122
5.0176,0.55144
5.0432,0.55167
5.0688,0.5519
5.0944,0.55212
5.12,0.55235
5.1456,0.55258
5.1712,0.5528
5.1968,0.55303
5.2224,0.55325
5.248,0.55348
5.2736,0.55371
5.2992,0.55393
5.3248,0.55415
5.3504,0.55438
5.376,0.5546
5.4016,0.55483
5.4272,0.55505
5.4528,0.55528
5.4784,0.5555
5.504,0.55572
5.5296,0.55595
5.5552,0.55617
5.5808,0.55639
5.6064,0.55661
5.632,0.55684
5.6576,0.55706
5.6832,0.55728
5.7088,0.5575
5.7344,0.55773
5.76,0.55795
5.7856,0.55817
5.8112,0.55839
5.8368,0.55861
5.8624,0.55883
5.888,0.55905
5.9136,0.55927
5.9392,0.55949
5.9648,0.55971
5.9904,0.55993
6.016,0.56015
6.0416,0.56037
6.0672,0.56059
6.0928,0.56081
6.1184,0.56103
6.144,0.56125
6.1696,0.56146
6.1952,0.56168
6.2208,0.5619
6.2464,0.56212
6.272,0.56234
6.2976,0.56255
6.3232,0.56277
6.3488,0.56299
6.3744,0.56321
6.4,0.56342
6.4256,0.56364
6.4512,0.56385
6.4768,0.56407
6.5024,0.56429
6.528,0.5645
6.5536,0.56472
6.5792,0.56493
6.6048,0.56515
6.6304,0.56536
6.656,0.56558
6.6816,0.56579
6.7072,0.56601
6.7328,0.56622
6.7584,0.56644
6.784,0.56665
6.8096,0.56686
6.8352,0.56708
6.8608,0.56729
6.8864,0.5675
6.912,0.56772
6.9376,0.56793
6.9632,0.56814
6.9888,0.56835
7.0144,0.56856
7.04,0.56878
7.0656,0.56899
7.0912,0.5692
7.1168,0.56941
7.1424,0.56962
7.168,0.56983
7.1936,0.57004
7.2192,0.57025
7.2448,0.57046
7.2704,0.57067
7.296,0.57088
7.3216,0.57109
7.3472,0.5713
7.3728,0.57151
7.3984,0.57172
7.424,0.57193
7.4496,0.57214
7.4752,0.57235
7.5008,0.57256
7.5264,0.57277
7.552,0.57297
7.5776,0.57318
7.6032,0.57339
7.6288,0.5736
7.6544,0.5738
7.68,0.57401
7.7056,0.57422
7.7312,0.57442
7.7568,0.57463
7.7824,0.57484
7.808,0.57504
7.8336,0.57525
7.8592,0.57545
7.8848,0.57566
7.9104,0.57587
7.936,0.57607
7.9616,0.57628
7.9872,0.57648
8.0128,0.57668
8.0384,0.57689
8.064,0.57709
8.0896,0.5773
8.1152,0.5775
8.1408,0.5777
8.1664,0.57791
8.192,0.57811
8.2176,0.57831
8.2432,0.57852
8.2688,0.57872
8.2944,0.57892
8.32,0.57912
8.3456,0.57933
8.3712,0.57953
8.3968,0.57973
8.4224,0.57993
8.448,0.58013
8.4736,0.58033
8.4992,0.58053
8.5248,0.58074
8.5504,0.58094
8.576,0.58114
8.6016,0.58134
8.6272,0.58154
8.6528,0.58174
8.6784,0.58194
8.704,0.58213
8.7296,0.58233
8.7552,0.58253
8.7808,0.58273
8.8064,0.58293
8.832,0.58313
8.8576,0.58333
8.8832,0.58352
8.9088,0.58372
8.9344,0.58392
8.96,0.58412
8.9856,0.58431
9.0112,0.58451
9.0368,0.58471
9.0624,0.5849
9.088,0.5851
9.1136,0.5853
9.1392,0.58549
9.1648,0.58569
9.1904,0.58589
9.216,0.58608
9.2416,0.58628
9.2672,0.58647
9.2928,0.58667
9.3184,0.58686
9.344,0.58706
9.3696,0.58725
9.3952,0.58744
9.4208,0.58764
9.4464,0.58783
9.472,0.58802
9.4976,0.58822
9.5232,0.58841
9.5488,0.5886
9.5744,0.5888
9.6,0.58899
9.6256,0.58918
9.6512,0.58937
9.6768,0.58957
9.7024,0.58976
9.728,0.58995
9.7536,0.59014
9.7792,0.59033
9.8048,0.59052
9.8304,0.59071
9.856,0.59091
9.8816,0.5911
9.9072,0.59129
9.9328,0.59148
9.9584,0.59167
9.984,0.59186
10.01,0.59205
10.035,0.59223
10.061,0.59242
10.086,0.59261
10.112,0.5928
10.138,0.59299
10.163,0.59318
10.189,0.59337
10.214,0.59355
10.24,0.59374
10.266,0.59393
10.291,0.59412
10.317,0.5943
10.342,0.59449
10.368,0.59468
10.394,0.59486
10.419,0.59505
10.445,0.59524
10.47,0.59542
10.496,0.59561
10.522,0.59579
10.547,0.59598
10.573,0.59617
10.598,0.59635
10.624,0.59654
10.65,0.59672
10.675,0.5969
10.701,0.59709
10.726,0.59727
10.752,0.59746
10.778,0.59764
10.803,0.59782
10.829,0.59801
10.854,0.59819
10.88,0.59837
10.906,0.59856
10.931,0.59874
10.957,0.59892
10.982,0.5991
11.008,0.59929
11.034,0.59947
11.059,0.59965
11.085,0.59983
11.11,0.60001
11.136,0.60019
11.162,0.60037
11.187,0.60055
11.213,0.60073
11.238,0.60091
11.264,0.60109
11.29,0.60127
11.315,0.60145
11.341,0.60163
11.366,0.60181
11.392,0.60199
11.418,0.60217
11.443,0.60235
11.469,0.60253
11.494,0.60271
11.52,0.60288
11.546,0.60306
11.571,0.60324
11.597,0.60342
11.622,0.6036
11.648,0.60377
11.674,0.60395
11.699,0.60413
11.725,0.6043
11.75,0.60448
11.776,0.60466
11.802,0.60483
11.827,0.60501
11.853,0.60518
11.878,0.60536
11.904,0.60553
11.93,0.60571
11.955,0.60588
11.981,0.60606
12.006,0.60623
12.032,0.60641
12.058,0.60658
12.083,0.60675
12.109,0.60693
12.134,0.6071
12.16,0.60728
12.186,0.60745
12.211,0.60762
12.237,0.60779
12.262,0.60797
12.288,0.60814
12.314,0.60831
12.339,0.60848
12.365,0.60865
12.39,0.60883
12.416,0.609
12.442,0.60917
12.467,0.60934
12.493,0.60951
12.518,0.60968
12.544,0.60985
12.57,0.61002
12.595,0.61019
12.621,0.61036
12.646,0.61053
12.672,0.6107
12.698,0.61087
12.723,0.61104
12.749,0.61121
12.774,0.61138
12.8,0.61155
12.826,0.61171
12.851,0.61188
12.877,0.61205
12.902,0.61222
12.928,0.61238
12.954,0.61255
12.979,0.61272
13.005,0.61289
13.03,0.61305
13.056,0.61322
13.082,0.61339
13.107,0.61355
13.133,0.61372
13.158,0.61388
13.184,0.61405
13.21,0.61421
13.235,0.61438
13.261,0.61455
13.286,0.61471
13.312,0.61487
13.338,0.61504
13.363,0.6152
13.389,0.61537
13.414,0.61553
13.44,0.61569
13.466,0.61586
13.491,0.61602
13.517,0.61618
13.542,0.61635
13.568,0.61651
13.594,0.61667
13.619,0.61684
13.645,0.617
13.67,0.61716
13.696,0.61732
13.722,0.61748
13.747,0.61764
13.773,0.61781
13.798,0.61797
13.824,0.61813
13.85,0.61829
13.875,0.61845
13.901,0.61861
13.926,0.61877
13.952,0.61893
13.978,0.61909
14.003,0.61925
14.029,0.61941
14.054,0.61957
14.08,0.61972
14.106,0.61988
14.131,0.62004
14.157,0.6202
14.182,0.62036
14.208,0.62052
14.234,0.62067
14.259,0.62083
14.285,0.62099
14.31,0.62114
14.336,0.6213
14.362,0.62146
14.387,0.62162
14.413,0.62177
14.438,0.62193
14.464,0.62208
14.49,0.62224
14.515,0.62239
14.541,0.62255
14.566,0.62271
14.592,0.62286
14.618,0.62302
14.643,0.62317
14.669,0.62332
14.694,0.62348
14.72,0.62363
14.746,0.62379
14.771,0.62394
14.797,0.62409
14.822,0.62425
14.848,0.6244
14.874,0.62455
14.899,0.62471
14.925,0.62486
14.95,0.62501
14.976,0.62516
15.002,0.62531
15.027,0.62547
15.053,0.62562
15.078,0.62577
15.104,0.62592
15.13,0.62607
15.155,0.62622
15.181,0.62637
15.206,0.62652
15.232,0.62667
15.258,0.62682
15.283,0.62697
15.309,0.62712
15.334,0.62727
15.36,0.62742
15.386,0.62757
15.411,0.62772
15.437,0.62787
15.462,0.62802
15.488,0.62816
15.514,0.62831
15.539,0.62846
15.565,0.62861
15.59,0.62875
15.616,0.6289
15.642,0.62905
15.667,0.6292
15.693,0.62934
15.718,0.62949
15.744,0.62964
15.77,0.62978
15.795,0.62993
15.821,0.63007
15.846,0.63022
15.872,0.63036
15.898,0.63051
15.923,0.63065
15.949,0.6308
15.974,0.63094
16,0.63109
16.026,0.63123
16.051,0.63138
16.077,0.63152
16.102,0.63166
16.128,0.63181
16.154,0.63195
16.179,0.63209
16.205,0.63224
16.23,0.63238
16.256,0.63252
16.282,0.63266
16.307,0.63281
16.333,0.63295
16.358,0.63309
16.384,0.63323
16.41,0.63337
16.435,0.63351
16.461,0.63365
16.486,0.63379
16.512,0.63394
16.538,0.63408
16.563,0.63422
16.589,0.63436
16.614,0.6345
16.64,0.63464
16.666,0.63477
16.691,0.63491
16.717,0.63505
16.742,0.63519
16.768,0.63533
16.794,0.63547
16.819,0.63561
16.845,0.63574
16.87,0.63588
16.896,0.63602
16.922,0.63616
16.947,0.6363
16.973,0.63643
16.998,0.63657
17.024,0.63671
17.05,0.63684
17.075,0.63698
17.101,0.63711
17.126,0.63725
17.152,0.63739
17.178,0.63752
17.203,0.63766
17.229,0.63779
17.254,0.63793
17.28,0.63806
17.306,0.6382
17.331,0.63833
17.357,0.63846
17.382,0.6386
17.408,0.63873
17.434,0.63887
17.459,0.639
17.485,0.63913
17.51,0.63927
17.536,0.6394
17.562,0.63953
17.587,0.63966
17.613,0.6398
17.638,0.63993
17.664,0.64006
17.69,0.64019
17.715,0.64032
17.741,0.64045
17.766,0.64059
17.792,0.64072
17.818,0.64085
17.843,0.64098
17.869,0.64111
17.894,0.64124
17.92,0.64137
17.946,0.6415
17.971,0.64163
17.997,0.64176
18.022,0.64189
18.048,0.64201
18.074,0.64214
18.099,0.64227
18.125,0.6424
18.15,0.64253
18.176,0.64266
18.202,0.64278
18.227,0.64291
18.253,0.64304
18.278,0.64317
18.304,0.64329
18.33,0.64342
18.355,0.64355
18.381,0.64367
18.406,0.6438
18.432,0.64393
18.458,0.64405
18.483,0.64418
18.509,0.6443
18.534,0.64443
18.56,0.64455
18.586,0.64468
18.611,0.6448
18.637,0.64493
18.662,0.64505
18.688,0.64518
18.714,0.6453
18.739,0.64542
18.765,0.64555
18.79,0.64567
18.816,0.64579
18.842,0.64592
18.867,0.64604
18.893,0.64616
18.918,0.64628
18.944,0.64641
18.97,0.64653
18.995,0.64665
19.021,0.64677
19.046,0.64689
19.072,0.64702
19.098,0.64714
19.123,0.64726
19.149,0.64738
19.174,0.6475
19.2,0.64762
19.226,0.64774
19.251,0.64786
19.277,0.64798
19.302,0.6481
19.328,0.64822
19.354,0.64834
19.379,0.64846
19.405,0.64857
19.43,0.64869
19.456,0.64881
19.482,0.64893
19.507,0.64905
19.533,0.64916
19.558,0.64928
19.584,0.6494
19.61,0.64952
19.635,0.64963
19.661,0.64975
19.686,0.64987
19.712,0.64998
19.738,0.6501
19.763,0.65022
19.789,0.65033
19.814,0.65045
19.84,0.65056
19.866,0.65068
19.891,0.65079
19.917,0.65091
19.942,0.65102
19.968,0.65114
19.994,0.65125
20.019,0.65137
20.045,0.65148
20.07,0.65159
20.096,0.65171
20.122,0.65182
20.147,0.65193
20.173,0.65205
20.198,0.65216
20.224,0.65227
20.25,0.65238
20.275,0.6525
20.301,0.65261
20.326,0.65272
20.352,0.65283
20.378,0.65294
20.403,0.65305
20.429,0.65317
20.454,0.65328
20.48,0.65339
20.506,0.6535
20.531,0.65361
20.557,0.65372
20.582,0.65383
20.608,0.65394
20.634,0.65405
20.659,0.65416
20.685,0.65427
20.71,0.65437
20.736,0.65448
20.762,0.65459
20.787,0.6547
20.813,0.65481
20.838,0.65492
20.864,0.65502
20.89,0.65513
20.915,0.65524
20.941,0.65535
20.966,0.65545
20.992,0.65556
21.018,0.65567
21.043,0.65577
21.069,0.65588
21.094,0.65598
21.12,0.65609
21.146,0.6562
21.171,0.6563
21.197,0.65641
21.222,0.65651
21.248,0.65662
21.274,0.65672
21.299,0.65683
21.325,0.65693
21.35,0.65703
21.376,0.65714
21.402,0.65724
21.427,0.65735
21.453,0.65745
21.478,0.65755
21.504,0.65766
21.53,0.65776
21.555,0.65786
21.581,0.65796
21.606,0.65806
21.632,0.65817
21.658,0.65827
21.683,0.65837
21.709,0.65847
21.734,0.65857
21.76,0.65867
21.786,0.65877
21.811,0.65888
21.837,0.65898
21.862,0.65908
21.888,0.65918
21.914,0.65928
21.939,0.65938
21.965,0.65948
21.99,0.65957
22.016,0.65967
22.042,0.65977
22.067,0.65987
22.093,0.65997
22.118,0.66007
22.144,0.66017
22.17,0.66026
22.195,0.66036
22.221,0.66046
22.246,0.66056
22.272,0.66065
22.298,0.66075
22.323,0.66085
22.349,0.66094
22.374,0.66104
22.4,0.66114
22.426,0.66123
22.451,0.66133
22.477,0.66142
22.502,0.66152
22.528,0.66161
22.554,0.66171
22.579,0.6618
22.605,0.6619
22.63,0.66199
22.656,0.66209
22.682,0.66218
22.707,0.66228
22.733,0.66237
22.758,0.66246
22.784,0.66256
22.81,0.66265
22.835,0.66274
22.861,0.66283
22.886,0.66293
22.912,0.66302
22.938,0.66311
22.963,0.6632
22.989,0.6633
23.014,0.66339
23.04,0.66348
23.066,0.66357
23.091,0.66366
23.117,0.66375
23.142,0.66384
23.168,0.66393
23.194,0.66402
23.219,0.66411
23.245,0.6642
23.27,0.66429
23.296,0.66438
23.322,0.66447
23.347,0.66456
23.373,0.66465
23.398,0.66474
23.424,0.66483
23.45,0.66491
23.475,0.665
23.501,0.66509
23.526,0.66518
23.552,0.66527
23.578,0.66535
23.603,0.66544
23.629,0.66553
23.654,0.66561
23.68,0.6657
23.706,0.66579
23.731,0.66587
23.757,0.66596
23.782,0.66604
23.808,0.66613
23.834,0.66622
23.859,0.6663
23.885,0.66639
23.91,0.66647
23.936,0.66655
23.962,0.66664
23.987,0.66672
24.013,0.66681
24.038,0.66689
24.064,0.66698
24.09,0.66706
24.115,0.66714
24.141,0.66723
24.166,0.66731
24.192,0.66739
24.218,0.66747
24.243,0.66756
24.269,0.66764
24.294,0.66772
24.32,0.6678
24.346,0.66788
24.371,0.66796
24.397,0.66805
24.422,0.66813
24.448,0.66821
24.474,0.66829
24.499,0.66837
24.525,0.66845
24.55,0.66853
24.576,0.66861
24.602,0.66869
24.627,0.66877
24.653,0.66885
24.678,0.66893
24.704,0.669
24.73,0.66908
24.755,0.66916
24.781,0.66924
24.806,0.66932
24.832,0.6694
24.858,0.66947
24.883,0.66955
24.909,0.66963
24.934,0.6697
24.96,0.66978
24.986,0.66986
25.011,0.66993
25.037,0.67001
25.062,0.67009
25.088,0.67016
25.114,0.67024
25.139,0.67031
25.165,0.67039
25.19,0.67047
25.216,0.67054
25.242,0.67061
25.267,0.67069
25.293,0.67076
25.318,0.67084
25.344,0.67091
25.37,0.67099
25.395,0.67106
25.421,0.67113
25.446,0.67121
25.472,0.67128
25.498,0.67135
25.523,0.67142
25.549,0.6715
25.574,0.67157
25.6,0.67164
