lag
258
82
89
112.5
11
90
93.5
0
6.5
11
192
200
139
40
144
112.5
89
256.5
-1.5
81
-118
75
186.5
19
-3.5
91
3
157.5
71
88
-360
11
-0.5
372
205
0
89
-0.5
-1699.5
91
22.5
82.5
147
153.5
37
149
116.5
-170.5
102
56.5
9.5
3
25.5
-0.5
-2402.5
220
0
58.5
140
106.5
86
1
7.5
36.5
95
162
14.5
272
227
162.5
2
-0.5
16
104.5
13.5
0
107
141
93
92
158
113.5
-6
5
120.5
234
0.5
5
61.5
69
0
107
136
-4
147.5
107.5
9.5
200.5
-1551.5
0.5
238.5
92.5
103.5
0
99
195.5
68
95.5
79
-2
97.5
8
83.5
0
140.5
152
-1
116.5
1
151
41.5
7
63.5
109.5
128.5
142
141.5
0
189.5
-30.5
-1.5
-1
100.5
34
112.5
3
132
0
0
108.5
2.5
-8
172
4
9
0
-8.5
105
52
143
270
128.5
19.5
241.5
6
26.5
15
74.5
138
-2.5
150.5
81.5
147.5
88
120
0
458.5
50
7
-21
15
123.5
131.5
2.5
168.5
84
3.5
-854.5
74
51.5
156.5
-0.5
86
-0.5
-3.5
108
116
79
72.5
198
97
-1.5
73.5
5.5
97
4
34.5
5
0
80.5
-1
-0.5
43.5
37.5
142.5
162.5
-1.5
78
220
34.5
155
15.5
154
118
23
109
23
-1.5
158.5
220
91.5
281.5
12.5
127.5
84.5
49.5
189
82
-15
46.5
108
102
-538
119.5
-10
8
-0.5
70
130
240
72.5
150.5
0.5
85.5
56
88
55.5
73.5
104
84.5
27.5
9
38.5
68
338.5
59.5
111.5
0.5
-842
1
129.5
102.5
0
97
189.5
91
0
-6
10.5
111
22
133
-0.5
189.5
120.5
110
78
62
52.5
56.5
81.5
238.5
188.5
55
-383.5
32
24.5
63
5
26.5
75.5
128
-0.5
61
150
97
49.5
106
119.5
93
137.5
97
99
139
-4.5
-15
2
18.5
6.5
97.5
107
-15.5
3
88
28.5
150
150
140
183.5
107.5
140.5
0.5
149.5
91.5
83.5
168.5
16
131
17
354
125
133
90
4.5
74
0
111.5
9.5
51.5
97
127
172
32.5
272.5
1.5
50.5
82
0
29
132.5
-1
56.5
143
92
151.5
-0.5
98.5
270
-21
173
81.5
73.5
98.5
77.5
100.5
0
-1150
137
0
131.5
153.5
118.5
94
7
89
42.5
72.5
89
188
105
233
75.5
-62
141.5
51
0.5
137
0.5
102.5
-2
131
110
169
78.5
61
117.5
22.5
71.5
-17
0
90
143
18.5
104.5
-0.5
143
67.5
74.5
0.5
89
30.5
80
83.5
154
1.5
105.5
56.5
85
0.5
75.5
13.5
62.5
62.5
108
160.5
102.5
67.5
1.5
89
48
4
13.5
82.5
-1065
10
6.5
63.5
74
108.5
112.5
4
56.5
0
-0.5
82
155
143
-1.5
444
84
40.5
14.5
0
0.5
0
0
11.5
119.5
0
43.5
129
69
104.5
17.5
6.5
98.5
50.5
80.5
176.5
11
24.5
46.5
146.5
93.5
-1
63
100
2
358.5
99
-566.5
134.5
171.5
70.5
3
133
67
197.5
174
95.5
192
5.5
122
10.5
-10
96.5
119
57
23
135.5
0
94
79
26.5
86.5
135.5
177
128
-1.5
1
0.5
53
274
141
120.5
174.5
0
218
63
232
232.5
0
180.5
0
0
0.5
39
103.5
0.5
178
122.5
126.5
219
1
100.5
28
107
83.5
27
5
162
43
0.5
-1.5
0
102.5
0
0
0
0
0
0
0
0
0
0
0
0
0
0
0
0
0
0
0
0
0
0
0
0
0
0
0
0
0
0
0
0
0
0
0
0
0
0
0
0
0
0
0
0
0
0
0
0
0
0
0
0
0
0
0
0
0
0
0
0
0
0
0
0
0
0
0
0
0
0
0
0
0
0
0
0
0
0
0
0
0
0
0
0
0
0
0
0
0
0
0
0
0
0
0
0
0
0
0
0
0
0
0
0
0
0
0
0
0
0
0
0
0
0
0
0
0
0
0
0
0
0
0
0
0
0
0
0
0
0
0
0
0
0
0
0
0
0
0
0
0
0
0
0
0
0
0
0
0
0
0
0
0
0
0
0
0
0
0
0
0
0
0
0
0
0
0
0
0
0
0
0
0
0
0
0
0
0
0
0
0
0
0
0
0
0
0
0
0
0
0
0
0
0
0
0
0
0
0
0
0
0
0
0
0
0
0
0
0
0
0
0
0
0
0
0
0
0
0
0
