timestamp,eye_x
1,0
2,0
3,0
4,0
5,0
6,0
7,0
8,0
9,0
10,0
11,0
12,0
13,0
14,0
15,0
16,0
17,0
18,0
19,0
20,0
21,0
22,0
23,0
24,0
25,0
26,0
27,0
28,0
29,0
30,0
31,0
32,0
33,0
34,0
35,0
36,0
37,0
38,0
39,0
40,0
41,0
42,0
43,0
44,0
45,0
46,0
47,0
48,0
49,0
50,0
51,0
52,0
53,0
54,0
55,0
56,0
57,0
58,0
59,0
60,0
61,0
62,0
63,0
64,0
65,0
66,0
67,0
68,0
69,0
70,0
71,0
72,0
73,0
74,0
75,0
76,0
77,0
78,0
79,0
80,0
81,0
82,0
83,0
84,0
85,0
86,0
87,0
88,0
89,0
90,0
91,0
92,0
93,0
94,0
95,0
96,0
97,0
98,0
99,0
100,0
101,0
102,0
103,0
104,0
105,0
106,0
107,0
108,0
109,0
110,0
111,0
112,0
113,0
114,0
115,0
116,0
117,0
118,0
119,0
120,0
121,0
122,0
123,0
124,0
125,0
126,0
127,0
128,0
129,0
130,0
131,0
132,0
133,0
134,0
135,0
136,0
137,0
138,0
139,0
140,0
141,0
142,0
143,0
144,0
145,0
146,0
147,0
148,0
149,0
150,0
151,0
152,0
153,0
154,0
155,0
156,0
157,0
158,0
159,0
160,0
161,0
162,0
163,0
164,0
165,0
166,0
167,0
168,0
169,0
170,0
171,0
172,0
173,0
174,0
175,0
176,0
177,0
178,0
179,0
180,0
181,0
182,0
183,0
184,0
185,0
186,0
187,0
188,0
189,0
190,0
191,0
192,0
193,0
194,0
195,0
196,0
197,0
198,0
199,0
200,0
201,0
202,0
203,0
204,0
205,0
206,0
207,0
208,0
209,0
210,0
211,0
212,0
213,0
214,0
215,0
216,0
217,0
218,0
219,0
220,0
221,0
222,0
223,0
224,0
225,0
226,0
227,0
228,0
229,0
230,0
231,0
232,0
233,0
234,0
235,0
236,0
237,0
238,0
239,0
240,0
241,0
242,0
243,0
244,0
245,0
246,0
247,0
248,0
249,0
250,0
251,0
252,0
253,0
254,0
255,0
256,0
257,0
258,0
259,0
260,0
261,0
262,0
263,0
264,0
265,0
266,0
267,0
268,0
269,0
270,0
271,0
272,0
273,0
274,0
275,0
276,0
277,0
278,0
279,0
280,0
281,0
282,0
283,0
284,0
285,0
286,0
287,0
288,0
289,0
290,0
291,0
292,0
293,0
294,0
295,0
296,0
297,0
298,0
299,0
300,0
301,0
302,0
303,0
304,0
305,0
306,0
307,0
308,0
309,0
310,0
311,0
312,0
313,0
314,0
315,0
316,0
317,0
318,0
319,0
320,0
321,0
322,0
323,0
324,0
325,0
326,0
327,0
328,0
329,0
330,0
331,0
332,0
333,0
334,0
335,0
336,0
337,0
338,0
339,0
340,0
341,0
342,0
343,0
344,0
345,0
346,0
347,0
348,0
349,0
350,0
351,0
352,0
353,0
354,0
355,0
356,0
357,0
358,0
359,0
360,0
361,0
362,0
363,0
364,0
365,0
366,0
367,0
368,0
369,0
370,0
371,0
372,0
373,0
374,0
375,0
376,0
377,0
378,0
379,0
380,0
381,0
382,0
383,0
384,0
385,0
386,0
387,0
388,0
389,0
390,0
391,0
392,0
393,0
394,0
395,0
396,0
397,0
398,0
399,0
400,0
401,0
402,0
403,0
404,0
405,0
406,0
407,0
408,0
409,0
410,0
411,0
412,0
413,0
414,0
415,0
416,0
417,0
418,0
419,0
420,0
421,0
422,0
423,0
424,0
425,0
426,0
427,0
428,0
429,0
430,0
431,0
432,0
433,0
434,0
435,0
436,0
437,0
438,0
439,0
440,0
441,0
442,0
443,0
444,0
445,0
446,0
447,0
448,0
449,0
450,0
451,0
452,0
453,0
454,0
455,0
456,0
457,0
458,0
459,0
460,0
461,0
462,0
463,0
464,0
465,0
466,0
467,0
468,0
469,0
470,0
471,0
472,0
473,0
474,0
475,0
476,0
477,0
478,0
479,0
480,0
481,0
482,0
483,0
484,0
485,0
486,0
487,0
488,0
489,0
490,0
491,0
492,0
493,0
494,0
495,0
496,0
497,0
498,0
499,0
500,0
501,0
502,0
503,0
504,0
505,0
506,0
507,0
508,0
509,0
510,0
511,0
512,0
513,0
514,0
515,0
516,0
517,0
518,0
519,0
520,0
521,0
522,0
523,0
524,0
525,0
526,0
527,0
528,0
529,0
530,0
531,0
532,0
533,0
534,0
535,0
536,0
537,0
538,0
539,0
540,0
541,0
542,0
543,0
544,0
545,0
546,0
547,0
548,0
549,0
550,0
551,0
552,0
553,0
554,0
555,0
556,0
557,0
558,0
559,0
560,0
561,0
562,0
563,0
564,0
565,0
566,0
567,0
568,0
569,0
570,0
571,0
572,0
573,0
574,0
575,0
576,0
577,0
578,0
579,0
580,0
581,0
582,0
583,0
584,0
585,0
586,0
587,0
588,0
589,0
590,0
591,0
592,0
593,0
594,0
595,0
596,0
597,0
598,0
599,0
600,0
601,0
602,0
603,0
604,0
605,0
606,0
607,0
608,0
609,0
610,0
611,0
612,0
613,0
614,0
615,0
616,0
617,0
618,0
619,0
620,0
621,0
622,0
623,0
624,0
625,0
626,0
627,0
628,0
629,0
630,0
631,0
632,0
633,0
634,0
635,0
636,0
637,0
638,0
639,0
640,0
641,0
642,0
643,0
644,0
645,0
646,0
647,0
648,0
649,0
650,0
651,0
652,0
653,0
654,0
655,0
656,0
657,0
658,0
659,0
660,0
661,0
662,0
663,0
664,0
665,0
666,0
667,0
668,0
669,0
670,0
671,0
672,0
673,0
674,0
675,0
676,0
677,0
678,0
679,0
680,0
681,0
682,0
683,0
684,0
685,0
686,0
687,0
688,0
689,0
690,0
691,0
692,0
693,0
694,0
695,0
696,0
697,0
698,0
699,0
700,0
701,0
702,0
703,0
704,0
705,0
706,0
707,0
708,0
709,0
710,0
711,0
712,0
713,0
714,0
715,0
716,0
717,0
718,0
719,0
720,0
721,0
722,0
723,0
724,0
725,0
726,0
727,0
728,0
729,0
730,0
731,0
732,0
733,0
734,0
735,0
736,0
737,0
738,0
739,0
740,0
741,0
742,0
743,0
744,0
745,0
746,0
747,0
748,0
749,0
750,0
751,0
752,0
753,0
754,0
755,0
756,0
757,0
758,0
759,0
760,0
761,0
762,0
763,0
764,0
765,0
766,0
767,0
768,0
769,0
770,0
771,0
772,0
773,0
774,0
775,0
776,0
777,0
778,0
779,0
780,0
781,0
782,0
783,0
784,0
785,0
786,0
787,0
788,0
789,0
790,0
791,0
792,0
793,0
794,0
795,0
796,0
797,0
798,0
799,0
800,0
801,0
802,0
803,0
804,0
805,0
806,0
807,0
808,0
809,0
810,0
811,0
812,0
813,0
814,0
815,0
816,0
817,0
818,0
819,0
820,0
821,0
822,0
823,0
824,0
825,0
826,0
827,0
828,0
829,0
830,0
831,0
832,0
833,0
834,0
835,0
836,0
837,0
838,0
839,0
840,0
841,0
842,0
843,0
844,0
845,0
846,0
847,0
848,0
849,0
850,0
851,0
852,0
853,0
854,0
855,0
856,0
857,0
858,0
859,0
860,0
861,0
862,0
863,0
864,0
865,0
866,0
867,0
868,0
869,0
870,0
871,0
872,0
873,0
874,0
875,0
876,0
877,0
878,0
879,0
880,0
881,0
882,0
883,0
884,0
885,0
886,0
887,0
888,0
889,0
890,0
891,0
892,0
893,0
894,0
895,0
896,0
897,0
898,0
899,0
900,0
901,0
902,0
903,0
904,0
905,0
906,0
907,0
908,0
909,0
910,0
911,0
912,0
913,0
914,0
915,0
916,0
917,0
918,0
919,0
920,0
921,0
922,0
923,0
924,0
925,0
926,0
927,0
928,0
929,0
930,0
931,0
932,0
933,0
934,0
935,0
936,0
937,0
938,0
939,0
940,0
941,0
942,0
943,0
944,0
945,0
946,0
947,0
948,0
949,0
950,0
951,0
952,0
953,0
954,0
955,0
956,0
957,0
958,0
959,0
960,0
961,0
962,0
963,0
964,0
965,0
966,0
967,0
968,0
969,0
970,0
971,0
972,0
973,0
974,0
975,0
976,0
977,0
978,0
979,0
980,0
981,0
982,0
983,0
984,0
985,0
986,0
987,0
988,0
989,0
990,0
991,0
992,0
993,0
994,0
995,0
996,0
997,0
998,0
999,0
1000,0
1001,0
1002,0
1003,0
1004,0
1005,0
1006,0
1007,0
1008,0
1009,0
1010,0
1011,0
1012,0
1013,0
1014,0
1015,0
1016,0
1017,0
1018,0
1019,0
1020,0
1021,0
1022,0
1023,0
1024,0
1025,0
1026,0
1027,0
1028,0
1029,0
1030,0
1031,0
1032,0
1033,0
1034,0
1035,0
1036,0
1037,0
1038,0
1039,0
1040,0
1041,0
1042,0
1043,0
1044,0
1045,0
1046,0
1047,0
1048,0
1049,0
1050,0
1051,0
1052,0
1053,0
1054,0
1055,0
1056,0
1057,0
1058,0
1059,0
1060,0
1061,0
1062,0
1063,0
1064,0
1065,0
1066,0
1067,0
1068,0
1069,0
1070,0
1071,0
1072,0
1073,0
1074,0
1075,0
1076,0
1077,0
1078,0
1079,0
1080,0
1081,0
1082,0
1083,0
1084,0
1085,0
1086,0
1087,0
1088,0
1089,0
1090,0
1091,0
1092,0
1093,0
1094,0
1095,0
1096,0
1097,0
1098,0
1099,0
1100,0
1101,0
1102,0
1103,0
1104,0
1105,0
1106,0
1107,0
1108,0
1109,0
1110,0
1111,0
1112,0
1113,0
1114,0
1115,0
1116,0
1117,0
1118,0
1119,0
1120,0
1121,0
1122,0
1123,0
1124,0
1125,0
1126,0
1127,0
1128,0
1129,0
1130,0
1131,0
1132,0
1133,0
1134,0
1135,0
1136,0
1137,0
1138,0
1139,0
1140,0
1141,0
1142,0
1143,0
1144,0
1145,0
1146,0
1147,0
1148,0
1149,0
1150,0
1151,0
1152,0
1153,0
1154,0
1155,0
1156,0
1157,0
1158,0
1159,0
1160,0
1161,0
1162,0
1163,0
1164,0
1165,0
1166,0
1167,0
1168,0
1169,0
1170,0
1171,0
1172,0
1173,0
1174,0
1175,0
1176,0
1177,0
1178,0
1179,0
1180,0
1181,0
1182,0
1183,0
1184,0
1185,0
1186,0
1187,0
1188,0
1189,0
1190,0
1191,0
1192,0
1193,0
1194,0
1195,0
1196,0
1197,0
1198,0
1199,0
1200,0
1201,0
1202,0
1203,0
1204,0
1205,0
1206,0
1207,0
1208,0
1209,0
1210,0
1211,0
1212,0
1213,0
1214,0
1215,0
1216,0
1217,0
1218,0
1219,0
1220,0
1221,0
1222,0
1223,0
1224,0
1225,0
1226,0
1227,0
1228,0
1229,0
1230,0
1231,0
1232,0
1233,0
1234,0
1235,0
1236,0
1237,0
1238,0
1239,0
1240,0
1241,0
1242,0
1243,0
1244,0
1245,0
1246,0
1247,0
1248,0
1249,0
1250,0
1251,0
1252,0
1253,0
1254,0
1255,0
1256,0
1257,0
1258,0
1259,0
1260,0
1261,0
1262,0
1263,0
1264,0
1265,0
1266,0
1267,0
1268,0
1269,0
1270,0
1271,0
1272,0
1273,0
1274,0
1275,0
1276,0
1277,0
1278,0
1279,0
1280,0
1281,0
1282,0
1283,0
1284,0
1285,0
1286,0
1287,0
1288,0
1289,0
1290,0
1291,0
1292,0
1293,0
1294,0
1295,0
1296,0
1297,0
1298,0
1299,0
1300,0
1301,0
1302,0
1303,0
1304,0
1305,0
1306,0
1307,0
1308,0
1309,0
1310,0
1311,0
1312,0
1313,0
1314,0
1315,0
1316,0
1317,0
1318,0
1319,0
1320,0
1321,0
1322,0
1323,0
1324,0
1325,0
1326,0
1327,0
1328,0
1329,0
1330,0
1331,0
1332,0
1333,0
1334,0
1335,0
1336,0
1337,0
1338,0
1339,0
1340,0
1341,0
1342,0
1343,0
1344,0
1345,0
1346,0
1347,0
1348,0
1349,0
1350,0
1351,0
1352,0
1353,0
1354,0
1355,0
1356,0
1357,0
1358,0
1359,0
1360,0
1361,0
1362,0
1363,0
1364,0
1365,0
1366,0
1367,0
1368,0
1369,0
1370,0
1371,0
1372,0
1373,0
1374,0
1375,0
1376,0
1377,0
1378,0
1379,0
1380,0
1381,0
1382,0
1383,0
1384,0
1385,0
1386,0
1387,0
1388,0
1389,0
1390,0
1391,0
1392,0
1393,0
1394,0
1395,0
1396,0
1397,0
1398,0
1399,0
1400,0
1401,0
1402,0
1403,0
1404,0
1405,0
1406,0
1407,0
1408,0
1409,0
1410,0
1411,0
1412,0
1413,0
1414,0
1415,0
1416,0
1417,0
1418,0
1419,0
1420,0
1421,0
1422,0
1423,0
1424,0
1425,0
1426,0
1427,0
1428,0
1429,0
1430,0
1431,0
1432,0
1433,0
1434,0
1435,0
1436,0
1437,0
1438,0
1439,0
1440,0
1441,0
1442,0
1443,0
1444,0
1445,0
1446,0
1447,0
1448,0
1449,0
1450,0
1451,0
1452,0
1453,0
1454,0
1455,0
1456,0
1457,0
1458,0
1459,0
1460,0
1461,0
1462,0
1463,0
1464,0
1465,0
1466,0
1467,0
1468,0
1469,0
1470,0
1471,0
1472,0
1473,0
1474,0
1475,0
1476,0
1477,0
1478,0
1479,0
1480,0
1481,0
1482,0
1483,0
1484,0
1485,0
1486,0
1487,0
1488,0
1489,0
1490,0
1491,0
1492,0
1493,0
1494,0
1495,0
1496,0
1497,0
1498,0
1499,0
1500,0
1501,0
1502,0
1503,0
1504,0
1505,0
1506,0
1507,0
1508,0
1509,0
1510,0
1511,0
1512,0
1513,0
1514,0
1515,0
1516,0
1517,0
1518,0
1519,0
1520,0
1521,0
1522,0
1523,0
1524,0
1525,0
1526,0
1527,0
1528,0
1529,0
1530,0
1531,0
1532,0
1533,0
1534,0
1535,0
1536,0
1537,0
1538,0
1539,0
1540,0
1541,0
1542,0
1543,0
1544,0
1545,0
1546,0
1547,0
1548,0
1549,0
1550,0
1551,0
1552,0
1553,0
1554,0
1555,0
1556,0
1557,0
1558,0
1559,0
1560,0
1561,0
1562,0
1563,0
1564,0
1565,0
1566,0
1567,0
1568,0
1569,0
1570,0
1571,0
1572,0
1573,0
1574,0
1575,0
1576,0
1577,0
1578,0
1579,0
1580,0
1581,0
1582,0
1583,0
1584,0
1585,0
1586,0
1587,0
1588,0
1589,0
1590,0
1591,0
1592,0
1593,0
1594,0
1595,0
1596,0
1597,0
1598,0
1599,0
1600,0
1601,0
1602,0
1603,0
1604,0
1605,0
1606,0
1607,0
1608,0
1609,0
1610,0
1611,0
1612,0
1613,0
1614,0
1615,0
1616,0
1617,0
1618,0
1619,0
1620,0
1621,0
1622,0
1623,0
1624,0
1625,0
1626,0
1627,0
1628,0
1629,0
1630,0
1631,0
1632,0
1633,0
1634,0
1635,0
1636,0
1637,0
1638,0
1639,0
1640,0
1641,0
1642,0
1643,0
1644,0
1645,0
1646,0
1647,0
1648,0
1649,0
1650,0
1651,0
1652,0
1653,0
1654,0
1655,0
1656,0
1657,0
1658,0
1659,0
1660,0
1661,0
1662,0
1663,0
1664,0
1665,0
1666,0
1667,0
1668,0
1669,0
1670,0
1671,0
1672,0
1673,0
1674,0
1675,0
1676,0
1677,0
1678,0
1679,0
1680,0
1681,0
1682,0
1683,0
1684,0
1685,0
1686,0
1687,0
1688,0
1689,0
1690,0
1691,0
1692,0
1693,0
1694,0
1695,0
1696,0
1697,0
1698,0
1699,0
1700,0
1701,0
1702,0
1703,0
1704,0
1705,0
1706,0
1707,0
1708,0
1709,0
1710,0
1711,0
1712,0
1713,0
1714,0
1715,0
1716,0
1717,0
1718,0
1719,0
1720,0
1721,0
1722,0
1723,0
1724,0
1725,0
1726,0
1727,0
1728,0
1729,0
1730,0
1731,0
1732,0
1733,0
1734,0
1735,0
1736,0
1737,0
1738,0
1739,0
1740,0
1741,0
1742,0
1743,0
1744,0
1745,0
1746,0
1747,0
1748,0
1749,0
1750,0
1751,0
1752,0
1753,0
1754,0
1755,0
1756,0
1757,0
1758,0
1759,0
1760,0
1761,0
1762,0
1763,0
1764,0
1765,0
1766,0
1767,0
1768,0
1769,0
1770,0
1771,0
1772,0
1773,0
1774,0
1775,0
1776,0
1777,0
1778,0
1779,0
1780,0
1781,0
1782,0
1783,0
1784,0
1785,0
1786,0
1787,0
1788,0
1789,0
1790,0
1791,0
1792,0
1793,0
1794,0
1795,0
1796,0
1797,0
1798,0
1799,0
1800,0
1801,0
1802,0
1803,0
1804,0
1805,0
1806,0
1807,0
1808,0
1809,0
1810,0
1811,0
1812,0
1813,0
1814,0
1815,0
1816,0
1817,0
1818,0
1819,0
1820,0
1821,0
1822,0
1823,0
1824,0
1825,0
1826,0
1827,0
1828,0
1829,0
1830,0
1831,0
1832,0
1833,0
1834,0
1835,0
1836,0
1837,0
1838,0
1839,0
1840,0
1841,0
1842,0
1843,0
1844,0
1845,0
1846,0
1847,0
1848,0
1849,0
1850,0
1851,0
1852,0
1853,0
1854,0
1855,0
1856,0
1857,0
1858,0
1859,0
1860,0
1861,0
1862,0
1863,0
1864,0
1865,0
1866,0
1867,0
1868,0
1869,0
1870,0
1871,0
1872,0
1873,0
1874,0
1875,0
1876,0
1877,0
1878,0
1879,0
1880,0
1881,0
1882,0
1883,0
1884,0
1885,0
1886,0
1887,0
1888,0
1889,0
1890,0
1891,0
1892,0
1893,0
1894,0
1895,0
1896,0
1897,0
1898,0
1899,0
1900,0
1901,0
1902,0
1903,0
1904,0
1905,0
1906,0
1907,0
1908,0
1909,0
1910,0
1911,0
1912,0
1913,0
1914,0
1915,0
1916,0
1917,0
1918,0
1919,0
1920,0
1921,0
1922,0
1923,0
1924,0
1925,0
1926,0
1927,0
1928,0
1929,0
1930,0
1931,0
1932,0
1933,0
1934,0
1935,0
1936,0
1937,0
1938,0
1939,0
1940,0
1941,0
1942,0
1943,0
1944,0
1945,0
1946,0
1947,0
1948,0
1949,0
1950,0
1951,0
1952,0
1953,0
1954,0
1955,0
1956,0
1957,0
1958,0
1959,0
1960,0
1961,0
1962,0
1963,0
1964,0
1965,0
1966,0
1967,0
1968,0
1969,0
1970,0
1971,0
1972,0
1973,0
1974,0
1975,0
1976,0
1977,0
1978,0
1979,0
1980,0
1981,0
1982,0
1983,0
1984,0
1985,0
1986,0
1987,0
1988,0
1989,0
1990,0
1991,0
1992,0
1993,0
1994,0
1995,0
1996,0
1997,0
1998,0
1999,0
2000,0
2001,0
2002,0
2003,0
2004,0
2005,0
2006,0
2007,0
2008,0
2009,0
2010,0
2011,0
2012,0
2013,0
2014,0
2015,0
2016,0
2017,0
2018,0
2019,0
2020,0
2021,0
2022,0
2023,0
2024,0
2025,0
2026,0
2027,0
2028,0
2029,0
2030,0
2031,0
2032,0
2033,0
2034,0
2035,0
2036,0
2037,0
2038,0
2039,0
2040,0
2041,0
2042,0
2043,0
2044,0
2045,0
2046,0
2047,0
2048,0
2049,0
2050,0
2051,0
2052,0
2053,0
2054,0
2055,0
2056,0
2057,0
2058,0
2059,0
2060,0
2061,0
2062,0
2063,0
2064,0
2065,0
2066,0
2067,0
2068,0
2069,0
2070,0
2071,0
2072,0
2073,0
2074,0
2075,0
2076,0
2077,0
2078,0
2079,0
2080,0
2081,0
2082,0
2083,0
2084,0
2085,0
2086,0
2087,0
2088,0
2089,0
2090,0
2091,0
2092,0
2093,0
2094,0
2095,0
2096,0
2097,0
2098,0
2099,0
2100,0
2101,0
2102,0
2103,0
2104,0
2105,0
2106,0
2107,0
2108,0
2109,0
2110,0
2111,0
2112,0
2113,0
2114,0
2115,0
2116,0
2117,0
2118,0
2119,0
2120,0
2121,0
2122,0
2123,0
2124,0
2125,0
2126,0
2127,0
2128,0
2129,0
2130,0
2131,0
2132,0
2133,0
2134,0
2135,0
2136,0
2137,0
2138,0
2139,0
2140,0
2141,0
2142,0
2143,0
2144,0
2145,0
2146,0
2147,0
2148,0
2149,0
2150,0
2151,0
2152,0
2153,0
2154,0
2155,0
2156,0
2157,0
2158,0
2159,0
2160,0
2161,0
2162,0
2163,0
2164,0
2165,0
2166,0
2167,0
2168,0
2169,0
2170,0
2171,0
2172,0
2173,0
2174,0
2175,0
2176,0
2177,0
2178,0
2179,0
2180,0
2181,0
2182,0
2183,0
2184,0
2185,0
2186,0
2187,0
2188,0
2189,0
2190,0
2191,0
2192,0
2193,0
2194,0
2195,0
2196,0
2197,0
2198,0
2199,0
2200,0
2201,0
2202,0
2203,0
2204,0
2205,0
2206,0
2207,0
2208,0
2209,0
2210,0
2211,0
2212,0
2213,0
2214,0
2215,0
2216,0
2217,0
2218,0
2219,0
2220,0
2221,0
2222,0
2223,0
2224,0
2225,0
2226,0
2227,0
2228,0
2229,0
2230,0
2231,0
2232,0
2233,0
2234,0
2235,0
2236,0
2237,0
2238,0
2239,0
2240,0
2241,0
2242,0
2243,0
2244,0
2245,0
2246,0
2247,0
2248,0
2249,0
2250,0
2251,0
2252,0
2253,0
2254,0
2255,0
2256,0
2257,0
2258,0
2259,0
2260,0
2261,0
2262,0
2263,0
2264,0
2265,0
2266,0
2267,0
2268,0
2269,0
2270,0
2271,0
2272,0
2273,0
2274,0
2275,0
2276,0
2277,0
2278,0
2279,0
2280,0
2281,0
2282,0
2283,0
2284,0
2285,0
2286,0
2287,0
2288,0
2289,0
2290,0
2291,0
2292,0
2293,0
2294,0
2295,0
2296,0
2297,0
2298,0
2299,0
2300,0
2301,0
2302,0
2303,0
2304,0
2305,0
2306,0
2307,0
2308,0
2309,0
2310,0
2311,0
2312,0
2313,0
2314,0
2315,0
2316,0
2317,0
2318,0
2319,0
2320,0
2321,0
2322,0
2323,0
2324,0
2325,0
2326,0
2327,0
2328,0
2329,0
2330,0
2331,0
2332,0
2333,0
2334,0
2335,0
2336,0
2337,0
2338,0
2339,0
2340,0
2341,0
2342,0
2343,0
2344,0
2345,0
2346,0
2347,0
2348,0
2349,0
2350,0
2351,0
2352,0
2353,0
2354,0
2355,0
2356,0
2357,0
2358,0
2359,0
2360,0
2361,0
2362,0
2363,0
2364,0
2365,0
2366,0
2367,0
2368,0
2369,0
2370,0
2371,0
2372,0
2373,0
2374,0
2375,0
2376,0
2377,0
2378,0
2379,0
2380,0
2381,0
2382,0
2383,0
2384,0
2385,0
2386,0
2387,0
2388,0
2389,0
2390,0
2391,0
2392,0
2393,0
2394,0
2395,0
2396,0
2397,0
2398,0
2399,0
2400,0
2401,0
2402,0
2403,0
2404,0
2405,0
2406,0
2407,0
2408,0
2409,0
2410,0
2411,0
2412,0
2413,0
2414,0
2415,0
2416,0
2417,0
2418,0
2419,0
2420,0
2421,0
2422,0
2423,0
2424,0
2425,0
2426,0
2427,0
2428,0
2429,0
2430,0
2431,0
2432,0
2433,0
2434,0
2435,0
2436,0
2437,0
2438,0
2439,0
2440,0
2441,0
2442,0
2443,0
2444,0
2445,0
2446,0
2447,0
2448,0
2449,0
2450,0
2451,0
2452,0
2453,0
2454,0
2455,0
2456,0
2457,0
2458,0
2459,0
2460,0
2461,0
2462,0
2463,0
2464,0
2465,0
2466,0
2467,0
2468,0
2469,0
2470,0
2471,0
2472,0
2473,0
2474,0
2475,0
2476,0
2477,0
2478,0
2479,0
2480,0
2481,0
2482,0
2483,0
2484,0
2485,0
2486,0
2487,0
2488,0
2489,0
2490,0
2491,0
2492,0
2493,0
2494,0
2495,0
2496,0
2497,0
2498,0
2499,0
2500,0
2501,0
2502,0
2503,0
2504,0
2505,0
2506,0
2507,0
2508,0
2509,0
2510,0
2511,0
2512,0
2513,0
2514,0
2515,0
2516,0
2517,0
2518,0
2519,0
2520,0
2521,0
2522,0
2523,0
2524,0
2525,0
2526,0
2527,0
2528,0
2529,0
2530,0
2531,0
2532,0
2533,0
2534,0
2535,0
2536,0
2537,0
2538,0
2539,0
2540,0
2541,0
2542,0
2543,0
2544,0
2545,0
2546,0
2547,0
2548,0
2549,0
2550,0
2551,0
2552,0
2553,0
2554,0
2555,0
2556,0
2557,0
2558,0
2559,0
2560,0
2561,0
2562,0
2563,0
2564,0
2565,0
2566,0
2567,0
2568,0
2569,0
2570,0
2571,0
2572,0
2573,0
2574,0
2575,0
2576,0
2577,0
2578,0
2579,0
2580,0
2581,0
2582,0
2583,0
2584,0
2585,0
2586,0
2587,0
2588,0
2589,0
2590,0
2591,0
2592,0
2593,0
2594,0
2595,0
2596,0
2597,0
2598,0
2599,0
2600,0
2601,0
2602,0
2603,0
2604,0
2605,0
2606,0
2607,0
2608,0
2609,0
2610,0
2611,0
2612,0
2613,0
2614,0
2615,0
2616,0
2617,0
2618,0
2619,0
2620,0
2621,0
2622,0
2623,0
2624,0
2625,0
2626,0
2627,0
2628,0
2629,0
2630,0
2631,0
2632,0
2633,0
2634,0
2635,0
2636,0
2637,0
2638,0
2639,0
2640,0
2641,0
2642,0
2643,0
2644,0
2645,0
2646,0
2647,0
2648,0
2649,0
2650,0
2651,0
2652,0
2653,0
2654,0
2655,0
2656,0
2657,0
2658,0
2659,0
2660,0
2661,0
2662,0
2663,0
2664,0
2665,0
2666,0
2667,0
2668,0
2669,0
2670,0
2671,0
2672,0
2673,0
2674,0
2675,0
2676,0
2677,0
2678,0
2679,0
2680,0
2681,0
2682,0
2683,0
2684,0
2685,0
2686,0
2687,0
2688,0
2689,0
2690,0
2691,0
2692,0
2693,0
2694,0
2695,0
2696,0
2697,0
2698,0
2699,0
2700,0
2701,0
2702,0
2703,0
2704,0
2705,0
2706,0
2707,0
2708,0
2709,0
2710,0
2711,0
2712,0
2713,0
2714,0
2715,0
2716,0
2717,0
2718,0
2719,0
2720,0
2721,0
2722,0
2723,0
2724,0
2725,0
2726,0
2727,0
2728,0
2729,0
2730,0
2731,0
2732,0
2733,0
2734,0
2735,0
2736,0
2737,0
2738,0
2739,0
2740,0
2741,0
2742,0
2743,0
2744,0
2745,0
2746,0
2747,0
2748,0
2749,0
2750,0
2751,0
2752,0
2753,0
2754,0
2755,0
2756,0
2757,0
2758,0
2759,0
2760,0
2761,0
2762,0
2763,0
2764,0
2765,0
2766,0
2767,0
2768,0
2769,0
2770,0
2771,0
2772,0
2773,0
2774,0
2775,0
2776,0
2777,0
2778,0
2779,0
2780,0
2781,0
2782,0
2783,0
2784,0
2785,0
2786,0
2787,0
2788,0
2789,0
2790,0
2791,0
2792,0
2793,0
2794,0
2795,0
2796,0
2797,0
2798,0
2799,0
2800,0
2801,0
2802,0
2803,0
2804,0
2805,0
2806,0
2807,0
2808,0
2809,0
2810,0
2811,0
2812,0
2813,0
2814,0
2815,0
2816,0
2817,0
2818,0
2819,0
2820,0
2821,0
2822,0
2823,0
2824,0
2825,0
2826,0
2827,0
2828,0
2829,0
2830,0
2831,0
2832,0
2833,0
2834,0
2835,0
2836,0
2837,0
2838,0
2839,0
2840,0
2841,0
2842,0
2843,0
2844,0
2845,0
2846,0
2847,0
2848,0
2849,0
2850,0
2851,0
2852,0
2853,0
2854,0
2855,0
2856,0
2857,0
2858,0
2859,0
2860,0
2861,0
2862,0
2863,0
2864,0
2865,0
2866,0
2867,0
2868,0
2869,0
2870,0
2871,0
2872,0
2873,0
2874,0
2875,0
2876,0
2877,0
2878,0
2879,0
2880,0
2881,0
2882,0
2883,0
2884,0
2885,0
2886,0
2887,0
2888,0
2889,0
2890,0
2891,0
2892,0
2893,0
2894,0
2895,0
2896,0
2897,0
2898,0
2899,0
2900,0
2901,0
2902,0
2903,0
2904,0
2905,0
2906,0
2907,0
2908,0
2909,0
2910,0
2911,0
2912,0
2913,0
2914,0
2915,0
2916,0
2917,0
2918,0
2919,0
2920,0
2921,0
2922,0
2923,0
2924,0
2925,0
2926,0
2927,0
2928,0
2929,0
2930,0
2931,0
2932,0
2933,0
2934,0
2935,0
2936,0
2937,0
2938,0
2939,0
2940,0
2941,0
2942,0
2943,0
2944,0
2945,0
2946,0
2947,0
2948,0
2949,0
2950,0
2951,0
2952,0
2953,0
2954,0
2955,0
2956,0
2957,0
2958,0
2959,0
2960,0
2961,0
2962,0
2963,0
2964,0
2965,0
2966,0
2967,0
2968,0
2969,0
2970,0
2971,0
2972,0
2973,0
2974,0
2975,0
2976,0
2977,0
2978,0
2979,0
2980,0
2981,0
2982,0
2983,0
2984,0
2985,0
2986,0
2987,0
2988,0
2989,0
2990,0
2991,0
2992,0
2993,0
2994,0
2995,0
2996,0
2997,0
2998,0
2999,0
3000,0
3001,0
3002,0
3003,0
3004,0
3005,0
3006,0
3007,0
3008,0
3009,0
3010,0
3011,0
3012,0
3013,0
3014,0
3015,0
3016,0
3017,0
3018,0
3019,0
3020,0
3021,0
3022,0
3023,0
3024,0
3025,0
3026,0
3027,0
3028,0
3029,0
3030,0
3031,0
3032,0
3033,0
3034,0
3035,0
3036,0
3037,0
3038,0
3039,0
3040,0
3041,0
3042,0
3043,9.716
3044,7.8144
3045,-1.7885
3046,-28.664
3047,-33.341
3048,-39.353
3049,-38.548
3050,-46.014
3051,-49.82
3052,-57.257
3053,-61.422
3054,-64.353
3055,-66.727
3056,-79.749
3057,-107.7
3058,-115.98
3059,-138.95
3060,-151.23
3061,-164.62
3062,-162.24
3063,-178.83
3064,-181.84
3065,-196.37
3066,-193.79
3067,-201.33
3068,-212.08
3069,-211.2
3070,-212.48
3071,-237.38
3072,-270.69
3073,-290.51
3074,-316.4
3075,-320
3076,-338.25
3077,-377.72
3078,-425.12
3079,-433.55
3080,-442.69
3081,-460.92
3082,-469.67
3083,-484.44
3084,-495.32
3085,-511.63
3086,-518.96
3087,-534.11
3088,-537.37
3089,-540.47
3090,-549.94
3091,-556.81
3092,-543.81
3093,-530.43
3094,-517.37
3095,-488.29
3096,-477.92
3097,-440.92
3098,-404.32
3099,-356.1
3100,-307.53
3101,-254.12
3102,-212.12
3103,-169.01
3104,-120.2
3105,-86.052
3106,-68.094
3107,-51.166
3108,-37.519
3109,-34.923
3110,-23.212
3111,-39.875
3112,-56.842
3113,-58.853
3114,-53.136
3115,-36.971
3116,-31.81
3117,-18.746
3118,1.7525
3119,31.251
3120,77.89
3121,119.78
3122,160.48
3123,198.18
3124,221.78
3125,254.3
3126,278.47
3127,296.06
3128,307.12
3129,319.19
3130,324.12
3131,325.04
3132,358.75
3133,374.66
3134,398.52
3135,425.8
3136,465.59
3137,488.99
3138,506.8
3139,516.83
3140,503.33
3141,490.43
3142,473.62
3143,459.02
3144,446.74
3145,444.5
3146,438.36
3147,435.73
3148,425.48
3149,415.94
3150,392.33
3151,381.66
3152,397.17
3153,393.86
3154,416.64
3155,452.42
3156,492.24
3157,520.66
3158,534.72
3159,554.6
3160,561.32
3161,569.88
3162,594.17
3163,608.58
3164,602.33
3165,600.35
3166,609.24
3167,630.69
3168,659.72
3169,682.24
3170,680.09
3171,663.49
3172,633.49
3173,589.58
3174,549
3175,525.12
3176,495.6
3177,460.49
3178,438.01
3179,413.7
3180,376.12
3181,352.59
3182,326.57
3183,319.65
3184,325.53
3185,320.64
3186,322.32
3187,331.39
3188,345.47
3189,334.36
3190,317.93
3191,311.23
3192,308.23
3193,307.51
3194,296.14
3195,288.89
3196,270.18
3197,263.67
3198,267.85
3199,281.81
3200,297.05
3201,307.5
3202,308.48
3203,310.84
3204,317.31
3205,325.35
3206,352.85
3207,381.85
3208,412.51
3209,404.26
3210,403.64
3211,425.93
3212,420.06
3213,407.97
3214,412.33
3215,398
3216,370.69
3217,339.48
3218,334.1
3219,310.41
3220,260.22
3221,217.96
3222,203.65
3223,191.62
3224,164.31
3225,169.68
3226,144.75
3227,144.32
3228,139.77
3229,152.03
3230,164.29
3231,174.08
3232,183.8
3233,173.22
3234,153.2
3235,136.81
3236,126.77
3237,126.25
3238,151.84
3239,175.86
3240,181.21
3241,183.99
3242,188.9
3243,208.18
3244,212.8
3245,207.19
3246,204.22
3247,195.77
3248,202.87
3249,205.94
3250,236.79
3251,275.47
3252,314.85
3253,358.31
3254,358.91
3255,360.77
3256,368.21
3257,373.17
3258,378.2
3259,377.97
3260,371.65
3261,364.97
3262,373.64
3263,391.71
3264,383.77
3265,366.19
3266,359.5
3267,369.96
3268,383.17
3269,371.14
3270,364.39
3271,379.98
3272,365.14
3273,361.07
3274,373.72
3275,366.46
3276,325.39
3277,292.21
3278,266.46
3279,233.37
3280,214.77
3281,192.84
3282,186.21
3283,169.24
3284,171.98
3285,162.74
3286,169.45
3287,179.53
3288,168.49
3289,158.46
3290,140.31
3291,123.74
3292,112.82
3293,104.04
3294,108.94
3295,104.24
3296,101.3
3297,76.918
3298,68.553
3299,71.453
3300,68.158
3301,51.57
3302,51.226
3303,49.604
3304,40.268
3305,30.862
3306,27.21
3307,19.202
3308,31.626
3309,56.138
3310,83.341
3311,123.34
3312,160
3313,192.33
3314,227.48
3315,257.79
3316,264.98
3317,249.08
3318,244.6
3319,262.91
3320,270.09
3321,284.02
3322,287.66
3323,298.57
3324,293.34
3325,285.03
3326,278.91
3327,241.18
3328,210.68
3329,160.33
3330,136.39
3331,118.43
3332,114.7
3333,108.89
3334,82.057
3335,61.191
3336,44.814
3337,30.926
3338,28.683
3339,34.312
3340,26.377
3341,40.403
3342,68.842
3343,111.35
3344,137.77
3345,137.6
3346,124.85
3347,75.585
3348,46.302
3349,15.088
3350,-0.71297
3351,9.8844
3352,8.136
3353,32.888
3354,49.27
3355,50.917
3356,42.397
3357,17.899
3358,-1.7568
3359,-22.705
3360,-20.164
3361,-34.522
3362,-37.069
3363,-25.129
3364,-18.082
3365,-11.023
3366,-16.884
3367,1.7272
3368,19.126
3369,31.428
3370,45.786
3371,76.885
3372,96.701
3373,103.62
3374,121.06
3375,149.88
3376,180.87
3377,212.31
3378,215.86
3379,206.09
3380,209.94
3381,221.96
3382,227.76
3383,238.98
3384,247.29
3385,260.83
3386,256.33
3387,239.98
3388,218.25
3389,207.5
3390,203.38
3391,217.39
3392,234.34
3393,241.44
3394,232.13
3395,246.72
3396,278.01
3397,312.24
3398,352.76
3399,367.75
3400,398.14
3401,437.5
3402,478.34
3403,539.05
3404,588.78
3405,639
3406,680.42
3407,709.72
3408,732.14
3409,756.03
3410,787.74
3411,791.01
3412,791.87
3413,795.37
3414,809.19
3415,803.22
3416,797.7
3417,796.21
3418,801.42
3419,784.81
3420,754.09
3421,734.37
3422,736.7
3423,772.98
3424,802.74
3425,838.43
3426,863.2
3427,889.95
3428,907.6
3429,924.71
3430,937.81
3431,942.78
3432,939.5
3433,917.7
3434,906.02
3435,861.66
3436,860.18
3437,844.53
3438,829.36
3439,814.46
3440,784.26
3441,768.04
3442,754.46
3443,759.58
3444,768.29
3445,802.64
3446,811.1
3447,795.62
3448,788.92
3449,785.11
3450,774.27
3451,748.3
3452,738.2
3453,746.34
3454,750.2
3455,747.14
3456,719.77
3457,705.36
3458,697.35
3459,685.36
3460,666.97
3461,648.43
3462,630.46
3463,631.37
3464,650.15
3465,673.21
3466,669.04
3467,633.62
3468,613.22
3469,603.83
3470,575.66
3471,561.04
3472,550.87
3473,558.91
3474,584.71
3475,601.55
3476,617.06
3477,625.6
3478,623.37
3479,626.61
3480,602.28
3481,563.08
3482,519.95
3483,492.14
3484,460.88
3485,406.64
3486,360.37
3487,317.11
3488,264.15
3489,231.62
3490,214.05
3491,188.33
3492,145.74
3493,118.29
3494,99.07
3495,82.629
3496,78.099
3497,70.717
3498,59.689
3499,35.68
3500,14.736
3501,1.7651
3502,-10.325
3503,-36.609
3504,-43.538
3505,-36.456
3506,-41.335
3507,-67.337
3508,-91.718
3509,-100.42
3510,-93.416
3511,-112.43
3512,-131.38
3513,-124.85
3514,-115.28
3515,-114.93
3516,-110.58
3517,-81.089
3518,-54.781
3519,-39.558
3520,-41.372
3521,-53.067
3522,-49.285
3523,-42.04
3524,-28.466
3525,-28.666
3526,-9.6468
3527,12.291
3528,32.521
3529,45.801
3530,66.561
3531,88.305
3532,102.51
3533,102.02
3534,110.19
3535,119.7
3536,127.43
3537,112.14
3538,111
3539,104.11
3540,101.29
3541,112.1
3542,117.85
3543,111.67
3544,112.39
3545,101.99
3546,98.53
3547,99.178
3548,89.477
3549,85.594
3550,85.804
3551,88.373
3552,94.576
3553,88.98
3554,86.349
3555,80.656
3556,74.036
3557,82.193
3558,99.321
3559,105.76
3560,101.9
3561,89.961
3562,72.075
3563,46.383
3564,57.732
3565,56.916
3566,61.155
3567,69.755
3568,85.464
3569,105.15
3570,108.32
3571,135.52
3572,139.07
3573,140.13
3574,138.78
3575,153.02
3576,160.32
3577,192.08
3578,218.47
3579,250.51
3580,274.83
3581,294.95
3582,319.52
3583,317.86
3584,330.95
3585,333.03
3586,316.68
3587,298.8
3588,290.63
3589,285.33
3590,273.04
3591,280.03
3592,285.35
3593,289.54
3594,282.02
3595,257.43
3596,238.4
3597,235.17
3598,246.34
3599,255.13
3600,255.6
3601,251.88
3602,253.03
3603,233.71
3604,220.65
3605,205.55
3606,194.88
3607,221.29
3608,247.31
3609,281.92
3610,299.56
3611,330.57
3612,365.97
3613,396.38
3614,407.31
3615,413.65
3616,428.06
3617,427.22
3618,430.72
3619,422.11
3620,423.17
3621,410.86
3622,388.48
3623,377.89
3624,356.22
3625,345.2
3626,351.46
3627,345.91
3628,329.41
3629,308.78
3630,290.95
3631,268.46
3632,245.84
3633,263.93
3634,275.55
3635,273.32
3636,273.07
3637,255.08
3638,251.72
3639,262.94
3640,271.51
3641,277.85
3642,284.26
3643,279.37
3644,286.92
3645,308.52
3646,327.14
3647,340.17
3648,355.68
3649,371.06
3650,392.89
3651,412.84
3652,424.14
3653,442.41
3654,444.21
3655,478.97
3656,497.01
3657,512.82
3658,531.57
3659,552.85
3660,562.77
3661,575.19
3662,578.73
3663,569.93
3664,568.32
3665,575.69
3666,588
3667,597.56
3668,600.51
3669,600.87
3670,609.97
3671,634.12
3672,638.53
3673,621.09
3674,630.88
3675,652.5
3676,674.15
3677,689.56
3678,715.26
3679,736.29
3680,749.51
3681,769.32
3682,778.26
3683,790.42
3684,779.14
3685,768.73
3686,766.2
3687,764.19
3688,761.07
3689,756.96
3690,759.45
3691,766.73
3692,777.76
3693,779.12
3694,785.09
3695,792.88
3696,828.81
3697,860.11
3698,883.44
3699,907.72
3700,929.47
3701,956.2
3702,965.84
3703,983.71
3704,1011.7
3705,1022.2
3706,1030.3
3707,1041.9
3708,1050
3709,1054.3
3710,1057.6
3711,1056.3
3712,1046.9
3713,1030.7
3714,1024
3715,1022.4
3716,1034.7
3717,1049.9
3718,1045.9
3719,1042.9
3720,1046.7
3721,1053.5
3722,1048.1
3723,1037.8
3724,1040.6
3725,1065.4
3726,1067.2
3727,1079.4
3728,1097
3729,1095.8
3730,1108.6
3731,1111.3
3732,1103.5
3733,1090
3734,1083.7
3735,1066.2
3736,1033.9
3737,997.96
3738,988.92
3739,972.54
3740,960.58
3741,937.96
3742,924.69
3743,900.82
3744,885.44
3745,889.05
3746,879.63
3747,880.19
3748,881.81
3749,890.39
3750,913.24
3751,942.6
3752,973.38
3753,1005.8
3754,1045.7
3755,1074.8
3756,1102.8
3757,1115.3
3758,1135.7
3759,1142.7
3760,1137.7
3761,1136.1
3762,1123.8
3763,1111
3764,1095.4
3765,1079.6
3766,1061.7
3767,1047.1
3768,1044.5
3769,1029.1
3770,1017
3771,1016.7
3772,1023.3
3773,1047.8
3774,1063.6
3775,1089.9
3776,1095.9
3777,1084
3778,1079.4
3779,1077.1
3780,1092.3
3781,1093.3
3782,1105
3783,1130.9
3784,1151.6
3785,1185.5
3786,1212.7
3787,1232.5
3788,1252.3
3789,1260.2
3790,1268.9
3791,1276.8
3792,1277.6
3793,1272.7
3794,1269
3795,1262.1
3796,1230.3
3797,1213.6
3798,1213.3
3799,1214.5
3800,1203.6
3801,1197.5
3802,1197.4
3803,1192.2
3804,1178.1
3805,1178.1
3806,1177.8
3807,1174.8
3808,1177.4
3809,1175.1
3810,1162.3
3811,1153.7
3812,1129.5
3813,1103.8
3814,1080.6
3815,1086.3
3816,1091.8
3817,1103.1
3818,1094.3
3819,1081
3820,1083
3821,1099.9
3822,1104
3823,1102
3824,1093.7
3825,1081.2
3826,1069.7
3827,1059
3828,1043.6
3829,1038.3
3830,1029.3
3831,1020.5
3832,1007.3
3833,1004.3
3834,1004.4
3835,1010.4
3836,1011.8
3837,1006
3838,996.61
3839,994.86
3840,991.88
3841,992.61
3842,977.5
3843,969.28
3844,972.13
3845,977.41
3846,988.45
3847,993.2
3848,1002.7
3849,1003.9
3850,1000.2
3851,992.62
3852,1000.7
3853,997.69
3854,987.93
3855,986.83
3856,981.02
3857,990.94
3858,998.21
3859,1010.9
3860,1005.3
3861,1008.6
3862,1020.8
3863,1026
3864,1041.7
3865,1051
3866,1064.4
3867,1087.3
3868,1100.3
3869,1105.7
3870,1092.4
3871,1089.7
3872,1093
3873,1071.9
3874,1047.4
3875,1040.9
3876,1035.1
3877,1031.2
3878,1040.6
3879,1055.1
3880,1067.5
3881,1074.8
3882,1092.8
3883,1104.6
3884,1106.3
3885,1109.8
3886,1108.6
3887,1115.7
3888,1117.8
3889,1116.5
3890,1112.8
3891,1116.1
3892,1127.4
3893,1140.2
3894,1153.4
3895,1163.9
3896,1165.5
3897,1172.8
3898,1183.5
3899,1173.2
3900,1163.2
3901,1156.4
3902,1146.6
3903,1146.8
3904,1146.3
3905,1145.6
3906,1138.5
3907,1128.5
3908,1121.6
3909,1123.8
3910,1145.5
3911,1142.3
3912,1144.3
3913,1146.6
3914,1147.3
3915,1135
3916,1116.8
3917,1103.1
3918,1083.6
3919,1065.1
3920,1055.6
3921,1053
3922,1049.4
3923,1049.1
3924,1057.8
3925,1070.3
3926,1074.4
3927,1083.2
3928,1069.9
3929,1059.5
3930,1058.5
3931,1058
3932,1051.4
3933,1039.1
3934,1029.8
3935,1026.6
3936,1040.5
3937,1072.5
3938,1092.3
3939,1109.2
3940,1124.2
3941,1133.4
3942,1144.7
3943,1157.9
3944,1175
3945,1198.4
3946,1222.6
3947,1239.7
3948,1249.2
3949,1265.8
3950,1264.6
3951,1262
3952,1259.4
3953,1267.1
3954,1263.7
3955,1267.2
3956,1276.9
3957,1285.1
3958,1278.1
3959,1265.1
3960,1250.5
3961,1251
3962,1251.2
3963,1248.5
3964,1249.3
3965,1251.9
3966,1250.4
3967,1246.8
3968,1243.4
3969,1235
3970,1224.3
3971,1212.4
3972,1200.9
3973,1197.7
3974,1191.5
3975,1193
3976,1191.6
3977,1188.1
3978,1181.1
3979,1170.1
3980,1167.3
3981,1161.2
3982,1144.3
3983,1131.6
3984,1123.7
3985,1121.4
3986,1128.4
3987,1124.1
3988,1121.5
3989,1111.3
3990,1108.3
3991,1116.8
3992,1121.8
3993,1128.7
3994,1125.1
3995,1126.9
3996,1131.8
3997,1135.6
3998,1135.2
3999,1125.2
4000,1117.7
4001,1117.5
4002,1117.6
4003,1120.3
4004,1122.3
4005,1134.5
4006,1145.8
4007,1165
4008,1189.3
4009,1209.5
4010,1223.3
4011,1223.4
4012,1213.3
4013,1196.8
4014,1181.2
4015,1163.4
4016,1144.6
4017,1127.6
4018,1112.8
4019,1109.5
4020,1108.1
4021,1112.5
4022,1118.1
4023,1126.8
4024,1136.2
4025,1139.7
4026,1143.2
4027,1145
4028,1142.3
4029,1141.5
4030,1139.2
4031,1142.5
4032,1142.7
4033,1133.8
4034,1134.1
4035,1131
4036,1124
4037,1117.5
4038,1107.5
4039,1101.5
4040,1100.1
4041,1105.6
4042,1104.6
4043,1125.4
4044,1135
4045,1145.6
4046,1163
4047,1168.6
4048,1168.4
4049,1172.5
4050,1173.2
4051,1181.4
4052,1197.7
4053,1203.3
4054,1211.1
4055,1210.5
4056,1206.7
4057,1211.9
4058,1233.8
4059,1258.5
4060,1282.4
4061,1310.4
4062,1324.8
4063,1324.8
4064,1333
4065,1333.8
4066,1330.3
4067,1329.9
4068,1321.2
4069,1312.1
4070,1302.8
4071,1289.3
4072,1276.9
4073,1269.5
4074,1277.2
4075,1273.9
4076,1277.8
4077,1272.4
4078,1274.8
4079,1277.5
4080,1284.7
4081,1293.1
4082,1314.6
4083,1326.8
4084,1334.5
4085,1330
4086,1342
4087,1354.9
4088,1365.6
4089,1374.5
4090,1375.2
4091,1383.1
4092,1389.8
4093,1392.8
4094,1400
4095,1397.9
4096,1392.7
4097,1391.8
4098,1386.7
4099,1391.6
4100,1392.9
4101,1386.4
4102,1378.6
4103,1377
4104,1380.6
4105,1382.4
4106,1390.6
4107,1398.7
4108,1402.2
4109,1385.6
4110,1373.9
4111,1358.3
4112,1365.3
4113,1365.1
4114,1374.7
4115,1375.6
4116,1363.1
4117,1354.2
4118,1349.7
4119,1346
4120,1337.4
4121,1336.7
4122,1346
4123,1342.9
4124,1332.9
4125,1327.2
4126,1334.4
4127,1347.4
4128,1358.3
4129,1361.9
4130,1366.4
4131,1354.8
4132,1348.8
4133,1343
4134,1341.1
4135,1343.3
4136,1337.9
4137,1318.4
4138,1296.8
4139,1272.9
4140,1250.8
4141,1232.8
4142,1215.4
4143,1205.6
4144,1196.7
4145,1190.4
4146,1174.9
4147,1168.8
4148,1166
4149,1157.7
4150,1157.4
4151,1157.3
4152,1164.6
4153,1169.1
4154,1175.2
4155,1172.9
4156,1169.9
4157,1163.5
4158,1161.2
4159,1163.4
4160,1155.8
4161,1152.9
4162,1143.9
4163,1145.6
4164,1144.8
4165,1144.3
4166,1139.3
4167,1125.7
4168,1116.3
4169,1104.1
4170,1087.3
4171,1075.5
4172,1065.2
4173,1061.8
4174,1065.3
4175,1082.8
4176,1105.2
4177,1118.9
4178,1138
4179,1141.1
4180,1136.8
4181,1140.7
4182,1140.8
4183,1140.5
4184,1146
4185,1145.1
4186,1136.5
4187,1122.9
4188,1112.5
4189,1096.6
4190,1087.7
4191,1082.2
4192,1075.8
4193,1075.5
4194,1060.2
4195,1045.2
4196,1039.9
4197,1043.8
4198,1039
4199,1025.7
4200,1018.4
4201,1017.7
4202,1022.5
4203,1020.9
4204,1015.2
4205,1023.3
4206,1041.9
4207,1060.3
4208,1076.4
4209,1079.3
4210,1078.1
4211,1083.7
4212,1082.4
4213,1072
4214,1067.2
4215,1068
4216,1067.9
4217,1074.8
4218,1086.4
4219,1089.4
4220,1083.9
4221,1087.2
4222,1090
4223,1084.6
4224,1078.6
4225,1068.6
4226,1059.5
4227,1054.3
4228,1054.7
4229,1044.8
4230,1039.5
4231,1034.7
4232,1020.6
4233,1005.3
4234,988.54
4235,980.14
4236,974.4
4237,978.42
4238,992.7
4239,1004.9
4240,1017.3
4241,1021.8
4242,1025
4243,1032.2
4244,1032.7
4245,1022.7
4246,1018
4247,1007.7
4248,1000.4
4249,992.84
4250,983.73
4251,976.41
4252,964.78
4253,953.35
4254,943.29
4255,940.51
4256,938.12
4257,947.92
4258,944.61
4259,950.86
4260,958.43
4261,958.44
4262,958.23
4263,956.77
4264,968.79
4265,963.62
4266,968.13
4267,967.41
4268,966.89
4269,960.89
4270,966.72
4271,972.51
4272,989.14
4273,986.05
4274,985.06
4275,983.95
4276,991.03
4277,992.37
4278,988.79
4279,1001.2
4280,1024.4
4281,1041.3
4282,1046.7
4283,1036.9
4284,1029.4
4285,1028.8
4286,1031.2
4287,1036.3
4288,1044.9
4289,1033.2
4290,1019.9
4291,1006.4
4292,994.26
4293,980.68
4294,969.16
4295,960.1
4296,957.91
4297,962.53
4298,966.41
4299,964.91
4300,964.23
4301,957.41
4302,947.3
4303,944.82
4304,953.16
4305,949.99
4306,957.39
4307,969.91
4308,973.03
4309,979.63
4310,984.15
4311,978.69
4312,972.03
4313,962.32
4314,957.74
4315,949.02
4316,945.51
4317,942.12
4318,933.43
4319,927.31
4320,916.38
4321,906.87
4322,893.49
4323,880.49
4324,871.86
4325,868.75
4326,858.51
4327,857.4
4328,857.33
4329,863.63
4330,867.58
4331,867.27
4332,868.02
4333,856.72
4334,846.26
4335,838.21
4336,828.54
4337,823.54
4338,817.16
4339,821.71
4340,822.91
4341,813.7
4342,803.88
4343,794.1
4344,790.6
4345,787.98
4346,793.42
4347,797.19
4348,795.65
4349,796.89
4350,794.73
4351,790.61
4352,783.73
4353,785.21
4354,779.19
4355,771.59
4356,772.32
4357,789.22
4358,796.1
4359,801.84
4360,810.56
4361,822.25
4362,833.48
4363,848.42
4364,855.36
4365,857.4
4366,859.69
4367,862.7
4368,859.59
4369,860.3
4370,860.54
4371,867.08
4372,873.02
4373,877.95
4374,880.54
4375,887.78
4376,896.13
4377,912.12
4378,939.45
4379,954.55
4380,973.42
4381,983.42
4382,981.33
4383,980.01
4384,981.18
4385,984.84
4386,996.44
4387,1015.2
4388,1035
4389,1042.6
4390,1049.5
4391,1057.2
4392,1055.7
4393,1055.7
4394,1043.5
4395,1031.5
4396,1015.9
4397,1003.2
4398,993.44
4399,989.66
4400,981.97
4401,978.22
4402,976.06
4403,967.25
4404,959.04
4405,951.5
4406,950.57
4407,951.48
4408,955.29
4409,956.93
4410,966.81
4411,974.34
4412,976.54
4413,978.95
4414,982.9
4415,988
4416,999.02
4417,1003.6
4418,1000.1
4419,990.12
4420,975.46
4421,967.58
4422,961.09
4423,956.62
4424,954.59
4425,955.55
4426,953.15
4427,943.88
4428,935.95
4429,927.13
4430,933.52
4431,940.38
4432,940.58
4433,947.82
4434,954.21
4435,951.45
4436,953.71
4437,969
4438,980.42
4439,982.98
4440,979.49
4441,973.77
4442,968.78
4443,956.65
4444,947.74
4445,935.03
4446,924.8
4447,910.97
4448,899
4449,895.5
4450,897.41
4451,892.28
4452,881.15
4453,872.89
4454,863.37
4455,858.62
4456,841.93
4457,832.06
4458,831.02
4459,832.8
4460,836.49
4461,842.96
4462,853.6
4463,859.39
4464,857.69
4465,855.7
4466,855.14
4467,862.72
4468,862.72
4469,864.08
4470,858.43
4471,858.67
4472,854.53
4473,850.91
4474,847.95
4475,846.13
4476,843.51
4477,852.42
4478,884.27
4479,912.12
4480,921.23
4481,920.97
4482,916.38
4483,909.35
4484,901.06
4485,898.35
4486,896.47
4487,888.78
4488,881.81
4489,878.58
4490,875.41
4491,865.51
4492,864.17
4493,869.86
4494,875.21
4495,870.78
4496,873.66
4497,876.02
4498,881.14
4499,892.46
4500,903.45
4501,919.68
4502,932.64
4503,945.28
4504,957.01
4505,954.66
4506,953.91
4507,951.44
4508,945.45
4509,941.6
4510,936.78
4511,933.24
4512,937.98
4513,953.88
4514,966.44
4515,982.44
4516,1008.1
4517,1029
4518,1040.8
4519,1053.7
4520,1055.5
4521,1047.1
4522,1043
4523,1049.5
4524,1050.7
4525,1060.2
4526,1057.6
4527,1050.1
4528,1037.7
4529,1026.4
4530,1012.6
4531,995.32
4532,979.92
4533,972.45
4534,966.95
4535,958.34
4536,952.19
4537,942.24
4538,930.32
4539,930.29
4540,930.3
4541,930.66
4542,927.69
4543,926.75
4544,921.85
4545,912.14
4546,905.52
4547,905.56
4548,908.28
4549,907.09
4550,910.77
4551,918.89
4552,927.49
4553,951.3
4554,964.4
4555,988.38
4556,1007.8
4557,1010.9
4558,1008.5
4559,998.01
4560,993.28
4561,997.64
4562,999.02
4563,1017.7
4564,1037
4565,1051.8
4566,1060.9
4567,1063.2
4568,1064.9
4569,1067.8
4570,1082.5
4571,1100.4
4572,1116
4573,1133.2
4574,1157
4575,1171.5
4576,1165.8
4577,1167.4
4578,1169.5
4579,1185
4580,1197.4
4581,1200.5
4582,1189.9
4583,1178.2
4584,1168
4585,1172
4586,1182.5
4587,1182.7
4588,1173.2
4589,1167.7
4590,1160.1
4591,1153.3
4592,1142.1
4593,1140
4594,1133.6
4595,1124.8
4596,1119.4
4597,1123.2
4598,1127.3
4599,1127.7
4600,1130.3
4601,1125.4
4602,1119.1
4603,1108.4
4604,1102.3
4605,1105.1
4606,1107.6
4607,1107.9
4608,1101.8
4609,1097.7
4610,1097.7
4611,1104.1
4612,1105.4
4613,1106.3
4614,1102.3
4615,1111.9
4616,1105.5
4617,1106.4
4618,1101.9
4619,1096.1
4620,1093.6
4621,1086.4
4622,1084.2
4623,1093.9
4624,1098.3
4625,1088.3
4626,1074
4627,1057.5
4628,1041.1
4629,1034
4630,1029.1
4631,1033.6
4632,1030.7
4633,1024.9
4634,1019.6
4635,1019.8
4636,1018.3
4637,1016.5
4638,1007.2
4639,994.65
4640,984.16
4641,977.44
4642,975.84
4643,974.23
4644,973.41
4645,974.08
4646,975.25
4647,982.78
4648,1000.5
4649,1011.4
4650,1021.5
4651,1039.4
4652,1037.7
4653,1041.5
4654,1036
4655,1031.2
4656,1030.9
4657,1028.1
4658,1024.8
4659,1027
4660,1028.7
4661,1021
4662,1015.1
4663,1014.6
4664,1018.1
4665,1023
4666,1027.1
4667,1024
4668,1021.1
4669,1027.6
4670,1031.1
4671,1028.2
4672,1015.8
4673,1005.6
4674,998.83
4675,999.44
4676,998.28
4677,1010.9
4678,1025.5
4679,1031.6
4680,1037.6
4681,1028.7
4682,1017.3
4683,1014.2
4684,1007
4685,1006.3
4686,999.2
4687,1000.3
4688,991.39
4689,980.09
4690,968.79
4691,966.12
4692,965.14
4693,971.24
4694,980.93
4695,999.88
4696,994.33
4697,989.06
4698,979.37
4699,972.66
4700,961.04
4701,952.81
4702,945.29
4703,939.82
4704,938.73
4705,939.48
4706,932.05
4707,939.68
4708,949.01
4709,959.75
4710,959.94
4711,960.91
4712,961.52
4713,957.86
4714,960.33
4715,965.28
4716,968
4717,967.04
4718,965.61
4719,963.94
4720,966.09
4721,982.85
4722,990.51
4723,1004.4
4724,1021.5
4725,1047.4
4726,1067.8
4727,1082.2
4728,1103.5
4729,1121
4730,1126.3
4731,1130.7
4732,1141.5
4733,1143.1
4734,1130.7
4735,1113.8
4736,1098
4737,1081
4738,1069
4739,1056.8
4740,1047.8
4741,1038.7
4742,1025.4
4743,1015.3
4744,1007.8
4745,993.15
4746,987.59
4747,978.33
4748,975.5
4749,978.5
4750,984.83
4751,1002.7
4752,1014.7
4753,1024.4
4754,1041.4
4755,1063.1
4756,1072.7
4757,1085.5
4758,1099.8
4759,1109.5
4760,1114.2
4761,1103.2
4762,1091.7
4763,1082.6
4764,1081.6
4765,1075.4
4766,1062
4767,1049.8
4768,1040.2
4769,1042.6
4770,1037.2
4771,1039.4
4772,1036.2
4773,1042.1
4774,1050.7
4775,1055.2
4776,1050.7
4777,1054.4
4778,1054
4779,1050.6
4780,1042.1
4781,1036.9
4782,1038.9
4783,1041.1
4784,1036.9
4785,1039
4786,1039.8
4787,1038.9
4788,1033.5
4789,1030.7
4790,1031.7
4791,1035.5
4792,1055
4793,1069.7
4794,1070.6
4795,1070.8
4796,1065.3
4797,1062.1
4798,1058
4799,1055.9
4800,1057.7
4801,1052.3
4802,1047.5
4803,1038.3
4804,1026.6
4805,1022
4806,1012.9
4807,1001.6
4808,999.24
4809,1011.6
4810,1033.8
4811,1048.5
4812,1050.4
4813,1051.6
4814,1056
4815,1050
4816,1038.6
4817,1038.3
4818,1044.3
4819,1051
4820,1051
4821,1062.8
4822,1068.4
4823,1073
4824,1073.5
4825,1058.5
4826,1047.1
4827,1036
4828,1029.8
4829,1021.9
4830,1015.8
4831,1012.2
4832,1008.6
4833,1001.4
4834,991.02
4835,981.08
4836,976.58
4837,969.29
4838,967.99
4839,966.83
4840,966.76
4841,962.05
4842,950.04
4843,938.93
4844,927.54
4845,921.13
4846,924.23
4847,934.09
4848,950.36
4849,958.22
4850,968.12
4851,972.08
4852,988.32
4853,998.45
4854,1015.9
4855,1050.5
4856,1072.9
4857,1086.6
4858,1082.7
4859,1070.2
4860,1061.6
4861,1052.5
4862,1050.8
4863,1045.7
4864,1048.1
4865,1053.6
4866,1048.1
4867,1052.7
4868,1045.4
4869,1043.4
4870,1039
4871,1043.6
4872,1042.6
4873,1039.3
4874,1050.3
4875,1065.7
4876,1056.3
4877,1052.1
4878,1054.4
4879,1066.5
4880,1086.9
4881,1100.4
4882,1109
4883,1116.8
4884,1135.7
4885,1142.1
4886,1137.3
4887,1136.9
4888,1145
4889,1150.3
4890,1159.5
4891,1161.6
4892,1167.8
4893,1159.9
4894,1146.6
4895,1137.8
4896,1132.2
4897,1140.1
4898,1146.7
4899,1151.1
4900,1151.2
4901,1149.6
4902,1151.7
4903,1147.6
4904,1148.6
4905,1142.9
4906,1129.3
4907,1120.6
4908,1120.7
4909,1116.9
4910,1117.2
4911,1112.2
4912,1120.3
4913,1121.4
4914,1130.9
4915,1121.1
4916,1117.2
4917,1110.5
4918,1103.1
4919,1097.5
4920,1093.5
4921,1088.6
4922,1080.3
4923,1077.2
4924,1070.9
4925,1061.1
4926,1062.6
4927,1059.7
4928,1050
4929,1036.2
4930,1021.4
4931,1005.7
4932,996.97
4933,997.44
4934,996.14
4935,998.63
4936,1000.8
4937,1003.2
4938,998.07
4939,990.65
4940,978.41
4941,970.86
4942,965.01
4943,958.26
4944,961.97
4945,958.58
4946,949.93
4947,950.64
4948,946.05
4949,940.76
4950,933.73
4951,932.02
4952,934.56
4953,945.33
4954,950.53
4955,954.2
4956,945.36
4957,935.68
4958,923.85
4959,921.91
4960,921.99
4961,927.19
4962,925.07
4963,924.08
4964,917.84
4965,912.33
4966,903.25
4967,907.11
4968,902.89
4969,897.03
4970,891.48
4971,889.7
4972,884.21
4973,881.88
4974,874.45
4975,868.44
4976,868.45
4977,867.87
4978,866.78
4979,869.74
4980,862.6
4981,854.5
4982,849.55
4983,840.02
4984,826.86
4985,815.23
4986,806.13
4987,801.48
4988,796.84
4989,800.65
4990,809.12
4991,819.31
4992,827.98
4993,827.16
4994,829.94
4995,836.04
4996,842.62
4997,843.48
4998,842.53
4999,848.29
5000,847.22
5001,845.85
5002,851.5
5003,855.43
5004,864.59
5005,865.28
5006,854.58
5007,841.97
5008,837.82
5009,828.24
5010,826.37
5011,832.76
5012,835.25
5013,837.1
5014,846.47
5015,854.54
5016,861.42
5017,862.65
5018,868.78
5019,867.39
5020,865.09
5021,859.61
5022,851.44
5023,844.5
5024,839
5025,843.38
5026,855.42
5027,863.49
5028,862.45
5029,860.5
5030,854.78
5031,847.36
5032,839
5033,834.47
5034,826.55
5035,822.93
5036,816.31
5037,810.93
5038,803.24
5039,791.84
5040,781.23
5041,766.66
5042,753.84
5043,744.63
5044,735.81
5045,726.66
5046,714.02
5047,700.51
5048,686.77
5049,680.51
5050,676.4
5051,675.16
5052,687.16
5053,700.35
5054,719.63
5055,738.43
5056,752.53
5057,767.89
5058,779.85
5059,786.86
5060,799.48
5061,820.96
5062,840.42
5063,854.66
5064,865.46
5065,866.25
5066,866.6
5067,864.84
5068,878.09
5069,881.97
5070,879.05
5071,878.71
5072,875.95
5073,875.18
5074,885.91
5075,908.11
5076,934.15
5077,954.57
5078,967.7
5079,970.95
5080,971.88
5081,974.39
5082,966.74
5083,952.94
5084,937.19
5085,935.65
5086,945.25
5087,947.02
5088,946.6
5089,951.5
5090,958.93
5091,962.45
5092,966.03
5093,970.46
5094,965.75
5095,959.92
5096,946.73
5097,939.5
5098,930.63
5099,915.28
5100,899.55
5101,888.98
5102,880.98
5103,884.6
5104,883.15
5105,888.57
5106,899.81
5107,922.08
5108,934.66
5109,946.42
5110,957.7
5111,970.34
5112,971.06
5113,968.5
5114,965.92
5115,967.47
5116,973.63
5117,986.79
5118,994.68
5119,999.08
5120,997.56
5121,996.14
5122,999.85
5123,998.54
5124,1011.1
5125,1023.2
5126,1027.3
5127,1038.3
5128,1046.4
5129,1041.9
5130,1045.5
5131,1049.8
5132,1056
5133,1062.8
5134,1074.5
5135,1085.3
5136,1075.9
5137,1064.9
5138,1054.9
5139,1037.1
5140,1018.6
5141,999.42
5142,990.11
5143,982.74
5144,977.32
5145,974.95
5146,975.28
5147,967.92
5148,963.68
5149,962.48
5150,966.76
5151,970.38
5152,968.11
5153,968.62
5154,967.49
5155,972.94
5156,968.14
5157,968.44
5158,960.18
5159,952.8
5160,937.77
5161,925.01
5162,916.76
5163,909.84
5164,904.48
5165,892.53
5166,883.82
5167,874.26
5168,861.65
5169,848.33
5170,840.82
5171,843.75
5172,846.43
5173,840.66
5174,837.5
5175,831.77
5176,824.6
5177,812.93
5178,814.08
5179,816.63
5180,826.18
5181,828.68
5182,838.37
5183,846.97
5184,859.32
5185,859.22
5186,853.17
5187,848.54
5188,847.85
5189,843.35
5190,837.93
5191,835.5
5192,836
5193,841.63
5194,838.67
5195,837.18
5196,843.09
5197,849.1
5198,857.6
5199,864.81
5200,878.19
5201,895.22
5202,908.85
5203,917.6
5204,917.66
5205,914.84
5206,919.94
5207,921.93
5208,935.5
5209,933.63
5210,933.02
5211,933.66
5212,931.01
5213,936.09
5214,941.61
5215,945.22
5216,935.4
5217,925.56
5218,914.56
5219,902.98
5220,896.36
5221,888.41
5222,884.63
5223,881.22
5224,878.08
5225,876.85
5226,874.46
5227,883.09
5228,892.94
5229,914.22
5230,930.1
5231,949.07
5232,971.42
5233,986.87
5234,1005
5235,1016.5
5236,1026.3
5237,1031.6
5238,1037.3
5239,1044.1
5240,1047.9
5241,1047.8
5242,1044.4
5243,1050.5
5244,1053.9
5245,1046.3
5246,1039.1
5247,1028.6
5248,1019.2
5249,1017.6
5250,1012.3
5251,1012
5252,1024.6
5253,1029.7
5254,1041.4
5255,1044.8
5256,1056.4
5257,1062.4
5258,1075.2
5259,1076.4
5260,1067.2
5261,1062.4
5262,1066.1
5263,1066.2
5264,1066.4
5265,1069
5266,1082.6
5267,1084.7
5268,1090.7
5269,1092.7
5270,1101.7
5271,1108.2
5272,1120.5
5273,1124.8
5274,1122.4
5275,1126.6
5276,1137.1
5277,1162.5
5278,1183.1
5279,1189.7
5280,1186.4
5281,1178.1
5282,1171
5283,1160.6
5284,1153.2
5285,1149.3
5286,1137.3
5287,1124.4
5288,1114.5
5289,1107.6
5290,1112.4
5291,1107.7
5292,1116
5293,1120.9
5294,1124.7
5295,1130.4
5296,1132.4
5297,1135.6
5298,1138.7
5299,1143.2
5300,1142.8
5301,1150.4
5302,1152.8
5303,1141.7
5304,1144.2
5305,1164.1
5306,1181.8
5307,1199.6
5308,1210
5309,1235.1
5310,1247.6
5311,1250.6
5312,1247.1
5313,1245.8
5314,1248.7
5315,1250.6
5316,1261.2
5317,1275.1
5318,1273.9
5319,1268.5
5320,1254
5321,1239.6
5322,1220.5
5323,1201.4
5324,1198.1
5325,1201.9
5326,1201.4
5327,1211.1
5328,1217
5329,1224.8
5330,1228.1
5331,1227.6
5332,1223.7
5333,1211.1
5334,1193.3
5335,1179.3
5336,1165.6
5337,1155.6
5338,1153.4
5339,1145.6
5340,1137
5341,1137.1
5342,1139
5343,1141.7
5344,1161.5
5345,1186.9
5346,1205
5347,1225.8
5348,1231.2
5349,1225.8
5350,1231.2
5351,1226.2
5352,1221.3
5353,1226.9
5354,1238.1
5355,1241.1
5356,1249
5357,1254.8
5358,1262.6
5359,1273.9
5360,1272.9
5361,1283
5362,1289.2
5363,1296
5364,1292.1
5365,1292.8
5366,1290.1
5367,1292.3
5368,1289
5369,1285
5370,1283
5371,1271.2
5372,1257.6
5373,1252.9
5374,1242.5
5375,1223.7
5376,1207.1
5377,1199.1
5378,1184.7
5379,1174.8
5380,1171.9
5381,1164
5382,1163.5
5383,1169
5384,1182.8
5385,1199
5386,1212.3
5387,1222.2
5388,1243.9
5389,1259.3
5390,1288.9
5391,1297.8
5392,1308
5393,1322.7
5394,1337.5
5395,1349.3
5396,1364.7
5397,1366.6
5398,1369.7
5399,1358
5400,1368.1
5401,1377
5402,1385.7
5403,1392.3
5404,1391.9
5405,1389.2
5406,1388.5
5407,1389.8
5408,1387.7
5409,1383.8
5410,1373.4
5411,1356.4
5412,1342.8
5413,1335
5414,1324.2
5415,1318.6
5416,1307.2
5417,1300.3
5418,1303.5
5419,1298.4
5420,1295.6
5421,1284.5
5422,1278.8
5423,1277.4
5424,1266.9
5425,1251.6
5426,1244.7
5427,1231.8
5428,1215.7
5429,1199.4
5430,1187.1
5431,1174.6
5432,1165.3
5433,1158.7
5434,1161
5435,1158.5
5436,1153.7
5437,1155.1
5438,1156
5439,1169.2
5440,1174.1
5441,1184
5442,1182.2
5443,1189
5444,1189.6
5445,1200
5446,1210.6
5447,1210.7
5448,1212
5449,1221.5
5450,1219
5451,1222.8
5452,1237.1
5453,1258.8
5454,1281
5455,1294.6
5456,1310.3
5457,1319.3
5458,1321.1
5459,1315.7
5460,1307.5
5461,1289.9
5462,1278.1
5463,1267
5464,1267.5
5465,1265.5
5466,1258.6
5467,1250.9
5468,1248.4
5469,1241.5
5470,1234.9
5471,1238.9
5472,1236.9
5473,1243.8
5474,1252.6
5475,1255
5476,1241.6
5477,1237.7
5478,1241.3
5479,1247.4
5480,1282.8
5481,1321.2
5482,1344.9
5483,1359.3
5484,1372.6
5485,1394.9
5486,1407.6
5487,1440.4
5488,1463.9
5489,1487.5
5490,1497
5491,1499.2
5492,1498.1
5493,1487.4
5494,1482.5
5495,1473.3
5496,1463.6
5497,1453.1
5498,1431.8
5499,1413.4
5500,1409.3
5501,1403.1
5502,1389.8
5503,1371.7
5504,1354.9
5505,1344.8
5506,1333.9
5507,1323
5508,1326.3
5509,1323.5
5510,1320.2
5511,1325.1
5512,1324.7
5513,1318.7
5514,1309.1
5515,1304.5
5516,1312.5
5517,1317.5
5518,1315.3
5519,1312.3
5520,1311.4
5521,1326.3
5522,1347.4
5523,1364.4
5524,1383.2
5525,1399.8
5526,1419
5527,1445.3
5528,1457.2
5529,1466.6
5530,1470.3
5531,1460.1
5532,1452.2
5533,1441.2
5534,1424
5535,1414.1
5536,1407.9
5537,1404.9
5538,1395.3
5539,1384.9
5540,1385
5541,1401.1
5542,1406
5543,1408.3
5544,1415.7
5545,1408.9
5546,1398.5
5547,1389.3
5548,1380.8
5549,1374.8
5550,1357.4
5551,1335.6
5552,1313.7
5553,1301.9
5554,1290.8
5555,1288.4
5556,1288.4
5557,1281
5558,1271.8
5559,1284.1
5560,1298.4
5561,1309.1
5562,1316.5
5563,1331.3
5564,1336.1
5565,1341.1
5566,1338.5
5567,1342.2
5568,1336.9
5569,1330.4
5570,1334.6
5571,1333.7
5572,1333
5573,1343
5574,1351
5575,1357.7
5576,1357.4
5577,1349.1
5578,1339.1
5579,1335.2
5580,1339.4
5581,1354.5
5582,1360.4
5583,1358.6
5584,1350.8
5585,1338.9
5586,1333.7
5587,1324.8
5588,1328.3
5589,1334.6
5590,1337.2
5591,1335.6
5592,1330.7
5593,1328.1
5594,1326
5595,1334.9
5596,1341.4
5597,1336.3
5598,1325.1
5599,1308.9
5600,1296.2
5601,1303.1
5602,1301.1
5603,1293.4
5604,1296
5605,1292.6
5606,1295.8
5607,1299.9
5608,1298.7
5609,1296.6
5610,1297.8
5611,1289.8
5612,1284.9
5613,1283.2
5614,1277.6
5615,1275.7
5616,1279.7
5617,1301.3
5618,1308.2
5619,1322
5620,1338.4
5621,1347.5
5622,1358.3
5623,1361.3
5624,1365.2
5625,1370
5626,1379.5
5627,1385.3
5628,1397.2
5629,1385.9
5630,1379.1
5631,1367.7
5632,1354.5
5633,1337.9
5634,1323.8
5635,1313.1
5636,1305.7
5637,1298.4
5638,1289.5
5639,1281.8
5640,1266.6
5641,1252
5642,1238.7
5643,1219.5
5644,1210.6
5645,1218.8
5646,1225.3
5647,1227.4
5648,1231.3
5649,1238.2
5650,1246.4
5651,1260.9
5652,1270.6
5653,1283.9
5654,1314.3
5655,1328.6
5656,1341.1
5657,1354.6
5658,1375.8
5659,1389.1
5660,1403.7
5661,1417.7
5662,1423.1
5663,1434.5
5664,1438.2
5665,1453.8
5666,1457.6
5667,1454.9
5668,1454.5
5669,1450.3
5670,1452.7
5671,1446.9
5672,1440.6
5673,1432.2
5674,1423.4
5675,1416.6
5676,1410.9
5677,1406.8
5678,1404.2
5679,1405.5
5680,1400.5
5681,1397.4
5682,1393.1
5683,1404.7
5684,1409.7
5685,1410.3
5686,1409.8
5687,1419.5
5688,1431.2
5689,1444.2
5690,1445.8
5691,1446.6
5692,1445.1
5693,1448.1
5694,1438.1
5695,1425.9
5696,1431
5697,1437.7
5698,1437.2
5699,1441.7
5700,1441.5
5701,1431.3
5702,1427.4
5703,1436.8
5704,1455
5705,1462.6
5706,1472.2
5707,1473.8
5708,1474.5
5709,1484.6
5710,1494.8
5711,1497.7
5712,1486.9
5713,1469.6
5714,1462.9
5715,1463.9
5716,1471.1
5717,1477.2
5718,1485.2
5719,1494.1
5720,1503.4
5721,1511.3
5722,1519
5723,1523.4
5724,1522.9
5725,1516.8
5726,1518.8
5727,1528.1
5728,1542.8
5729,1559
5730,1562.6
5731,1556
5732,1554.8
5733,1557.1
5734,1557.3
5735,1553.5
5736,1547.4
5737,1533.8
5738,1527
5739,1536
5740,1555.4
5741,1558.7
5742,1555.8
5743,1543.6
5744,1526
5745,1517.3
5746,1508
5747,1494.8
5748,1487.8
5749,1479.3
5750,1466.3
5751,1465.8
5752,1473.3
5753,1475.2
5754,1475.3
5755,1474.1
5756,1476.2
5757,1475
5758,1475
5759,1480.9
5760,1485.8
5761,1495.8
5762,1511.5
5763,1511.6
5764,1503.5
5765,1513.1
5766,1523.8
5767,1530.6
5768,1526.4
5769,1520.1
5770,1513.1
5771,1499.8
5772,1485.9
5773,1477.8
5774,1468.4
5775,1462
5776,1459.5
5777,1451.8
5778,1447.1
5779,1447.7
5780,1437.7
5781,1427.1
5782,1424.4
5783,1433.9
5784,1460.5
5785,1482.9
5786,1505.1
5787,1523.9
5788,1527.1
5789,1525.7
5790,1527.6
5791,1521.9
5792,1513.9
5793,1510.7
5794,1524
5795,1535.7
5796,1555.1
5797,1565.3
5798,1577.1
5799,1578.1
5800,1583.6
5801,1606.2
5802,1619.5
5803,1631.8
5804,1641.4
5805,1656.7
5806,1664.1
5807,1673
5808,1678.1
5809,1692.9
5810,1701.8
5811,1717.9
5812,1730.8
5813,1742.9
5814,1756.7
5815,1765
5816,1778.2
5817,1788.1
5818,1803.8
5819,1806.6
5820,1800
5821,1793.1
5822,1789.6
5823,1783
5824,1780.8
5825,1787.9
5826,1791.3
5827,1800.3
5828,1791.4
5829,1790.9
5830,1796.2
5831,1794.3
5832,1785.4
5833,1768
5834,1763.1
5835,1767.7
5836,1757.6
5837,1759.4
5838,1771.1
5839,1771.1
5840,1764.1
5841,1768.2
5842,1759.2
5843,1760.4
5844,1761.7
5845,1772.6
5846,1781.5
5847,1774.9
5848,1775.2
5849,1775.9
5850,1772.4
5851,1780
5852,1783.3
5853,1779.6
5854,1773.9
5855,1773.3
5856,1770
5857,1761.9
5858,1757
5859,1749.7
5860,1738.8
5861,1731.2
5862,1720.1
5863,1726.4
5864,1744.4
5865,1750.4
5866,1759.6
5867,1766.9
5868,1764.2
5869,1771.2
5870,1773.1
5871,1776.9
5872,1777.5
5873,1768
5874,1766
5875,1779.5
5876,1786.3
5877,1789.8
5878,1777.6
5879,1750.8
5880,1727
5881,1700
5882,1676.5
5883,1658.6
5884,1635.4
5885,1622.8
5886,1608.3
5887,1594.4
5888,1589
5889,1575.9
5890,1570.1
5891,1569
5892,1573.7
5893,1568.9
5894,1574.7
5895,1571.8
5896,1564.2
5897,1548.9
5898,1552.8
5899,1554.5
5900,1563.7
5901,1576
5902,1590.9
5903,1605.1
5904,1615.4
5905,1627.6
5906,1644.8
5907,1663.2
5908,1678.6
5909,1693.2
5910,1706.5
5911,1721.6
5912,1727.3
5913,1734.3
5914,1740.9
5915,1753.1
5916,1752
5917,1739.1
5918,1734
5919,1723.2
5920,1713.3
5921,1705.7
5922,1695.2
5923,1680.8
5924,1675.4
5925,1677.7
5926,1692.2
5927,1706.3
5928,1707.3
5929,1731.1
5930,1747.9
5931,1773.1
5932,1775.9
5933,1778.9
5934,1782.2
5935,1775.4
5936,1767.4
5937,1748.6
5938,1742.2
5939,1744.6
5940,1745.5
5941,1765.2
5942,1779.6
5943,1791.5
5944,1786.7
5945,1774.2
5946,1764.7
5947,1754.4
5948,1742.3
5949,1732.5
5950,1731.2
5951,1749.1
5952,1752.8
5953,1742.9
5954,1751.1
5955,1753.6
5956,1764.7
5957,1764.4
5958,1762.1
5959,1751.9
5960,1745.3
5961,1736.6
5962,1731.1
5963,1730.2
5964,1736.5
5965,1745.5
5966,1754.7
5967,1746.7
5968,1731.8
5969,1729
5970,1726.6
5971,1717.2
5972,1704.9
5973,1679.5
5974,1656.6
5975,1645.9
5976,1639
5977,1628.5
5978,1604.4
5979,1592.2
5980,1582.6
5981,1571.4
5982,1566.9
5983,1557.1
5984,1544.3
5985,1537.5
5986,1543.9
5987,1548.2
5988,1548.1
5989,1534.8
5990,1535.3
5991,1534.3
5992,1531.6
5993,1527.4
5994,1535.7
5995,1532
5996,1528.6
5997,1527
5998,1519
5999,1520.2
6000,1504.8
6001,1490
6002,1489.1
6003,1484.3
6004,1478.2
6005,1477
6006,1477.9
6007,1477.3
6008,1474.4
6009,1465.2
6010,1449.6
6011,1439.3
6012,1451.2
6013,1464.6
6014,1472.8
6015,1494.4
6016,1504.6
6017,1499.2
6018,1499.3
6019,1509.8
6020,1531.7
6021,1551.8
6022,1581.9
6023,1606.1
6024,1624.5
6025,1652.8
6026,1682.9
6027,1688.4
6028,1711.2
6029,1716.7
6030,1727.6
6031,1723.5
6032,1719.1
6033,1708
6034,1703.9
6035,1696.3
6036,1688.8
6037,1675.8
6038,1665.4
6039,1648.9
6040,1634.6
6041,1616.1
6042,1598.5
6043,1591.8
6044,1588.9
6045,1581.7
6046,1571.9
6047,1568.4
6048,1571.7
6049,1574.6
6050,1572.3
6051,1565.8
6052,1563.3
6053,1558.2
6054,1551.3
6055,1551.2
6056,1537.3
6057,1528.9
6058,1519.6
6059,1505.9
6060,1499.8
6061,1498.8
6062,1507.3
6063,1522.8
6064,1536.1
6065,1535.6
6066,1543.6
6067,1543.8
6068,1544.3
6069,1532.1
6070,1519.7
6071,1516.5
6072,1525.9
6073,1519.1
6074,1507.6
6075,1492.2
6076,1479.1
6077,1472.8
6078,1464.5
6079,1448.7
6080,1433.2
6081,1418
6082,1405.5
6083,1383.8
6084,1368.6
6085,1359.8
6086,1356.2
6087,1367.6
6088,1366
6089,1361.6
6090,1380.2
6091,1404.5
6092,1416.9
6093,1427.6
6094,1435.4
6095,1445.5
6096,1448.1
6097,1446.5
6098,1446.9
6099,1454.9
6100,1457.9
6101,1452.1
6102,1448.3
6103,1438.2
6104,1434.4
6105,1427.7
6106,1433.9
6107,1425
6108,1417
6109,1408
6110,1406.6
6111,1418.1
6112,1424.3
6113,1440.6
6114,1444.4
6115,1444.4
6116,1441.6
6117,1437
6118,1420.2
6119,1406.7
6120,1397.2
6121,1384.7
6122,1370.7
6123,1364
6124,1364.8
6125,1357.4
6126,1361.9
6127,1374.1
6128,1382
6129,1385.1
6130,1376
6131,1364.2
6132,1349.8
6133,1341.9
6134,1331
6135,1312.9
6136,1297.9
6137,1289.1
6138,1281.6
6139,1279.1
6140,1285.3
6141,1284.9
6142,1290.5
6143,1297.5
6144,1317.3
6145,1324.8
6146,1324.8
6147,1325.6
6148,1332.9
6149,1338.9
6150,1347.9
6151,1361
6152,1377.5
6153,1391.2
6154,1388.2
6155,1389.8
6156,1387.8
6157,1384.4
6158,1384.5
6159,1395
6160,1410
6161,1434.4
6162,1453.6
6163,1478.8
6164,1499.2
6165,1517.5
6166,1553.4
6167,1564.4
6168,1576.8
6169,1603.2
6170,1629.1
6171,1653.2
6172,1669.5
6173,1695
6174,1730.5
6175,1754
6176,1766.4
6177,1772.1
6178,1775.1
6179,1763.7
6180,1764.9
6181,1775.7
6182,1785.7
6183,1780.8
6184,1780.6
6185,1765.5
6186,1751.7
6187,1746.8
6188,1765.3
6189,1781.2
6190,1796.8
6191,1804.5
6192,1805.7
6193,1802.2
6194,1792
6195,1783.9
6196,1784.2
6197,1782.7
6198,1789.7
6199,1807.1
6200,1828.6
6201,1852.7
6202,1869.3
6203,1896.2
6204,1907.1
6205,1921.4
6206,1943.1
6207,1956
6208,1958.7
6209,1962
6210,1966.9
6211,1973.7
6212,1974.9
6213,1968.2
6214,1974.5
6215,1974.2
6216,1974.4
6217,1960.2
6218,1942.5
6219,1922.7
6220,1909.7
6221,1889
6222,1872.2
6223,1848.8
6224,1832.8
6225,1822.9
6226,1816.2
6227,1809.8
6228,1808.6
6229,1808.7
6230,1809.3
6231,1812
6232,1807.2
6233,1810.3
6234,1795.9
6235,1780.2
6236,1777.6
6237,1777.5
6238,1781.9
6239,1784.7
6240,1785.5
6241,1788.9
6242,1801
6243,1816.2
6244,1829.9
6245,1836.9
6246,1838.2
6247,1822.2
6248,1808.5
6249,1794.9
6250,1773.1
6251,1770
6252,1771.1
6253,1776.6
6254,1787.3
6255,1795.1
6256,1806.9
6257,1819.1
6258,1830.3
6259,1832.8
6260,1814.7
6261,1795
6262,1778
6263,1763.9
6264,1763.2
6265,1774.3
6266,1777.2
6267,1771
6268,1756.3
6269,1747.3
6270,1752.7
6271,1744.9
6272,1722.1
6273,1701.2
6274,1680.8
6275,1681.8
6276,1689.2
6277,1702.9
6278,1700.8
6279,1698.1
6280,1687.4
6281,1680.6
6282,1672.3
6283,1662.4
6284,1656.8
6285,1660.8
6286,1664.9
6287,1667.1
6288,1660.8
6289,1670.8
6290,1677.7
6291,1687
6292,1700.1
6293,1717
6294,1717.4
6295,1727.6
6296,1724.5
6297,1715.5
6298,1714.4
6299,1711.4
6300,1714.1
6301,1723.6
6302,1714.9
6303,1715.3
6304,1719.7
6305,1736.5
6306,1758.3
6307,1763.1
6308,1766.6
6309,1771
6310,1772.1
6311,1772.8
6312,1777.3
6313,1776.5
6314,1760.5
6315,1743.6
6316,1728.8
6317,1722.3
6318,1712.7
6319,1706.1
6320,1690.8
6321,1675
6322,1664.3
6323,1648.9
6324,1659.2
6325,1668.8
6326,1682.5
6327,1697.6
6328,1711.7
6329,1718.2
6330,1717.6
6331,1725.2
6332,1733.8
6333,1736.7
6334,1737.4
6335,1730.6
6336,1733.1
6337,1739.6
6338,1743.7
6339,1753
6340,1763.1
6341,1768.8
6342,1796.9
6343,1802.6
6344,1795.5
6345,1787.5
6346,1793.2
6347,1780.8
6348,1768.9
6349,1767
6350,1763.5
6351,1758.8
6352,1755.8
6353,1745.8
6354,1740.7
6355,1739.4
6356,1733.3
6357,1731
6358,1720.4
6359,1702.1
6360,1692.3
6361,1698.3
6362,1698.7
6363,1706.2
6364,1709.8
6365,1697.2
6366,1698
6367,1706.1
6368,1715.2
6369,1714.4
6370,1731.9
6371,1759.3
6372,1758.7
6373,1760.3
6374,1752.5
6375,1750.3
6376,1742.9
6377,1743
6378,1759
6379,1778.4
6380,1787.9
6381,1796
6382,1807.8
6383,1826.7
6384,1829.1
6385,1827.3
6386,1827.4
6387,1821.7
6388,1826.4
6389,1822.2
6390,1813.5
6391,1796.8
6392,1776.2
6393,1753.8
6394,1730.7
6395,1710.7
6396,1699.5
6397,1685.6
6398,1682.4
6399,1678.5
6400,1676.4
6401,1670.3
6402,1657.9
6403,1647
6404,1639.5
6405,1628
6406,1625.4
6407,1636.4
6408,1649
6409,1658.8
6410,1656.2
6411,1660
6412,1659.2
6413,1674.1
6414,1691.3
6415,1722.6
6416,1737.1
6417,1743.6
6418,1754.8
6419,1757.7
6420,1755
6421,1761.1
6422,1766.3
6423,1765.6
6424,1756.1
6425,1736.1
6426,1728.6
6427,1721.6
6428,1713.5
6429,1704.3
6430,1688.8
6431,1668.5
6432,1653.3
6433,1651.3
6434,1641.1
6435,1637.6
6436,1630
6437,1639.2
6438,1644.1
6439,1657.6
6440,1662
6441,1656.4
6442,1661.7
6443,1661.7
6444,1656.2
6445,1656.5
6446,1652.1
6447,1652.6
6448,1666
6449,1666.5
6450,1660.2
6451,1665.9
6452,1666.5
6453,1659.8
6454,1650.2
6455,1648.7
6456,1654.1
6457,1654.5
6458,1668.8
6459,1673.7
6460,1679.5
6461,1692.6
6462,1723.5
6463,1750.1
6464,1772.7
6465,1793.7
6466,1814.9
6467,1831.8
6468,1853.1
6469,1876.3
6470,1906.5
6471,1925.2
6472,1937.4
6473,1953.2
6474,1972.7
6475,1970.2
6476,1967.6
6477,1961.4
6478,1947.6
6479,1937.1
6480,1925.9
6481,1918.8
6482,1902
6483,1881
6484,1847.7
6485,1830.4
6486,1810.3
6487,1801.9
6488,1806.3
6489,1820.3
6490,1841.7
6491,1839.2
6492,1838.3
6493,1848.5
6494,1862.9
6495,1876.2
6496,1884.9
6497,1887.4
6498,1899
6499,1939
6500,1962.6
6501,1976.8
6502,1985.4
6503,1998
6504,2007.8
6505,2005.5
6506,2015.8
6507,2011.8
6508,2018.3
6509,2007.1
6510,1993.4
6511,1992.6
6512,1985.7
6513,1977.9
6514,1960.5
6515,1934.5
6516,1917.7
6517,1908.3
6518,1909.6
6519,1916.2
6520,1925.7
6521,1920.4
6522,1924.3
6523,1923.6
6524,1931.7
6525,1942.9
6526,1948
6527,1959.2
6528,1969.8
6529,1977.9
6530,1994.1
6531,1991.9
6532,1994.7
6533,1997.9
6534,1991.6
6535,1984.6
6536,1972.4
6537,1959.7
6538,1943.6
6539,1932.8
6540,1925.8
6541,1911
6542,1890.4
6543,1863.8
6544,1846.1
6545,1845.3
6546,1853.6
6547,1852.8
6548,1851.5
6549,1843.5
6550,1847.9
6551,1852.7
6552,1848.2
6553,1844.8
6554,1831.9
6555,1840.6
6556,1844.2
6557,1844
6558,1843.5
6559,1838.7
6560,1835.5
6561,1822.6
6562,1821
6563,1826.2
6564,1855.1
6565,1862.8
6566,1872.7
6567,1887.9
6568,1897.4
6569,1913.7
6570,1908.5
6571,1911.9
6572,1913.8
6573,1917.8
6574,1906.1
6575,1889.6
6576,1861.1
6577,1842.7
6578,1833.4
6579,1839.5
6580,1831
6581,1819.7
6582,1794.7
6583,1776.8
6584,1767.8
6585,1766.7
6586,1771.4
6587,1761.8
6588,1750.7
6589,1731
6590,1722
6591,1727.5
6592,1736.7
6593,1746
6594,1743
6595,1738.9
6596,1742.8
6597,1735
6598,1714.5
6599,1685.5
6600,1661.1
6601,1636
6602,1622
6603,1605
6604,1594
6605,1586.2
6606,1587.1
6607,1583.4
6608,1571.8
6609,1556.4
6610,1546.2
6611,1555.5
6612,1554.9
6613,1557.8
6614,1565.4
6615,1561.8
6616,1561.7
6617,1576.5
6618,1589.7
6619,1602
6620,1618
6621,1617.6
6622,1613.7
6623,1612.6
6624,1627.1
6625,1630.7
6626,1642
6627,1650.8
6628,1649.5
6629,1634.7
6630,1612.8
6631,1591.4
6632,1578.7
6633,1571.5
6634,1571.2
6635,1571.3
6636,1580.4
6637,1581.9
6638,1577.3
6639,1567.2
6640,1567.9
6641,1578.7
6642,1602.6
6643,1600.6
6644,1590.1
6645,1578.2
6646,1572.5
6647,1566.8
6648,1566.6
6649,1576.5
6650,1593.5
6651,1605.3
6652,1610.3
6653,1608.3
6654,1594.6
6655,1577.2
6656,1562.3
6657,1553.4
6658,1540.9
6659,1539.7
6660,1558.7
6661,1579.1
6662,1618.7
6663,1654.8
6664,1685.3
6665,1706.4
6666,1712.8
6667,1706.4
6668,1708.9
6669,1695.6
6670,1692.2
6671,1679.2
6672,1661.6
6673,1648
6674,1644
6675,1639.6
6676,1631.6
6677,1621.4
6678,1615
6679,1609.8
6680,1598.8
6681,1607.5
6682,1619.1
6683,1627.7
6684,1634.2
6685,1642
6686,1643.7
6687,1629.7
6688,1620.6
6689,1618.6
6690,1625.6
6691,1634.6
6692,1649.8
6693,1675
6694,1702
6695,1730.5
6696,1748.4
6697,1769.2
6698,1773.9
6699,1773
6700,1789.5
6701,1802.4
6702,1813.8
6703,1812.3
6704,1795.3
6705,1783
6706,1766.8
6707,1751.9
6708,1751.1
6709,1758.4
6710,1767
6711,1784.4
6712,1786.2
6713,1788.8
6714,1789.1
6715,1777.5
6716,1768.5
6717,1756.1
6718,1729.7
6719,1705.6
6720,1702.4
6721,1708.8
6722,1709.8
6723,1714.9
6724,1725.6
6725,1726.8
6726,1744
6727,1760
6728,1771.3
6729,1783.9
6730,1801.4
6731,1818.2
6732,1816.9
6733,1812.5
6734,1822.5
6735,1827.9
6736,1828.8
6737,1829.5
6738,1827.3
6739,1824.6
6740,1822.9
6741,1828.8
6742,1850.6
6743,1855.8
6744,1851.8
6745,1850.5
6746,1851.2
6747,1848.5
6748,1850.4
6749,1855.1
6750,1877.6
6751,1895.1
6752,1889
6753,1893.3
6754,1890.2
6755,1906.1
6756,1916
6757,1918.1
6758,1922.3
6759,1920.8
6760,1927.6
6761,1944.4
6762,1962.3
6763,1985.8
6764,2024.3
6765,2061.8
6766,2114.4
6767,2154.2
6768,2193.1
6769,2225.3
6770,2238.2
6771,2247.4
6772,2260.8
6773,2256.7
6774,2260
6775,2255.5
6776,2258.7
6777,2251.7
6778,2242.3
6779,2245
6780,2239.3
6781,2226.1
6782,2208
6783,2193.9
6784,2191.3
6785,2192.4
6786,2202.5
6787,2204.5
6788,2199.8
6789,2181.5
6790,2170.8
6791,2162.2
6792,2163.3
6793,2165.9
6794,2184
6795,2189.4
6796,2200.2
6797,2205.8
6798,2212
6799,2204.4
6800,2194.4
6801,2175.1
6802,2159.9
6803,2137.3
6804,2111.6
6805,2099.1
6806,2091.5
6807,2087.3
6808,2093.2
6809,2088.2
6810,2072.8
6811,2063.3
6812,2056.2
6813,2056
6814,2039.2
6815,2015.2
6816,1987.7
6817,1982.5
6818,1975.3
6819,1966.7
6820,1957.6
6821,1941.6
6822,1938.9
6823,1958.7
6824,1982.1
6825,1996.8
6826,2002.4
6827,2006.9
6828,2017.8
6829,2046.8
6830,2068.5
6831,2093.4
6832,2112.7
6833,2125.3
6834,2137.1
6835,2156.9
6836,2167
6837,2163.5
6838,2156
6839,2141.8
6840,2143.9
6841,2135.3
6842,2139.2
6843,2142.5
6844,2136.1
6845,2138.7
6846,2140.7
6847,2124.5
6848,2092
6849,2069.6
6850,2046.2
6851,2036.1
6852,2031.5
6853,2025.6
6854,2031
6855,2042.3
6856,2056.5
6857,2059.4
6858,2043.9
6859,2027.1
6860,2014.5
6861,1991.7
6862,1969.5
6863,1948.6
6864,1930.3
6865,1924.1
6866,1907.6
6867,1892.5
6868,1876.3
6869,1861
6870,1859
6871,1852.4
6872,1838.9
6873,1828.5
6874,1808.5
6875,1789.1
6876,1770.9
6877,1757.7
6878,1765.9
6879,1785.7
6880,1814.1
6881,1831.3
6882,1849.3
6883,1849.5
6884,1837
6885,1824
6886,1809
6887,1795.3
6888,1775.7
6889,1756.8
6890,1738
6891,1717.9
6892,1696.7
6893,1690.2
6894,1688
6895,1680.7
6896,1676.5
6897,1672.7
6898,1678.7
6899,1673
6900,1659.2
6901,1647.4
6902,1637.3
6903,1638.4
6904,1653.3
6905,1655.9
6906,1657.9
6907,1659.2
6908,1647.6
6909,1651.2
6910,1661.8
6911,1658.7
6912,1673.7
6913,1688.9
6914,1698.5
6915,1721
6916,1722.2
6917,1726.2
6918,1721.6
6919,1725.3
6920,1724.5
6921,1731
6922,1738
6923,1745.3
6924,1749.7
6925,1749.2
6926,1748.7
6927,1749
6928,1750.2
6929,1744.7
6930,1737.5
6931,1739.1
6932,1729.9
6933,1731.3
6934,1738.4
6935,1754.5
6936,1757.6
6937,1763.3
6938,1758.6
6939,1747.5
6940,1740.7
6941,1726.4
6942,1722.8
6943,1722.4
6944,1718.9
6945,1707.3
6946,1716.2
6947,1718.9
6948,1708.1
6949,1699.2
6950,1689.3
6951,1686.4
6952,1681.9
6953,1696.5
6954,1706.8
6955,1707.6
6956,1698.4
6957,1688.1
6958,1672.7
6959,1673.8
6960,1670.1
6961,1662.6
6962,1656.6
6963,1656.7
6964,1650.8
6965,1649.1
6966,1637.4
6967,1636.5
6968,1637.6
6969,1636.9
6970,1638.6
6971,1632.3
6972,1637.4
6973,1651.1
6974,1663.1
6975,1672.5
6976,1683.3
6977,1702.6
6978,1706.9
6979,1711.1
6980,1706.1
6981,1696.4
6982,1687.2
6983,1690
6984,1694.6
6985,1693.7
6986,1691.5
6987,1691.1
6988,1693.4
6989,1702.1
6990,1709.5
6991,1728.4
6992,1753.9
6993,1758
6994,1761.9
6995,1761.8
6996,1765.1
6997,1770.7
6998,1769.9
6999,1777.8
7000,1788.6
7001,1783.8
7002,1780.5
7003,1787.7
7004,1803
7005,1806.2
7006,1813.8
7007,1815.8
7008,1815.5
7009,1816.2
7010,1838.5
7011,1875.2
7012,1906
7013,1928.4
7014,1941.5
7015,1962.4
7016,1979.2
7017,1994
7018,2003.6
7019,2019.3
7020,2040.2
7021,2050.4
7022,2056.7
7023,2063.2
7024,2071.9
7025,2068.2
7026,2068
7027,2076.8
7028,2095.2
7029,2120.4
7030,2134.2
7031,2146.6
7032,2139.2
7033,2137.7
7034,2138.8
7035,2162.8
7036,2165.1
7037,2155.1
7038,2149.2
7039,2135.8
7040,2135.8
7041,2134.7
7042,2135.9
7043,2146.4
7044,2143.9
7045,2136.4
7046,2125.2
7047,2115.3
7048,2115.4
7049,2102.2
7050,2099.7
7051,2088.6
7052,2086.7
7053,2076.9
7054,2065.7
7055,2043
7056,2027.7
7057,2009.6
7058,1996.4
7059,1986.9
7060,1980.4
7061,1978
7062,1964.2
7063,1967.5
7064,1957.3
7065,1964.9
7066,1964.2
7067,1978.6
7068,1986.3
7069,1989.9
7070,1991.4
7071,1996.5
7072,2007.6
7073,2014.8
7074,2017.1
7075,2018
7076,2025.8
7077,2038.4
7078,2037.7
7079,2027.4
7080,2018.2
7081,2008.9
7082,2009.8
7083,1996.6
7084,1974
7085,1961.1
7086,1953.9
7087,1950.8
7088,1946
7089,1949.4
7090,1966.5
7091,1989.9
7092,2010.4
7093,2003.5
7094,2006.7
7095,2007.3
7096,2013.1
7097,2026.6
7098,2030.5
7099,2023.3
7100,2031.2
7101,2038.9
7102,2033.5
7103,2026.9
7104,2028.4
7105,2040.7
7106,2034.1
7107,2022
7108,2011.6
7109,2000.9
7110,1988.6
7111,1979.2
7112,1958.4
7113,1941.3
7114,1919.7
7115,1902.3
7116,1897.4
7117,1899
7118,1900.8
7119,1903.8
7120,1911.4
7121,1938.8
7122,1953
7123,1962.3
7124,1977.6
7125,1982.4
7126,1987.5
7127,1982
7128,1996.9
7129,1995.7
7130,2006.7
7131,2018.5
7132,2027.8
7133,2019.8
7134,2020.3
7135,2010.8
7136,1997.6
7137,1988.7
7138,1968.2
7139,1965.5
7140,1962.9
7141,1967.8
7142,1990.7
7143,2017.5
7144,2029
7145,2041.5
7146,2039.7
7147,2032.6
7148,2030.5
7149,2032
7150,2029.7
7151,2030.8
7152,2038.3
7153,2047.9
7154,2052.3
7155,2061.6
7156,2054.4
7157,2046.9
7158,2039.7
7159,2023.1
7160,2006.2
7161,2010.4
7162,2006.7
7163,2003.4
7164,1989.1
7165,1982.4
7166,1979.5
7167,1982.4
7168,1972.8
7169,1971.4
7170,1970
7171,1975.2
7172,1988.4
7173,2002.3
7174,2002.1
7175,2003.6
7176,2007
7177,2020.9
7178,2008.2
7179,2002.1
7180,2006
7181,2002
7182,1991.8
7183,1976.7
7184,1967.2
7185,1951.3
7186,1945.9
7187,1945.4
7188,1936.3
7189,1929.9
7190,1932.5
7191,1933.9
7192,1945.9
7193,1961.8
7194,1981.1
7195,2008.2
7196,2023.3
7197,2031
7198,2023.9
7199,2028.4
7200,2031.8
7201,2050.1
7202,2063
7203,2069.3
7204,2092.2
7205,2124.9
7206,2139.2
7207,2145.6
7208,2142.7
7209,2141.9
7210,2143.3
7211,2127.5
7212,2109.2
7213,2086.7
7214,2077.2
7215,2064.5
7216,2083.2
7217,2111.7
7218,2122.6
7219,2119.8
7220,2131
7221,2139
7222,2144
7223,2160.3
7224,2174.7
7225,2185.9
7226,2195.3
7227,2186.4
7228,2184.6
7229,2186.9
7230,2185.8
7231,2183.2
7232,2173.9
7233,2156
7234,2136
7235,2116.8
7236,2101.3
7237,2084.8
7238,2067
7239,2076.2
7240,2112.9
7241,2140.7
7242,2169.1
7243,2177
7244,2176
7245,2175.2
7246,2179
7247,2187.8
7248,2195.1
7249,2211.5
7250,2224.1
7251,2227.8
7252,2232.7
7253,2228.4
7254,2235.2
7255,2234.3
7256,2237.5
7257,2236.2
7258,2247.3
7259,2255.2
7260,2283.8
7261,2285.1
7262,2280.6
7263,2281
7264,2268.2
7265,2265
7266,2257.2
7267,2266.3
7268,2271.1
7269,2273.4
7270,2258.7
7271,2246.6
7272,2245.9
7273,2240.6
7274,2234.4
7275,2229.7
7276,2228.5
7277,2250.2
7278,2268.3
7279,2280.2
7280,2302.9
7281,2326.4
7282,2357.9
7283,2377.5
7284,2389
7285,2393.7
7286,2397.9
7287,2397.5
7288,2385.6
7289,2374.2
7290,2363
7291,2355.3
7292,2359.7
7293,2365.1
7294,2381.8
7295,2391.3
7296,2404
7297,2433.6
7298,2463.8
7299,2474.2
7300,2473.1
7301,2466.1
7302,2470.6
7303,2477.1
7304,2476.3
7305,2472.7
7306,2485.6
7307,2489.8
7308,2493.9
7309,2519
7310,2537.6
7311,2546.6
7312,2561.1
7313,2577.9
7314,2587.8
7315,2575.6
7316,2581.3
7317,2585.8
7318,2587.2
7319,2586.6
7320,2580.9
7321,2579.3
7322,2587
7323,2591.3
7324,2608.7
7325,2607.4
7326,2584.8
7327,2555.5
7328,2521.3
7329,2506.6
7330,2484.7
7331,2466.4
7332,2457.4
7333,2449.3
7334,2448.5
7335,2448
7336,2447.1
7337,2453.3
7338,2451.3
7339,2440.5
7340,2424.8
7341,2406.2
7342,2393.3
7343,2383.2
7344,2373.4
7345,2354.7
7346,2337.2
7347,2325.5
7348,2310.8
7349,2298.9
7350,2290.7
7351,2285.9
7352,2261
7353,2240.9
7354,2218.9
7355,2205.9
7356,2197
7357,2202
7358,2204.8
7359,2218.7
7360,2230.2
7361,2220.2
7362,2197.8
7363,2173.7
7364,2169.5
7365,2168.7
7366,2175.1
7367,2185.8
7368,2192.4
7369,2192
7370,2181.2
7371,2174.2
7372,2166.1
7373,2166.7
7374,2179.1
7375,2177.7
7376,2184.6
7377,2196.1
7378,2189.7
7379,2174.7
7380,2162.5
7381,2162.8
7382,2159
7383,2141.5
7384,2142.6
7385,2144.6
7386,2159.6
7387,2169.1
7388,2188.7
7389,2209
7390,2213.3
7391,2218.5
7392,2215.9
7393,2212.2
7394,2225.3
7395,2237.4
7396,2238.4
7397,2225.8
7398,2216.5
7399,2205.5
7400,2208.4
7401,2193.2
7402,2179.8
7403,2173.9
7404,2167.4
7405,2166.5
7406,2164.3
7407,2178.2
7408,2184.8
7409,2189.9
7410,2203.4
7411,2227.9
7412,2249.2
7413,2261
7414,2260.4
7415,2251.5
7416,2242.4
7417,2243.9
7418,2245.8
7419,2250.1
7420,2250.2
7421,2263.8
7422,2282.3
7423,2287.1
7424,2277.3
7425,2283.1
7426,2288.7
7427,2305.6
7428,2333.7
7429,2337.8
7430,2339
7431,2351.6
7432,2373.8
7433,2388.4
7434,2381.4
7435,2383.6
7436,2392.1
7437,2396.5
7438,2393.5
7439,2393.3
7440,2391
7441,2392.8
7442,2396.2
7443,2404.5
7444,2410.1
7445,2409.9
7446,2406.2
7447,2400.6
7448,2381.8
7449,2373.9
7450,2359.6
7451,2346.6
7452,2353.4
7453,2360.8
7454,2372.5
7455,2374.5
7456,2367
7457,2357.3
7458,2340.1
7459,2313.1
7460,2294.4
7461,2275.8
7462,2254.9
7463,2227.7
7464,2206.6
7465,2198.6
7466,2193.4
7467,2188
7468,2185.5
7469,2174.4
7470,2176.8
7471,2183.5
7472,2199
7473,2203
7474,2199.6
7475,2187.2
7476,2170
7477,2156.2
7478,2152.8
7479,2168.3
7480,2189.6
7481,2205.4
7482,2210.4
7483,2205.9
7484,2210.8
7485,2209.6
7486,2233.2
7487,2253.8
7488,2263.3
7489,2262.7
7490,2264.8
7491,2274.8
7492,2272.3
7493,2276
7494,2256.1
7495,2236.3
7496,2218.8
7497,2218
7498,2223.9
7499,2226.1
7500,2212.5
7501,2207.6
7502,2192.5
7503,2179.3
7504,2156.6
7505,2149.7
7506,2152.6
7507,2149.1
7508,2136.1
7509,2130.8
7510,2142.4
7511,2137.8
7512,2145
7513,2155.5
7514,2163.5
7515,2170.1
7516,2159.5
7517,2160
7518,2177.3
7519,2201.9
7520,2237.9
7521,2266.2
7522,2276.3
7523,2261.5
7524,2255.3
7525,2262.2
7526,2251.7
7527,2239.5
7528,2237.1
7529,2217
7530,2211.3
7531,2214.6
7532,2213.4
7533,2198
7534,2200.6
7535,2200.5
7536,2195.3
7537,2197.9
7538,2186.8
7539,2174.9
7540,2165.1
7541,2156
7542,2147.2
7543,2138.8
7544,2132
7545,2144.6
7546,2150
7547,2146
7548,2154.7
7549,2173.5
7550,2203
7551,2211.5
7552,2221.1
7553,2215.1
7554,2221.1
7555,2234.2
7556,2223.6
7557,2209.5
7558,2190.8
7559,2172.6
7560,2163.3
7561,2171.1
7562,2173.1
7563,2168.8
7564,2165.8
7565,2166.5
7566,2175.9
7567,2199.2
7568,2212
7569,2229.2
7570,2239.4
7571,2238.1
7572,2223.9
7573,2215.7
7574,2202.5
7575,2198.1
7576,2191.8
7577,2177.5
7578,2167.7
7579,2149.8
7580,2140.9
7581,2127
7582,2106.2
7583,2091
7584,2073.7
7585,2060.3
7586,2066.9
7587,2071.3
7588,2064.7
7589,2056.4
7590,2055.1
7591,2069.7
7592,2084.3
7593,2099.8
7594,2112.4
7595,2124.6
7596,2125.1
7597,2120.1
7598,2110.1
7599,2097.6
7600,2088.5
7601,2088.8
7602,2094.8
7603,2104.4
7604,2117.4
7605,2127.4
7606,2144.1
7607,2160.9
7608,2185.4
7609,2182.9
7610,2166.7
7611,2161
7612,2145.7
7613,2132.1
7614,2128.5
7615,2118.6
7616,2102
7617,2086.5
7618,2063.9
7619,2045.9
7620,2018.2
7621,1988.5
7622,1981.5
7623,1980.8
7624,1979
7625,1981.5
7626,1996.4
7627,2014.9
7628,2024.4
7629,2057.8
7630,2082.4
7631,2089.5
7632,2098.5
7633,2098.5
7634,2086.3
7635,2078.4
7636,2067.7
7637,2058.5
7638,2043.4
7639,2035.1
7640,2022.6
7641,2010.4
7642,2002.8
7643,2002
7644,2011.9
7645,2016.9
7646,2021.6
7647,2037
7648,2042.3
7649,2054
7650,2073.1
7651,2081.8
7652,2073.9
7653,2070.8
7654,2060.3
7655,2052.4
7656,2033.8
7657,2032.5
7658,2034.9
7659,2049.8
7660,2071.6
7661,2080.9
7662,2099
7663,2115.1
7664,2126.1
7665,2120.8
7666,2119.9
7667,2116.5
7668,2120.2
7669,2131.1
7670,2137
7671,2135.9
7672,2140.6
7673,2151.1
7674,2175.1
7675,2190.3
7676,2194.9
7677,2190.9
7678,2206
7679,2231.9
7680,2245.1
7681,2242.5
7682,2255.4
7683,2256.7
7684,2248.2
7685,2247.4
7686,2246.6
7687,2247.3
7688,2257.5
7689,2269.8
7690,2272.7
7691,2269.1
7692,2272.3
7693,2270.2
7694,2258.7
7695,2246.4
7696,2238.7
7697,2240
7698,2242.1
7699,2260.2
7700,2275.1
7701,2266.8
7702,2263.8
7703,2258.6
7704,2256.6
7705,2239.2
7706,2230.4
7707,2229
7708,2235.8
7709,2246.6
7710,2253.2
7711,2257.8
7712,2284.4
7713,2295.4
7714,2284.9
7715,2271.3
7716,2270.3
7717,2272.4
7718,2279.8
7719,2281.3
7720,2280.8
7721,2276.3
7722,2278.1
7723,2273.7
7724,2290.8
7725,2307.2
7726,2318
7727,2324.4
7728,2323.9
7729,2313.7
7730,2302.8
7731,2299.9
7732,2295.3
7733,2306.1
7734,2310.6
7735,2318.9
7736,2332.2
7737,2339.9
7738,2347.9
7739,2359.8
7740,2355
7741,2350.5
7742,2341.2
7743,2335.2
7744,2318.8
7745,2287.5
7746,2254.7
7747,2229.7
7748,2225
7749,2231.3
7750,2242.2
7751,2249.4
7752,2265.5
7753,2267.6
7754,2278.1
7755,2286.5
7756,2303
7757,2320.3
7758,2315.7
7759,2313
7760,2310.9
7761,2311.6
7762,2318.9
7763,2338.2
7764,2350.3
7765,2366.1
7766,2376.1
7767,2374.8
7768,2363.1
7769,2344
7770,2338.6
7771,2335
7772,2337.6
7773,2339.9
7774,2334
7775,2316
7776,2296.4
7777,2282.7
7778,2268.6
7779,2252.6
7780,2253.1
7781,2236.8
7782,2235.7
7783,2233.8
7784,2236
7785,2222.4
7786,2222
7787,2225.6
7788,2226
7789,2217.3
7790,2217.1
7791,2207.6
7792,2203.4
7793,2213.5
7794,2223.4
7795,2224.7
7796,2247.1
7797,2277.6
7798,2297.6
7799,2305
7800,2313.9
7801,2315.9
7802,2320.9
7803,2337.9
7804,2359.1
7805,2381.9
7806,2387
7807,2376.7
7808,2360.9
7809,2347.5
7810,2338.6
7811,2323.2
7812,2304
7813,2299.2
7814,2301
7815,2310.8
7816,2316.2
7817,2329.2
7818,2353.3
7819,2371.9
7820,2398.8
7821,2413.6
7822,2425.8
7823,2430.5
7824,2433.2
7825,2441.2
7826,2452.1
7827,2451.4
7828,2460.7
7829,2478.5
7830,2497.3
7831,2505
7832,2509.8
7833,2499.4
7834,2483.4
7835,2484
7836,2490
7837,2488.6
7838,2475.6
7839,2453.9
7840,2434.7
7841,2399.3
7842,2383.3
7843,2370.5
7844,2382.2
7845,2398.7
7846,2420.8
7847,2429
7848,2437.7
7849,2449.4
7850,2449.2
7851,2452.7
7852,2473.2
7853,2501.1
7854,2532.8
7855,2547.8
7856,2561.4
7857,2570
7858,2586.1
7859,2589.2
7860,2599.6
7861,2598.1
7862,2595
7863,2612.5
7864,2639.3
7865,2652.9
7866,2665.2
7867,2672.7
7868,2684.5
7869,2691.2
7870,2687.2
7871,2675.9
7872,2666
7873,2684
7874,2696.3
7875,2718
7876,2739.3
7877,2740.1
7878,2756.5
7879,2783.9
7880,2795
7881,2800.6
7882,2808
7883,2810.3
7884,2816
7885,2820.5
7886,2818.2
7887,2807.4
7888,2800.9
7889,2804.1
7890,2803
7891,2805.1
7892,2805.9
7893,2805.5
7894,2807.4
7895,2798.6
7896,2789.9
7897,2771.9
7898,2752.3
7899,2742.9
7900,2726
7901,2702.6
7902,2678.6
7903,2647.6
7904,2634.1
7905,2629.3
7906,2612.4
7907,2599.8
7908,2589.7
7909,2582.5
7910,2579.3
7911,2575.9
7912,2572.6
7913,2573.1
7914,2579.6
7915,2588.8
7916,2586.3
7917,2568.9
7918,2566.8
7919,2558.1
7920,2539.3
7921,2513.6
7922,2493.9
7923,2471.1
7924,2453
7925,2439.2
7926,2430.7
7927,2419.1
7928,2397.6
7929,2378.3
7930,2355.8
7931,2342.6
7932,2329.8
7933,2312.6
7934,2296.2
7935,2294.4
7936,2296.3
7937,2300.2
7938,2310.9
7939,2312.8
7940,2312.8
7941,2339.4
7942,2352.6
7943,2391
7944,2409.8
7945,2426.4
7946,2433.4
7947,2446.2
7948,2448.1
7949,2448
7950,2445.5
7951,2445.9
7952,2447.5
7953,2453.9
7954,2456.4
7955,2473.3
7956,2477.6
7957,2485.3
7958,2505.7
7959,2535.3
7960,2574.2
7961,2593.6
7962,2607.9
7963,2599.2
7964,2596.5
7965,2586.2
7966,2576.5
7967,2583.4
7968,2592.7
7969,2601.6
7970,2619.5
7971,2640
7972,2646.3
7973,2652
7974,2651.6
7975,2653.3
7976,2652.1
7977,2641.5
7978,2645.5
7979,2650.7
7980,2660.6
7981,2665.9
7982,2670.1
7983,2671.9
7984,2668
7985,2676.2
7986,2689.4
7987,2698.9
7988,2700.1
7989,2706.9
7990,2716
7991,2728.2
7992,2729.2
7993,2726.2
7994,2708.6
7995,2679.7
7996,2646.6
7997,2608.7
7998,2572.3
7999,2544.9
8000,2522.3
