timestamp,mouse_x
1,0
2,0
3,0
4,0
5,0
6,0
7,0
8,0
9,0
10,0
11,0
12,0
13,0
14,0
15,0
16,0
17,0
18,0
19,0
20,0
21,0
22,0
23,0
24,0
25,0
26,0
27,0
28,0
29,0
30,0
31,0
32,0
33,0
34,0
35,0
36,0
37,0
38,0
39,0
40,0
41,0
42,0
43,0
44,0
45,0
46,0
47,0
48,0
49,0
50,0
51,0
52,0
53,0
54,0
55,0
56,0
57,0
58,0
59,0
60,0
61,0
62,0
63,0
64,0
65,0
66,0
67,0
68,0
69,0
70,0
71,0
72,0
73,0
74,0
75,0
76,0
77,0
78,0
79,0
80,0
81,0
82,0
83,0
84,0
85,0
86,0
87,0
88,0
89,0
90,0
91,0
92,0
93,0
94,0
95,0
96,0
97,0
98,0
99,0
100,0
101,0
102,0
103,0
104,0
105,0
106,0
107,0
108,0
109,0
110,0
111,0
112,0
113,0
114,0
115,0
116,0
117,0
118,0
119,0
120,0
121,0
122,0
123,0
124,0
125,0
126,0
127,0
128,0
129,0
130,0
131,0
132,0
133,0
134,0
135,0
136,0
137,0
138,0
139,0
140,0
141,0
142,0
143,0
144,0
145,0
146,0
147,0
148,0
149,0
150,0
151,0
152,0
153,0
154,0
155,0
156,0
157,0
158,0
159,0
160,0
161,0
162,0
163,0
164,0
165,0
166,0
167,0
168,0
169,0
170,0
171,0
172,0
173,0
174,0
175,0
176,0
177,0
178,0
179,0
180,0
181,0
182,0
183,0
184,0
185,0
186,0
187,0
188,0
189,0
190,0
191,0
192,0
193,0
194,0
195,0
196,0
197,0
198,0
199,0
200,0
201,0
202,0
203,0
204,0
205,0
206,0
207,0
208,0
209,0
210,0
211,0
212,0
213,0
214,0
215,0
216,0
217,0
218,0
219,0
220,0
221,0
222,0
223,0
224,0
225,0
226,0
227,0
228,0
229,0
230,0
231,0
232,0
233,0
234,0
235,0
236,0
237,0
238,0
239,0
240,0
241,0
242,0
243,0
244,0
245,0
246,0
247,0
248,0
249,0
250,0
251,0
252,0
253,0
254,0
255,0
256,0
257,0
258,0
259,0
260,0
261,0
262,0
263,0
264,0
265,0
266,0
267,0
268,0
269,0
270,0
271,0
272,0
273,0
274,0
275,0
276,0
277,0
278,0
279,0
280,0
281,0
282,0
283,0
284,0
285,0
286,0
287,0
288,0
289,0
290,0
291,0
292,0
293,0
294,0
295,0
296,0
297,0
298,0
299,0
300,0
301,0
302,0
303,0
304,0
305,0
306,0
307,0
308,0
309,0
310,0
311,0
312,0
313,0
314,0
315,0
316,0
317,0
318,0
319,0
320,0
321,0
322,0
323,0
324,0
325,0
326,0
327,0
328,0
329,0
330,0
331,0
332,0
333,0
334,0
335,0
336,0
337,0
338,0
339,0
340,0
341,0
342,0
343,0
344,0
345,0
346,0
347,0
348,0
349,0
350,0
351,0
352,0
353,0
354,0
355,0
356,0
357,0
358,0
359,0
360,0
361,0
362,0
363,0
364,0
365,0
366,0
367,0
368,0
369,0
370,0
371,0
372,0
373,0
374,0
375,0
376,0
377,0
378,0
379,0
380,0
381,0
382,0
383,0
384,0
385,0
386,0
387,0
388,0
389,0
390,0
391,0
392,0
393,0
394,0
395,0
396,0
397,0
398,0
399,0
400,0
401,0
402,0
403,0
404,0
405,0
406,0
407,0
408,0
409,0
410,0
411,0
412,0
413,0
414,0
415,0
416,0
417,0
418,0
419,0
420,0
421,0
422,0
423,0
424,0
425,0
426,0
427,0
428,0
429,0
430,0
431,0
432,0
433,0
434,0
435,0
436,0
437,0
438,0
439,0
440,0
441,0
442,0
443,0
444,0
445,0
446,0
447,0
448,0
449,0
450,0
451,0
452,0
453,0
454,0
455,0
456,0
457,0
458,0
459,0
460,0
461,0
462,0
463,0
464,0
465,0
466,0
467,0
468,0
469,0
470,0
471,0
472,0
473,0
474,0
475,0
476,0
477,0
478,0
479,0
480,0
481,0
482,0
483,0
484,0
485,0
486,0
487,0
488,0
489,0
490,0
491,0
492,0
493,0
494,0
495,0
496,0
497,0
498,0
499,0
500,0
501,0
502,0
503,0
504,0
505,0
506,0
507,0
508,0
509,0
510,0
511,0
512,0
513,0
514,0
515,0
516,0
517,0
518,0
519,0
520,0
521,0
522,0
523,0
524,0
525,0
526,0
527,0
528,0
529,0
530,0
531,0
532,0
533,0
534,0
535,0
536,0
537,0
538,0
539,0
540,0
541,0
542,0
543,0
544,0
545,0
546,0
547,0
548,0
549,0
550,0
551,0
552,0
553,0
554,0
555,0
556,0
557,0
558,0
559,0
560,0
561,0
562,0
563,0
564,0
565,0
566,0
567,0
568,0
569,0
570,0
571,0
572,0
573,0
574,0
575,0
576,0
577,0
578,0
579,0
580,0
581,0
582,0
583,0
584,0
585,0
586,0
587,0
588,0
589,0
590,0
591,0
592,0
593,0
594,0
595,0
596,0
597,0
598,0
599,0
600,0
601,0
602,0
603,0
604,0
605,0
606,0
607,0
608,0
609,0
610,0
611,0
612,0
613,0
614,0
615,0
616,0
617,0
618,0
619,0
620,0
621,0
622,0
623,0
624,0
625,0
626,0
627,0
628,0
629,0
630,0
631,0
632,0
633,0
634,0
635,0
636,0
637,0
638,0
639,0
640,0
641,0
642,0
643,0
644,0
645,0
646,0
647,0
648,0
649,0
650,0
651,0
652,0
653,0
654,0
655,0
656,0
657,0
658,0
659,0
660,0
661,0
662,0
663,0
664,0
665,0
666,0
667,0
668,0
669,0
670,0
671,0
672,0
673,0
674,0
675,0
676,0
677,0
678,0
679,0
680,0
681,0
682,0
683,0
684,0
685,0
686,0
687,0
688,0
689,0
690,0
691,0
692,0
693,0
694,0
695,0
696,0
697,0
698,0
699,0
700,0
701,0
702,0
703,0
704,0
705,0
706,0
707,0
708,0
709,0
710,0
711,0
712,0
713,0
714,0
715,0
716,0
717,0
718,0
719,0
720,0
721,0
722,0
723,0
724,0
725,0
726,0
727,0
728,0
729,0
730,0
731,0
732,0
733,0
734,0
735,0
736,0
737,0
738,0
739,0
740,0
741,0
742,0
743,0
744,0
745,0
746,0
747,0
748,0
749,0
750,0
751,0
752,0
753,0
754,0
755,0
756,0
757,0
758,0
759,0
760,0
761,0
762,0
763,0
764,0
765,0
766,0
767,0
768,0
769,0
770,0
771,0
772,0
773,0
774,0
775,0
776,0
777,0
778,0
779,0
780,0
781,0
782,0
783,0
784,0
785,0
786,0
787,0
788,0
789,0
790,0
791,0
792,0
793,0
794,0
795,0
796,0
797,0
798,0
799,0
800,0
801,0
802,0
803,0
804,0
805,0
806,0
807,0
808,0
809,0
810,0
811,0
812,0
813,0
814,0
815,0
816,0
817,0
818,0
819,0
820,0
821,0
822,0
823,0
824,0
825,0
826,0
827,0
828,0
829,0
830,0
831,0
832,0
833,0
834,0
835,0
836,0
837,0
838,0
839,0
840,0
841,0
842,0
843,0
844,0
845,0
846,0
847,0
848,0
849,0
850,0
851,0
852,0
853,0
854,0
855,0
856,0
857,0
858,0
859,0
860,0
861,0
862,0
863,0
864,0
865,0
866,0
867,0
868,0
869,0
870,0
871,0
872,0
873,0
874,0
875,0
876,0
877,0
878,0
879,0
880,0
881,0
882,0
883,0
884,0
885,0
886,0
887,0
888,0
889,0
890,0
891,0
892,0
893,0
894,0
895,0
896,0
897,0
898,0
899,0
900,0
901,0
902,0
903,0
904,0
905,0
906,0
907,0
908,0
909,0
910,0
911,0
912,0
913,0
914,0
915,0
916,0
917,0
918,0
919,0
920,0
921,0
922,0
923,0
924,0
925,0
926,0
927,0
928,0
929,0
930,0
931,0
932,0
933,0
934,0
935,0
936,0
937,0
938,0
939,0
940,0
941,0
942,0
943,0
944,0
945,0
946,0
947,0
948,0
949,0
950,0
951,0
952,0
953,0
954,0
955,0
956,0
957,0
958,0
959,0
960,0
961,0
962,0
963,0
964,0
965,0
966,0
967,0
968,0
969,0
970,0
971,0
972,0
973,0
974,0
975,0
976,0
977,0
978,0
979,0
980,0
981,0
982,0
983,0
984,0
985,0
986,0
987,0
988,0
989,0
990,0
991,0
992,0
993,0
994,0
995,0
996,0
997,0
998,0
999,0
1000,0
1001,0
1002,0
1003,0
1004,0
1005,0
1006,0
1007,0
1008,0
1009,0
1010,0
1011,0
1012,0
1013,0
1014,0
1015,0
1016,0
1017,0
1018,0
1019,0
1020,0
1021,0
1022,0
1023,0
1024,0
1025,0
1026,0
1027,0
1028,0
1029,0
1030,0
1031,0
1032,0
1033,0
1034,0
1035,0
1036,0
1037,0
1038,0
1039,0
1040,0
1041,0
1042,0
1043,0
1044,0
1045,0
1046,0
1047,0
1048,0
1049,0
1050,0
1051,0
1052,0
1053,0
1054,0
1055,0
1056,0
1057,0
1058,0
1059,0
1060,0
1061,0
1062,0
1063,0
1064,0
1065,0
1066,0
1067,0
1068,0
1069,0
1070,0
1071,0
1072,0
1073,0
1074,0
1075,0
1076,0
1077,0
1078,0
1079,0
1080,0
1081,0
1082,0
1083,0
1084,0
1085,0
1086,0
1087,0
1088,0
1089,0
1090,0
1091,0
1092,0
1093,0
1094,0
1095,0
1096,0
1097,0
1098,0
1099,0
1100,0
1101,0
1102,0
1103,0
1104,0
1105,0
1106,0
1107,0
1108,0
1109,0
1110,0
1111,0
1112,0
1113,0
1114,0
1115,0
1116,0
1117,0
1118,0
1119,0
1120,0
1121,0
1122,0
1123,0
1124,0
1125,0
1126,0
1127,0
1128,0
1129,0
1130,0
1131,0
1132,0
1133,0
1134,0
1135,0
1136,0
1137,0
1138,0
1139,0
1140,0
1141,0
1142,0
1143,0
1144,0
1145,0
1146,0
1147,0
1148,0
1149,0
1150,0
1151,0
1152,0
1153,0
1154,0
1155,0
1156,0
1157,0
1158,0
1159,0
1160,0
1161,0
1162,0
1163,0
1164,0
1165,0
1166,0
1167,0
1168,0
1169,0
1170,0
1171,0
1172,0
1173,0
1174,0
1175,0
1176,0
1177,0
1178,0
1179,0
1180,0
1181,0
1182,0
1183,0
1184,0
1185,0
1186,0
1187,0
1188,0
1189,0
1190,0
1191,0
1192,0
1193,0
1194,0
1195,0
1196,0
1197,0
1198,0
1199,0
1200,0
1201,0
1202,0
1203,0
1204,0
1205,0
1206,0
1207,0
1208,0
1209,0
1210,0
1211,0
1212,0
1213,0
1214,0
1215,0
1216,0
1217,0
1218,0
1219,0
1220,0
1221,0
1222,0
1223,0
1224,0
1225,0
1226,0
1227,0
1228,0
1229,0
1230,0
1231,0
1232,0
1233,0
1234,0
1235,0
1236,0
1237,0
1238,0
1239,0
1240,0
1241,0
1242,0
1243,0
1244,0
1245,0
1246,0
1247,0
1248,0
1249,0
1250,0
1251,0
1252,0
1253,0
1254,0
1255,0
1256,0
1257,0
1258,0
1259,0
1260,0
1261,0
1262,0
1263,0
1264,0
1265,0
1266,0
1267,0
1268,0
1269,0
1270,0
1271,0
1272,0
1273,0
1274,0
1275,0
1276,0
1277,0
1278,0
1279,0
1280,0
1281,0
1282,0
1283,0
1284,0
1285,0
1286,0
1287,0
1288,0
1289,0
1290,0
1291,0
1292,0
1293,0
1294,0
1295,0
1296,0
1297,0
1298,0
1299,0
1300,0
1301,0
1302,0
1303,0
1304,0
1305,0
1306,0
1307,0
1308,0
1309,0
1310,0
1311,0
1312,0
1313,0
1314,0
1315,0
1316,0
1317,0
1318,0
1319,0
1320,0
1321,0
1322,0
1323,0
1324,0
1325,0
1326,0
1327,0
1328,0
1329,0
1330,0
1331,0
1332,0
1333,0
1334,0
1335,0
1336,0
1337,0
1338,0
1339,0
1340,0
1341,0
1342,0
1343,0
1344,0
1345,0
1346,0
1347,0
1348,0
1349,0
1350,0
1351,0
1352,0
1353,0
1354,0
1355,0
1356,0
1357,0
1358,0
1359,0
1360,0
1361,0
1362,0
1363,0
1364,0
1365,0
1366,0
1367,0
1368,0
1369,0
1370,0
1371,0
1372,0
1373,0
1374,0
1375,0
1376,0
1377,0
1378,0
1379,0
1380,0
1381,0
1382,0
1383,0
1384,0
1385,0
1386,0
1387,0
1388,0
1389,0
1390,0
1391,0
1392,0
1393,0
1394,0
1395,0
1396,0
1397,0
1398,0
1399,0
1400,0
1401,0
1402,0
1403,0
1404,0
1405,0
1406,0
1407,0
1408,0
1409,0
1410,0
1411,0
1412,0
1413,0
1414,0
1415,0
1416,0
1417,0
1418,0
1419,0
1420,0
1421,0
1422,0
1423,0
1424,0
1425,0
1426,0
1427,0
1428,0
1429,0
1430,0
1431,0
1432,0
1433,0
1434,0
1435,0
1436,0
1437,0
1438,0
1439,0
1440,0
1441,0
1442,0
1443,0
1444,0
1445,0
1446,0
1447,0
1448,0
1449,0
1450,0
1451,0
1452,0
1453,0
1454,0
1455,0
1456,0
1457,0
1458,0
1459,0
1460,0
1461,0
1462,0
1463,0
1464,0
1465,0
1466,0
1467,0
1468,0
1469,0
1470,0
1471,0
1472,0
1473,0
1474,0
1475,0
1476,0
1477,0
1478,0
1479,0
1480,0
1481,0
1482,0
1483,0
1484,0
1485,0
1486,0
1487,0
1488,0
1489,0
1490,0
1491,0
1492,0
1493,0
1494,0
1495,0
1496,0
1497,0
1498,0
1499,0
1500,0
1501,0
1502,0
1503,0
1504,0
1505,0
1506,0
1507,0
1508,0
1509,0
1510,0
1511,0
1512,0
1513,0
1514,0
1515,0
1516,0
1517,0
1518,0
1519,0
1520,0
1521,0
1522,0
1523,0
1524,0
1525,0
1526,0
1527,0
1528,0
1529,0
1530,0
1531,0
1532,0
1533,0
1534,0
1535,0
1536,0
1537,0
1538,0
1539,0
1540,0
1541,0
1542,0
1543,0
1544,0
1545,0
1546,0
1547,0
1548,0
1549,0
1550,0
1551,0
1552,0
1553,0
1554,0
1555,0
1556,0
1557,0
1558,0
1559,0
1560,0
1561,0
1562,0
1563,0
1564,0
1565,0
1566,0
1567,0
1568,0
1569,0
1570,0
1571,0
1572,0
1573,0
1574,0
1575,0
1576,0
1577,0
1578,0
1579,0
1580,0
1581,0
1582,0
1583,0
1584,0
1585,0
1586,0
1587,0
1588,0
1589,0
1590,0
1591,0
1592,0
1593,0
1594,0
1595,0
1596,0
1597,0
1598,0
1599,0
1600,0
1601,0
1602,0
1603,0
1604,0
1605,0
1606,0
1607,0
1608,0
1609,0
1610,0
1611,0
1612,0
1613,0
1614,0
1615,0
1616,0
1617,0
1618,0
1619,0
1620,0
1621,0
1622,0
1623,0
1624,0
1625,0
1626,0
1627,0
1628,0
1629,0
1630,0
1631,0
1632,0
1633,0
1634,0
1635,0
1636,0
1637,0
1638,0
1639,0
1640,0
1641,0
1642,0
1643,0
1644,0
1645,0
1646,0
1647,0
1648,0
1649,0
1650,0
1651,0
1652,0
1653,0
1654,0
1655,0
1656,0
1657,0
1658,0
1659,0
1660,0
1661,0
1662,0
1663,0
1664,0
1665,0
1666,0
1667,0
1668,0
1669,0
1670,0
1671,0
1672,0
1673,0
1674,0
1675,0
1676,0
1677,0
1678,0
1679,0
1680,0
1681,0
1682,0
1683,0
1684,0
1685,0
1686,0
1687,0
1688,0
1689,0
1690,0
1691,0
1692,0
1693,0
1694,0
1695,0
1696,0
1697,0
1698,0
1699,0
1700,0
1701,0
1702,0
1703,0
1704,0
1705,0
1706,0
1707,0
1708,0
1709,0
1710,0
1711,0
1712,0
1713,0
1714,0
1715,0
1716,0
1717,0
1718,0
1719,0
1720,0
1721,0
1722,0
1723,0
1724,0
1725,0
1726,0
1727,0
1728,0
1729,0
1730,0
1731,0
1732,0
1733,0
1734,0
1735,0
1736,0
1737,0
1738,0
1739,0
1740,0
1741,0
1742,0
1743,0
1744,0
1745,0
1746,0
1747,0
1748,0
1749,0
1750,0
1751,0
1752,0
1753,0
1754,0
1755,0
1756,0
1757,0
1758,0
1759,0
1760,0
1761,0
1762,0
1763,0
1764,0
1765,0
1766,0
1767,0
1768,0
1769,0
1770,0
1771,0
1772,0
1773,0
1774,0
1775,0
1776,0
1777,0
1778,0
1779,0
1780,0
1781,0
1782,0
1783,0
1784,0
1785,0
1786,0
1787,0
1788,0
1789,0
1790,0
1791,0
1792,0
1793,0
1794,0
1795,0
1796,0
1797,0
1798,0
1799,0
1800,0
1801,0
1802,0
1803,0
1804,0
1805,0
1806,0
1807,0
1808,0
1809,0
1810,0
1811,0
1812,0
1813,0
1814,0
1815,0
1816,0
1817,0
1818,0
1819,0
1820,0
1821,0
1822,0
1823,0
1824,0
1825,0
1826,0
1827,0
1828,0
1829,0
1830,0
1831,0
1832,0
1833,0
1834,0
1835,0
1836,0
1837,0
1838,0
1839,0
1840,0
1841,0
1842,0
1843,0
1844,0
1845,0
1846,0
1847,0
1848,0
1849,0
1850,0
1851,0
1852,0
1853,0
1854,0
1855,0
1856,0
1857,0
1858,0
1859,0
1860,0
1861,0
1862,0
1863,0
1864,0
1865,0
1866,0
1867,0
1868,0
1869,0
1870,0
1871,0
1872,0
1873,0
1874,0
1875,0
1876,0
1877,0
1878,0
1879,0
1880,0
1881,0
1882,0
1883,0
1884,0
1885,0
1886,0
1887,0
1888,0
1889,0
1890,0
1891,0
1892,0
1893,0
1894,0
1895,0
1896,0
1897,0
1898,0
1899,0
1900,0
1901,0
1902,0
1903,0
1904,0
1905,0
1906,0
1907,0
1908,0
1909,0
1910,0
1911,0
1912,0
1913,0
1914,0
1915,0
1916,0
1917,0
1918,0
1919,0
1920,0
1921,0
1922,0
1923,0
1924,0
1925,0
1926,0
1927,0
1928,0
1929,0
1930,0
1931,0
1932,0
1933,0
1934,0
1935,0
1936,0
1937,0
1938,0
1939,0
1940,0
1941,0
1942,0
1943,0
1944,0
1945,0
1946,0
1947,0
1948,0
1949,0
1950,0
1951,0
1952,0
1953,0
1954,0
1955,0
1956,0
1957,0
1958,0
1959,0
1960,0
1961,0
1962,0
1963,0
1964,0
1965,0
1966,0
1967,0
1968,0
1969,0
1970,0
1971,0
1972,0
1973,0
1974,0
1975,0
1976,0
1977,0
1978,0
1979,0
1980,0
1981,0
1982,0
1983,0
1984,0
1985,0
1986,0
1987,0
1988,0
1989,0
1990,0
1991,0
1992,0
1993,0
1994,0
1995,0
1996,0
1997,0
1998,0
1999,0
2000,0
2001,0
2002,0
2003,0
2004,0
2005,0
2006,0
2007,0
2008,0
2009,0
2010,0
2011,0
2012,0
2013,0
2014,0
2015,0
2016,0
2017,0
2018,0
2019,0
2020,0
2021,0
2022,0
2023,0
2024,0
2025,0
2026,0
2027,0
2028,0
2029,0
2030,0
2031,0
2032,0
2033,0
2034,0
2035,0
2036,0
2037,0
2038,0
2039,0
2040,0
2041,0
2042,0
2043,0
2044,0
2045,0
2046,0
2047,0
2048,0
2049,0
2050,0
2051,0
2052,0
2053,0
2054,0
2055,0
2056,0
2057,0
2058,0
2059,0
2060,0
2061,0
2062,0
2063,0
2064,0
2065,0
2066,0
2067,0
2068,0
2069,0
2070,0
2071,0
2072,0
2073,0
2074,0
2075,0
2076,0
2077,0
2078,0
2079,0
2080,0
2081,0
2082,0
2083,0
2084,0
2085,0
2086,0
2087,0
2088,0
2089,0
2090,0
2091,0
2092,0
2093,0
2094,0
2095,0
2096,0
2097,0
2098,0
2099,0
2100,0
2101,0
2102,0
2103,0
2104,0
2105,0
2106,0
2107,0
2108,0
2109,0
2110,0
2111,0
2112,0
2113,0
2114,0
2115,0
2116,0
2117,0
2118,0
2119,0
2120,0
2121,0
2122,0
2123,0
2124,0
2125,0
2126,0
2127,0
2128,0
2129,0
2130,0
2131,0
2132,0
2133,0
2134,0
2135,0
2136,0
2137,0
2138,0
2139,0
2140,0
2141,0
2142,0
2143,0
2144,0
2145,0
2146,0
2147,0
2148,0
2149,0
2150,0
2151,0
2152,0
2153,0
2154,0
2155,0
2156,0
2157,0
2158,0
2159,0
2160,0
2161,0
2162,0
2163,0
2164,0
2165,0
2166,0
2167,0
2168,0
2169,0
2170,0
2171,0
2172,0
2173,0
2174,0
2175,0
2176,0
2177,0
2178,0
2179,0
2180,0
2181,0
2182,0
2183,0
2184,0
2185,0
2186,0
2187,0
2188,0
2189,0
2190,0
2191,0
2192,0
2193,0
2194,0
2195,0
2196,0
2197,0
2198,0
2199,0
2200,0
2201,0
2202,0
2203,0
2204,0
2205,0
2206,0
2207,0
2208,0
2209,0
2210,0
2211,0
2212,0
2213,0
2214,0
2215,0
2216,0
2217,0
2218,0
2219,0
2220,0
2221,0
2222,0
2223,0
2224,0
2225,0
2226,0
2227,0
2228,0
2229,0
2230,0
2231,0
2232,0
2233,0
2234,0
2235,0
2236,0
2237,0
2238,0
2239,0
2240,0
2241,0
2242,0
2243,0
2244,0
2245,0
2246,0
2247,0
2248,0
2249,0
2250,0
2251,0
2252,0
2253,0
2254,0
2255,0
2256,0
2257,0
2258,0
2259,0
2260,0
2261,0
2262,0
2263,0
2264,0
2265,0
2266,0
2267,0
2268,0
2269,0
2270,0
2271,0
2272,0
2273,0
2274,0
2275,0
2276,0
2277,0
2278,0
2279,0
2280,0
2281,0
2282,0
2283,0
2284,0
2285,0
2286,0
2287,0
2288,0
2289,0
2290,0
2291,0
2292,0
2293,0
2294,0
2295,0
2296,0
2297,0
2298,0
2299,0
2300,0
2301,0
2302,0
2303,0
2304,0
2305,0
2306,0
2307,0
2308,0
2309,0
2310,0
2311,0
2312,0
2313,0
2314,0
2315,0
2316,0
2317,0
2318,0
2319,0
2320,0
2321,0
2322,0
2323,0
2324,0
2325,0
2326,0
2327,0
2328,0
2329,0
2330,0
2331,0
2332,0
2333,0
2334,0
2335,0
2336,0
2337,0
2338,0
2339,0
2340,0
2341,0
2342,0
2343,0
2344,0
2345,0
2346,0
2347,0
2348,0
2349,0
2350,0
2351,0
2352,0
2353,0
2354,0
2355,0
2356,0
2357,0
2358,0
2359,0
2360,0
2361,0
2362,0
2363,0
2364,0
2365,0
2366,0
2367,0
2368,0
2369,0
2370,0
2371,0
2372,0
2373,0
2374,0
2375,0
2376,0
2377,0
2378,0
2379,0
2380,0
2381,0
2382,0
2383,0
2384,0
2385,0
2386,0
2387,0
2388,0
2389,0
2390,0
2391,0
2392,0
2393,0
2394,0
2395,0
2396,0
2397,0
2398,0
2399,0
2400,0
2401,0
2402,0
2403,0
2404,0
2405,0
2406,0
2407,0
2408,0
2409,0
2410,0
2411,0
2412,0
2413,0
2414,0
2415,0
2416,0
2417,0
2418,0
2419,0
2420,0
2421,0
2422,0
2423,0
2424,0
2425,0
2426,0
2427,0
2428,0
2429,0
2430,0
2431,0
2432,0
2433,0
2434,0
2435,0
2436,0
2437,0
2438,0
2439,0
2440,0
2441,0
2442,0
2443,0
2444,0
2445,0
2446,0
2447,0
2448,0
2449,0
2450,0
2451,0
2452,0
2453,0
2454,0
2455,0
2456,0
2457,0
2458,0
2459,0
2460,0
2461,0
2462,0
2463,0
2464,0
2465,0
2466,0
2467,0
2468,0
2469,0
2470,0
2471,0
2472,0
2473,0
2474,0
2475,0
2476,0
2477,0
2478,0
2479,0
2480,0
2481,0
2482,0
2483,0
2484,0
2485,0
2486,0
2487,0
2488,0
2489,0
2490,0
2491,0
2492,0
2493,0
2494,0
2495,0
2496,0
2497,0
2498,0
2499,0
2500,0
2501,0
2502,0
2503,0
2504,0
2505,0
2506,0
2507,0
2508,0
2509,0
2510,0
2511,0
2512,0
2513,0
2514,0
2515,0
2516,0
2517,0
2518,0
2519,0
2520,0
2521,0
2522,0
2523,0
2524,0
2525,0
2526,0
2527,0
2528,0
2529,0
2530,0
2531,0
2532,0
2533,0
2534,0
2535,0
2536,0
2537,0
2538,0
2539,0
2540,0
2541,0
2542,0
2543,0
2544,0
2545,0
2546,0
2547,0
2548,0
2549,0
2550,0
2551,0
2552,0
2553,0
2554,0
2555,0
2556,0
2557,0
2558,0
2559,0
2560,0
2561,0
2562,0
2563,0
2564,0
2565,0
2566,0
2567,0
2568,0
2569,0
2570,0
2571,0
2572,0
2573,0
2574,0
2575,0
2576,0
2577,0
2578,0
2579,0
2580,0
2581,0
2582,0
2583,0
2584,0
2585,0
2586,0
2587,0
2588,0
2589,0
2590,0
2591,0
2592,0
2593,0
2594,0
2595,0
2596,0
2597,0
2598,0
2599,0
2600,0
2601,0
2602,0
2603,0
2604,0
2605,0
2606,0
2607,0
2608,0
2609,0
2610,0
2611,0
2612,0
2613,0
2614,0
2615,0
2616,0
2617,0
2618,0
2619,0
2620,0
2621,0
2622,0
2623,0
2624,0
2625,0
2626,0
2627,0
2628,0
2629,0
2630,0
2631,0
2632,0
2633,0
2634,0
2635,0
2636,0
2637,0
2638,0
2639,0
2640,0
2641,0
2642,0
2643,0
2644,0
2645,0
2646,0
2647,0
2648,0
2649,0
2650,0
2651,0
2652,0
2653,0
2654,0
2655,0
2656,0
2657,0
2658,0
2659,0
2660,0
2661,0
2662,0
2663,0
2664,0
2665,0
2666,0
2667,0
2668,0
2669,0
2670,0
2671,0
2672,0
2673,0
2674,0
2675,0
2676,0
2677,0
2678,0
2679,0
2680,0
2681,0
2682,0
2683,0
2684,0
2685,0
2686,0
2687,0
2688,0
2689,0
2690,0
2691,0
2692,0
2693,0
2694,0
2695,0
2696,0
2697,0
2698,0
2699,0
2700,0
2701,0
2702,0
2703,0
2704,0
2705,0
2706,0
2707,0
2708,0
2709,0
2710,0
2711,0
2712,0
2713,0
2714,0
2715,0
2716,0
2717,0
2718,0
2719,0
2720,0
2721,0
2722,0
2723,0
2724,0
2725,0
2726,0
2727,0
2728,0
2729,0
2730,0
2731,0
2732,0
2733,0
2734,0
2735,0
2736,0
2737,0
2738,0
2739,0
2740,0
2741,0
2742,0
2743,0
2744,0
2745,0
2746,0
2747,0
2748,0
2749,0
2750,0
2751,0
2752,0
2753,0
2754,0
2755,0
2756,0
2757,0
2758,0
2759,0
2760,0
2761,0
2762,0
2763,0
2764,0
2765,0
2766,-5.849
2767,-12.216
2768,-15.725
2769,-20.124
2770,-23.149
2771,-27.031
2772,-31.699
2773,-35.86
2774,-39.92
2775,-43.8
2776,-48.62
2777,-51.155
2778,-54.691
2779,-58.007
2780,-60.904
2781,-62.265
2782,-61.501
2783,-60.619
2784,-60.554
2785,-64.31
2786,-67.727
2787,-72.018
2788,-76.707
2789,-81.552
2790,-87.178
2791,-94.41
2792,-102.3
2793,-110.52
2794,-118.41
2795,-125.03
2796,-129.82
2797,-134.92
2798,-142.12
2799,-147.52
2800,-150.69
2801,-154.32
2802,-155.42
2803,-159.84
2804,-166.57
2805,-171.72
2806,-177.24
2807,-185.18
2808,-191.18
2809,-197.63
2810,-204.04
2811,-211.22
2812,-215.08
2813,-221.4
2814,-227.33
2815,-234.38
2816,-242.2
2817,-251.19
2818,-263.66
2819,-274.8
2820,-286.97
2821,-297.68
2822,-305.36
2823,-312.93
2824,-320.84
2825,-327.66
2826,-333.61
2827,-338.33
2828,-341.92
2829,-346.84
2830,-351.9
2831,-356.44
2832,-359.64
2833,-361.75
2834,-363.59
2835,-367.51
2836,-371.52
2837,-375.04
2838,-380.56
2839,-385.67
2840,-389.32
2841,-391.66
2842,-393.89
2843,-396.61
2844,-401.54
2845,-407.48
2846,-410.29
2847,-414.77
2848,-419.95
2849,-424.61
2850,-430.28
2851,-436.2
2852,-441.74
2853,-445.06
2854,-446.8
2855,-448.36
2856,-451.22
2857,-453.86
2858,-456.74
2859,-457.51
2860,-460.51
2861,-462.71
2862,-463.3
2863,-462.87
2864,-463.79
2865,-464.73
2866,-466.94
2867,-469.58
2868,-476.29
2869,-481.14
2870,-487.17
2871,-494.03
2872,-500.97
2873,-507.47
2874,-515.71
2875,-519.81
2876,-523.87
2877,-525.78
2878,-528.34
2879,-529.81
2880,-530.17
2881,-532.39
2882,-537.43
2883,-543.17
2884,-548.24
2885,-553.79
2886,-559.31
2887,-563.49
2888,-567.4
2889,-569.9
2890,-573.5
2891,-576.72
2892,-580.45
2893,-585.05
2894,-591.54
2895,-595.61
2896,-599.48
2897,-602.52
2898,-604.77
2899,-606.12
2900,-607.09
2901,-608.13
2902,-607.5
2903,-607.98
2904,-607.17
2905,-606.22
2906,-605.23
2907,-603.99
2908,-604.88
2909,-603.51
2910,-601.2
2911,-600.99
2912,-602.99
2913,-604.52
2914,-606.33
2915,-607.29
2916,-608.67
2917,-611.79
2918,-613.82
2919,-614.47
2920,-615.16
2921,-617.02
2922,-619.98
2923,-623.74
2924,-627.09
2925,-628.62
2926,-626.78
2927,-629.2
2928,-632.61
2929,-636.83
2930,-640.36
2931,-644.42
2932,-646.91
2933,-649.59
2934,-651.7
2935,-653.18
2936,-655.28
2937,-656.96
2938,-658.46
2939,-660.21
2940,-660.78
2941,-660.49
2942,-660.89
2943,-660.2
2944,-659.14
2945,-660.47
2946,-661.73
2947,-663.56
2948,-663.35
2949,-663.46
2950,-663.3
2951,-664.83
2952,-668.14
2953,-674.14
2954,-679.09
2955,-684.2
2956,-688.54
2957,-690.59
2958,-693.97
2959,-696.25
2960,-698.34
2961,-701.23
2962,-701.34
2963,-701.7
2964,-705.09
2965,-708.58
2966,-715.1
2967,-719.79
2968,-720.7
2969,-720.9
2970,-721.43
2971,-723.02
2972,-723.89
2973,-726.16
2974,-728.41
2975,-731.22
2976,-733.95
2977,-738.39
2978,-740.55
2979,-742.01
2980,-744.19
2981,-746.98
2982,-750.53
2983,-754.02
2984,-757.6
2985,-760.37
2986,-763.24
2987,-764.66
2988,-766.35
2989,-767.47
2990,-767.72
2991,-769.82
2992,-770.97
2993,-772.62
2994,-773.77
2995,-773.12
2996,-773.77
2997,-775.41
2998,-778.14
2999,-779.39
3000,-780.22
3001,-780.02
3002,-778.99
3003,-778.74
3004,-778.79
3005,-780.62
3006,-782.97
3007,-783.12
3008,-785.3
3009,-788.99
3010,-792.68
3011,-796.92
3012,-799.54
3013,-803.07
3014,-808.25
3015,-812.09
3016,-817.02
3017,-822.33
3018,-826.2
3019,-829.85
3020,-832.56
3021,-836.33
3022,-838.08
3023,-839.78
3024,-839.47
3025,-839.74
3026,-841.77
3027,-842.86
3028,-843.22
3029,-844.73
3030,-844.86
3031,-846.26
3032,-848.52
3033,-850.44
3034,-852.04
3035,-853.66
3036,-854.94
3037,-854.81
3038,-852.47
3039,-850.34
3040,-849.66
3041,-849.09
3042,-846.81
3043,-845.68
3044,-846.41
3045,-847.96
3046,-847.56
3047,-845.25
3048,-844.42
3049,-843.16
3050,-841.71
3051,-841.87
3052,-840.58
3053,-841.71
3054,-843.08
3055,-844.97
3056,-846.02
3057,-846.85
3058,-847.41
3059,-847.53
3060,-847.41
3061,-847.2
3062,-848.35
3063,-850.47
3064,-852.53
3065,-854.26
3066,-856.03
3067,-855.4
3068,-854.99
3069,-852.6
3070,-850.95
3071,-849.29
3072,-847.97
3073,-842.51
3074,-838.55
3075,-834.73
3076,-833
3077,-832.35
3078,-832.49
3079,-833.65
3080,-834.03
3081,-835.25
3082,-834.4
3083,-833.86
3084,-833.56
3085,-835.28
3086,-836.39
3087,-836.01
3088,-835.45
3089,-834.52
3090,-834.26
3091,-834.68
3092,-835.1
3093,-835.87
3094,-832.95
3095,-830.29
3096,-826.77
3097,-825.11
3098,-821.56
3099,-818.91
3100,-816.42
3101,-814.68
3102,-813.12
3103,-812.07
3104,-811.53
3105,-812.46
3106,-814.25
3107,-813.94
3108,-812.61
3109,-811.43
3110,-808.88
3111,-807.04
3112,-804.79
3113,-806.46
3114,-805.95
3115,-806.43
3116,-805.95
3117,-804.89
3118,-803.06
3119,-802.59
3120,-800.34
3121,-798.75
3122,-797.88
3123,-797.13
3124,-796.47
3125,-796.7
3126,-794.87
3127,-793.06
3128,-791.97
3129,-791.3
3130,-790.68
3131,-788.09
3132,-785.3
3133,-785.61
3134,-786.1
3135,-783.12
3136,-780.17
3137,-778.43
3138,-775.92
3139,-773.13
3140,-768.73
3141,-765.24
3142,-761.94
3143,-761.16
3144,-759.49
3145,-758.06
3146,-755.12
3147,-751.24
3148,-747.85
3149,-745
3150,-741.07
3151,-738.17
3152,-735.3
3153,-735.23
3154,-735.06
3155,-736.27
3156,-737.11
3157,-736.27
3158,-734.74
3159,-731.34
3160,-728.05
3161,-725.91
3162,-723.57
3163,-722.52
3164,-721.47
3165,-720.72
3166,-719.63
3167,-719.81
3168,-719.79
3169,-718.84
3170,-718.39
3171,-719.25
3172,-719.03
3173,-715.31
3174,-710.49
3175,-705.82
3176,-704.32
3177,-699.63
3178,-694.68
3179,-691.73
3180,-690.95
3181,-689.81
3182,-687.44
3183,-686.11
3184,-684.73
3185,-685.21
3186,-682.16
3187,-682.53
3188,-684.33
3189,-685.18
3190,-684.95
3191,-685.6
3192,-687.2
3193,-688.89
3194,-689.97
3195,-690.26
3196,-688.21
3197,-688.19
3198,-686.45
3199,-685.02
3200,-685.24
3201,-683.02
3202,-683.76
3203,-683.51
3204,-682.62
3205,-682.24
3206,-680.82
3207,-680.25
3208,-679.04
3209,-676.65
3210,-674.1
3211,-671.64
3212,-668.9
3213,-666.15
3214,-664.25
3215,-662.09
3216,-661.65
3217,-660.45
3218,-658.57
3219,-656.45
3220,-652.25
3221,-650.11
3222,-646.95
3223,-642.14
3224,-639.27
3225,-636.36
3226,-633.45
3227,-630.46
3228,-626.13
3229,-621.41
3230,-617.87
3231,-616.59
3232,-617.34
3233,-617.08
3234,-616.65
3235,-614.88
3236,-612.39
3237,-610.51
3238,-609.23
3239,-607.2
3240,-606.84
3241,-607.08
3242,-608.84
3243,-610.51
3244,-612.36
3245,-613.01
3246,-612.55
3247,-612.05
3248,-611.68
3249,-611.11
3250,-610.72
3251,-608.7
3252,-607.93
3253,-606.63
3254,-605.32
3255,-603.22
3256,-600.57
3257,-599.65
3258,-599.1
3259,-596.88
3260,-597.19
3261,-596.79
3262,-592.9
3263,-590.93
3264,-589.89
3265,-588.19
3266,-589.07
3267,-588.87
3268,-588.48
3269,-587.22
3270,-586.15
3271,-587.24
3272,-588.63
3273,-588.71
3274,-589.11
3275,-590.14
3276,-591.23
3277,-592.73
3278,-596.22
3279,-598.41
3280,-599.3
3281,-600.74
3282,-601.13
3283,-600.87
3284,-603.13
3285,-604.83
3286,-606.11
3287,-605
3288,-603.57
3289,-602.6
3290,-601.21
3291,-599.74
3292,-598.29
3293,-595.64
3294,-591.33
3295,-587.06
3296,-586.46
3297,-583.55
3298,-580.87
3299,-576.47
3300,-571.44
3301,-568.98
3302,-568.9
3303,-570.12
3304,-571.49
3305,-571.28
3306,-568.29
3307,-566.2
3308,-563.66
3309,-561.07
3310,-559.71
3311,-558.33
3312,-556.2
3313,-554.27
3314,-551.87
3315,-547.49
3316,-546.33
3317,-542.81
3318,-541.22
3319,-540.92
3320,-542.11
3321,-542.67
3322,-542.23
3323,-542.11
3324,-540.62
3325,-539.26
3326,-538.45
3327,-538.54
3328,-536.51
3329,-534.49
3330,-531.47
3331,-528.29
3332,-524.88
3333,-523.18
3334,-520.79
3335,-519.12
3336,-517.4
3337,-514.27
3338,-511.05
3339,-508.3
3340,-507.61
3341,-506.27
3342,-505.79
3343,-504.68
3344,-503.7
3345,-501.07
3346,-498.8
3347,-496.46
3348,-494.05
3349,-493.14
3350,-491.36
3351,-488.83
3352,-485.92
3353,-482.44
3354,-479.87
3355,-477.38
3356,-475.74
3357,-473.52
3358,-471.32
3359,-469.26
3360,-467.07
3361,-461.75
3362,-456.78
3363,-454.19
3364,-452.59
3365,-448.96
3366,-445.68
3367,-443.46
3368,-442.24
3369,-439.74
3370,-436.71
3371,-436.48
3372,-433.86
3373,-431.65
3374,-429.22
3375,-427.59
3376,-426.89
3377,-425.45
3378,-424.16
3379,-423.06
3380,-421.78
3381,-419.8
3382,-417.66
3383,-415.88
3384,-413.76
3385,-410.91
3386,-408.24
3387,-406.23
3388,-406.06
3389,-406.28
3390,-406.88
3391,-407.6
3392,-407.36
3393,-407.43
3394,-407.1
3395,-405.37
3396,-404.21
3397,-403.9
3398,-404.71
3399,-404.6
3400,-405.52
3401,-408.22
3402,-409.62
3403,-410.06
3404,-409.37
3405,-408.65
3406,-408.06
3407,-407.1
3408,-405.36
3409,-402.14
3410,-398.8
3411,-396.35
3412,-395.62
3413,-392.99
3414,-390.79
3415,-389.66
3416,-389.2
3417,-387.84
3418,-386.43
3419,-385.01
3420,-382.98
3421,-382.16
3422,-380.85
3423,-379.02
3424,-378.11
3425,-377.49
3426,-377.15
3427,-377.64
3428,-377.87
3429,-378.7
3430,-379.15
3431,-378.57
3432,-378.69
3433,-378.61
3434,-376.78
3435,-375.63
3436,-374.86
3437,-374.7
3438,-372.26
3439,-371.85
3440,-372.08
3441,-373.68
3442,-372.85
3443,-373.18
3444,-374.22
3445,-374.18
3446,-372.24
3447,-369.5
3448,-368.83
3449,-368.98
3450,-369.46
3451,-369.12
3452,-369.62
3453,-369.91
3454,-371.35
3455,-371.15
3456,-371.97
3457,-371.64
3458,-370.2
3459,-366.77
3460,-365.8
3461,-365.88
3462,-366.58
3463,-367.25
3464,-367.79
3465,-368.39
3466,-367.74
3467,-366.47
3468,-366
3469,-365.12
3470,-363.9
3471,-361.67
3472,-357.54
3473,-352.86
3474,-349.76
3475,-347.65
3476,-345.29
3477,-343.17
3478,-342.19
3479,-342.57
3480,-343.14
3481,-341.79
3482,-340.79
3483,-340.18
3484,-338.47
3485,-335.19
3486,-332.51
3487,-333.79
3488,-334.39
3489,-335.74
3490,-335.9
3491,-335.75
3492,-335.02
3493,-334.87
3494,-333.96
3495,-331.9
3496,-329.78
3497,-328.08
3498,-325.65
3499,-323.02
3500,-318.99
3501,-316.72
3502,-313.71
3503,-310.49
3504,-309.4
3505,-307.34
3506,-306.52
3507,-306.05
3508,-306.83
3509,-307.18
3510,-309.18
3511,-310.88
3512,-310.98
3513,-311.07
3514,-310.43
3515,-309.7
3516,-309.28
3517,-309.18
3518,-308.47
3519,-308.21
3520,-308.74
3521,-309.53
3522,-310.94
3523,-313.21
3524,-312.84
3525,-311.49
3526,-310.34
3527,-308.88
3528,-307.95
3529,-306.03
3530,-304.27
3531,-303.42
3532,-302.31
3533,-301.73
3534,-298.21
3535,-295.58
3536,-292.1
3537,-288.71
3538,-284.67
3539,-284.84
3540,-284.74
3541,-283.89
3542,-283.96
3543,-283.24
3544,-283.48
3545,-284.41
3546,-283.26
3547,-282.39
3548,-280.71
3549,-277.17
3550,-273.91
3551,-271.63
3552,-268.73
3553,-265.13
3554,-264.34
3555,-263.48
3556,-261.92
3557,-261.25
3558,-259.38
3559,-259.3
3560,-257.64
3561,-255.49
3562,-253.79
3563,-251.76
3564,-248.79
3565,-247.23
3566,-244.44
3567,-242.13
3568,-240.52
3569,-239.1
3570,-238.95
3571,-239.5
3572,-241.04
3573,-242.38
3574,-243.07
3575,-242.07
3576,-243.46
3577,-245.14
3578,-246.75
3579,-247.94
3580,-247.29
3581,-246.84
3582,-245.02
3583,-242.84
3584,-240.9
3585,-238.15
3586,-236.99
3587,-234.92
3588,-231.34
3589,-228.27
3590,-224.89
3591,-220.54
3592,-216.68
3593,-211.87
3594,-207.75
3595,-202.54
3596,-199.49
3597,-198.19
3598,-196.98
3599,-195.96
3600,-194.85
3601,-195.32
3602,-195.92
3603,-196.35
3604,-195.59
3605,-195.91
3606,-196.51
3607,-198.52
3608,-200.17
3609,-203.31
3610,-205.83
3611,-208.66
3612,-211.02
3613,-213.53
3614,-215
3615,-217.71
3616,-220.48
3617,-223.16
3618,-224.89
3619,-225.34
3620,-224.99
3621,-225.48
3622,-224.87
3623,-224.32
3624,-224.54
3625,-224.49
3626,-224.44
3627,-224.04
3628,-223.27
3629,-223.17
3630,-220.9
3631,-218.54
3632,-217.34
3633,-215.54
3634,-215.74
3635,-216.12
3636,-215.25
3637,-215.16
3638,-214.27
3639,-213.03
3640,-213.56
3641,-213.87
3642,-214.79
3643,-212.54
3644,-210.77
3645,-207.11
3646,-204.47
3647,-202.72
3648,-202.38
3649,-200.29
3650,-199.56
3651,-198.76
3652,-198.48
3653,-197.29
3654,-195.14
3655,-192.86
3656,-191.27
3657,-190.78
3658,-191.31
3659,-191.4
3660,-191.93
3661,-191.62
3662,-191.94
3663,-191.34
3664,-190.92
3665,-189.96
3666,-189.63
3667,-188.32
3668,-186.68
3669,-183.98
3670,-181.92
3671,-181.68
3672,-183.08
3673,-183.32
3674,-181.68
3675,-181.66
3676,-180.33
3677,-177.4
3678,-175.78
3679,-174
3680,-173.21
3681,-172.47
3682,-172.67
3683,-171.33
3684,-170.92
3685,-169.6
3686,-168.3
3687,-167.28
3688,-165.09
3689,-163.89
3690,-162.52
3691,-160.57
3692,-160.25
3693,-159.95
3694,-159.13
3695,-158.99
3696,-157.81
3697,-156.11
3698,-154.27
3699,-152.36
3700,-150.36
3701,-149.97
3702,-147.21
3703,-145.4
3704,-144.33
3705,-142.78
3706,-141.44
3707,-139.36
3708,-136.49
3709,-135.96
3710,-135.5
3711,-134.9
3712,-134.06
3713,-134.26
3714,-133.36
3715,-131.03
3716,-130.16
3717,-128.71
3718,-128.58
3719,-127.38
3720,-126.2
3721,-124.94
3722,-123.57
3723,-122.18
3724,-121.34
3725,-120.21
3726,-119.31
3727,-118.25
3728,-117.25
3729,-117.41
3730,-115.93
3731,-115.93
3732,-114.41
3733,-113.19
3734,-111.37
3735,-108.24
3736,-106.04
3737,-104.25
3738,-101.42
3739,-100.54
3740,-100.64
3741,-101.18
3742,-101.43
3743,-100.22
3744,-99.892
3745,-99.019
3746,-97.37
3747,-96.579
3748,-95.431
3749,-93.71
3750,-92.908
3751,-92.217
3752,-91.295
3753,-89.399
3754,-87.552
3755,-86.656
3756,-85.462
3757,-83.928
3758,-82.418
3759,-79.882
3760,-75.998
3761,-75.248
3762,-74.917
3763,-74.516
3764,-73.973
3765,-73.357
3766,-72.955
3767,-72.225
3768,-71.327
3769,-70.702
3770,-70.082
3771,-69.427
3772,-68.311
3773,-66.317
3774,-64.555
3775,-65.398
3776,-64.87
3777,-64.191
3778,-62.184
3779,-60.383
3780,-58.513
3781,-56.606
3782,-56.119
3783,-55.404
3784,-53.728
3785,-52.971
3786,-51.973
3787,-52.052
3788,-51.942
3789,-51.22
3790,-50.708
3791,-50.257
3792,-49.499
3793,-48.836
3794,-48.166
3795,-47.691
3796,-47.191
3797,-46.465
3798,-45.832
3799,-45.723
3800,-45.793
3801,-45.47
3802,-44.508
3803,-45.759
3804,-45.755
3805,-44.488
3806,-43.442
3807,-42.716
3808,-42.065
3809,-40.806
3810,-39.272
3811,-37.567
3812,-35.671
3813,-34.535
3814,-34.432
3815,-33.311
3816,-33.094
3817,-31.346
3818,-29.36
3819,-28.314
3820,-27.931
3821,-28.3
3822,-28.129
3823,-27.444
3824,-26.316
3825,-26
3826,-26.689
3827,-28.337
3828,-28.892
3829,-28.457
3830,-26.568
3831,-24.998
3832,-22.892
3833,-20.021
3834,-18.759
3835,-18.54
3836,-17.16
3837,-16.49
3838,-15.317
3839,-15.326
3840,-15.133
3841,-15.379
3842,-15.827
3843,-15.731
3844,-15.845
3845,-16.41
3846,-17.811
3847,-18.522
3848,-18.998
3849,-19.567
3850,-19.697
3851,-20.234
3852,-18.012
3853,-16.549
3854,-14.349
3855,-13.023
3856,-12.052
3857,-11.774
3858,-11.785
3859,-11.375
3860,-11.584
3861,-11.412
3862,-10.595
3863,-9.5983
3864,-6.6524
3865,-3.4244
3866,-1.28
3867,1.6925
3868,4.5048
3869,6.1042
3870,7.9658
3871,10.59
3872,13.123
3873,15.44
3874,17.809
3875,20.135
3876,21.323
3877,21.97
3878,23.096
3879,24.548
3880,26.544
3881,27.834
3882,29.852
3883,32.4
3884,34.061
3885,35.155
3886,35.97
3887,36.951
3888,37.736
3889,37.77
3890,37.816
3891,37.693
3892,37.804
3893,38.03
3894,39.099
3895,40.208
3896,40.938
3897,42.153
3898,43.375
3899,44.093
3900,43.836
3901,43.83
3902,43.579
3903,42.279
3904,41.378
3905,41.033
3906,39.836
3907,39.055
3908,37.968
3909,37.248
3910,37.539
3911,38.489
3912,38.926
3913,39.759
3914,40.37
3915,40.606
3916,41.078
3917,43.376
3918,47.351
3919,49.765
3920,51.799
3921,54.242
3922,55.028
3923,56.633
3924,59.012
3925,59.992
3926,60.509
3927,62.048
3928,63.426
3929,64.296
3930,64.721
3931,65.797
3932,66.252
3933,66.54
3934,67.161
3935,68.208
3936,69.419
3937,70.647
3938,71.317
3939,71.365
3940,71.039
3941,71.249
3942,72.51
3943,74.36
3944,75.346
3945,75.332
3946,75.117
3947,74.304
3948,73.686
3949,72.852
3950,72.272
3951,73.742
3952,74.136
3953,75.025
3954,75.903
3955,75.937
3956,76.44
3957,77.632
3958,80.344
3959,82.383
3960,83.66
3961,86.186
3962,90.677
3963,92.938
3964,94.574
3965,95.129
3966,95.768
3967,96.719
3968,96.943
3969,98.088
3970,99.642
3971,100.11
3972,101.12
3973,101.58
3974,100.97
3975,100
3976,99.004
3977,98.162
3978,98.235
3979,98.108
3980,97.616
3981,98.768
3982,99.424
3983,98.158
3984,97.272
3985,96.936
3986,97.028
3987,97.349
3988,98.168
3989,98.709
3990,98.753
3991,99.131
3992,99.204
3993,99.594
3994,100.27
3995,101.29
3996,102.13
3997,102.35
3998,102.42
3999,103.78
4000,104.97
4001,105.72
4002,106.47
4003,106.86
4004,107.48
4005,108.58
4006,109.53
4007,110
4008,111.96
4009,115.24
4010,116.95
4011,118.69
4012,120.1
4013,122.14
4014,123.37
4015,124.31
4016,124.22
4017,124.48
4018,124.75
4019,124.36
4020,123.59
4021,123.12
4022,123.71
4023,124.21
4024,124.93
4025,125.03
4026,125.25
4027,126.31
4028,128.68
4029,130.1
4030,130.39
4031,130.05
4032,129.15
4033,128.88
4034,129.34
4035,129.42
4036,129.22
4037,128.58
4038,128.44
4039,128.55
4040,129.48
4041,131.08
4042,132.56
4043,133.67
4044,134.02
4045,135.08
4046,135.22
4047,135.28
4048,135.31
4049,135.18
4050,135.26
4051,134.67
4052,134.06
4053,133.36
4054,132.47
4055,131.48
4056,131.14
4057,130.83
4058,131.23
4059,131.5
4060,131.37
4061,131.44
4062,131.82
4063,132.39
4064,131.92
4065,131.44
4066,130.6
4067,130.03
4068,129.17
4069,128.99
4070,129.11
4071,130.16
4072,131.11
4073,132.78
4074,134.7
4075,135.61
4076,136.57
4077,137.95
4078,138.24
4079,138.1
4080,137.04
4081,135.83
4082,134.59
4083,133.77
4084,132.73
4085,130.81
4086,128.7
4087,126.69
4088,126.59
4089,127.11
4090,127.9
4091,127.9
4092,127.37
4093,126.84
4094,126.98
4095,126.34
4096,126.64
4097,126.49
4098,126.23
4099,125.84
4100,125.15
4101,124.17
4102,123.45
4103,123.2
4104,123.21
4105,122.61
4106,122.85
4107,122.29
4108,120.85
4109,119.98
4110,117.81
4111,115.88
4112,114.97
4113,114.05
4114,113.61
4115,115.06
4116,116.4
4117,117.53
4118,118.82
4119,120.1
4120,120.78
4121,121.55
4122,122.22
4123,122.28
4124,123
4125,124.47
4126,124.91
4127,124.87
4128,124.88
4129,124.69
4130,124.87
4131,124.13
4132,123.95
4133,124.14
4134,125.02
4135,125.37
4136,126.3
4137,127.52
4138,128.95
4139,129.69
4140,130.34
4141,130.89
4142,130.57
4143,130.07
4144,130.46
4145,131.23
4146,131.25
4147,130.8
4148,130.36
4149,130.05
4150,129.73
4151,128.17
4152,126.93
4153,125.62
4154,126.49
4155,127.49
4156,128.1
4157,128.1
4158,127.94
4159,127.26
4160,126.31
4161,125.57
4162,124.98
4163,124.72
4164,124.1
4165,122.98
4166,122.14
4167,121.14
4168,120.4
4169,119.42
4170,117.73
4171,116.47
4172,115.78
4173,114.9
4174,113.75
4175,112.63
4176,111.78
4177,111.08
4178,110.64
4179,110.65
4180,111.47
4181,112.35
4182,113.68
4183,114.29
4184,114.98
4185,114.97
4186,115.55
4187,116.29
4188,117.07
4189,117.82
4190,118.05
4191,118.34
4192,119.02
4193,119.32
4194,119.16
4195,118.76
4196,117.81
4197,116.9
4198,116.47
4199,115.97
4200,115.57
4201,113.49
4202,111.87
4203,112.1
4204,112.4
4205,113.08
4206,113.09
4207,112.42
4208,111.79
4209,111.3
4210,110.8
4211,110.72
4212,110.77
4213,110.76
4214,110.26
4215,110.1
4216,109.94
4217,110.21
4218,111.01
4219,111.65
4220,111.91
4221,111.84
4222,111.98
4223,112.63
4224,113.06
4225,113.58
4226,114.57
4227,115.75
4228,116.12
4229,117.39
4230,118.63
4231,118.96
4232,118.99
4233,118.45
4234,117.69
4235,116.81
4236,116.24
4237,116.17
4238,116.01
4239,116.1
4240,115.64
4241,115.1
4242,114.84
4243,114.85
4244,115.01
4245,115.4
4246,115.96
4247,116.44
4248,117.71
4249,118.63
4250,119.62
4251,120.47
4252,120.6
4253,121.03
4254,120.88
4255,120.84
4256,121.97
4257,122.44
4258,122.57
4259,122.77
4260,122.95
4261,122.95
4262,123.26
4263,123.67
4264,123.4
4265,123.62
4266,123.15
4267,122.53
4268,121.83
4269,121.53
4270,121.48
4271,121.46
4272,120.93
4273,120.71
4274,120.35
4275,120.4
4276,119.39
4277,119.25
4278,118.92
4279,118.64
4280,118.52
4281,118.38
4282,118.12
4283,117.76
4284,117.11
4285,116.29
4286,115.36
4287,114.76
4288,114.55
4289,114.3
4290,113.78
4291,113.86
4292,115.07
4293,116.57
4294,117.14
4295,117.93
4296,118.19
4297,118.3
4298,118.36
4299,119.27
4300,119.73
4301,119.99
4302,120.51
4303,120.67
4304,120.69
4305,120.04
4306,119.3
4307,119.07
4308,118.83
4309,118.63
4310,119.35
4311,119.45
4312,119.63
4313,119.72
4314,119.87
4315,120.35
4316,120.6
4317,120.81
4318,120.64
4319,120.34
4320,120.79
4321,120.56
4322,119.95
4323,119.3
4324,118.57
4325,117.86
4326,117.56
4327,117.74
4328,117.92
4329,117.39
4330,116.91
4331,116.7
4332,116.66
4333,116.27
4334,116.76
4335,116.64
4336,118.13
4337,119.74
4338,121.25
4339,121.72
4340,121.8
4341,122.02
4342,122.39
4343,122.37
4344,122.68
4345,123.73
4346,124.03
4347,123.87
4348,124.22
4349,124.26
4350,124.01
4351,123.6
4352,123.25
4353,124.83
4354,126.45
4355,127.07
4356,128.22
4357,130.3
4358,131.62
4359,132.98
4360,133.61
4361,134.04
4362,133.65
4363,133.1
4364,132.92
4365,132.5
4366,132.56
4367,133.28
4368,133.17
4369,133.68
4370,134.64
4371,135.11
4372,135.36
4373,135.43
4374,135.84
4375,135.8
4376,135.4
4377,134.92
4378,134.6
4379,134.18
4380,133.2
4381,132.25
4382,131.4
4383,130.62
4384,129.87
4385,129.24
4386,129.13
4387,129.31
4388,129.45
4389,128.97
4390,128.52
4391,127.8
4392,127.37
4393,127.25
4394,127.52
4395,127.37
4396,128.22
4397,128.45
4398,128.7
4399,128.53
4400,128.11
4401,127.9
4402,127.95
4403,128.2
4404,129
4405,129.66
4406,129.5
4407,129.11
4408,129.03
4409,128.79
4410,129.21
4411,128.88
4412,128.85
4413,128.34
4414,128.17
4415,127.62
4416,126.81
4417,126.51
4418,125.88
4419,125.43
4420,124.81
4421,124.36
4422,124.69
4423,125.89
4424,126.73
4425,127.62
4426,129.05
4427,130.42
4428,130.66
4429,131.61
4430,133.33
4431,133.94
4432,133.88
4433,134.87
4434,135.66
4435,135.95
4436,136.46
4437,136.73
4438,137.67
4439,138.21
4440,138.13
4441,138.09
4442,139.05
4443,139.53
4444,140.41
4445,140.54
4446,140.59
4447,140.44
4448,140.21
4449,140.04
4450,139.76
4451,139.03
4452,137.96
4453,137.02
4454,136.14
4455,135.76
4456,135.3
4457,135.63
4458,136.43
4459,137.18
4460,137.79
4461,137.82
4462,137.57
4463,137.6
4464,137.1
4465,136.94
4466,136.72
4467,137.26
4468,137.68
4469,137.56
4470,136.76
4471,136.24
4472,135.66
4473,135.65
4474,136.4
4475,138.01
4476,139.99
4477,142.3
4478,143.21
4479,145.02
4480,146.61
4481,147.9
4482,148.66
4483,149.69
4484,150.2
4485,150.25
4486,150.88
4487,151.03
4488,152.32
4489,154.74
4490,155.53
4491,155.79
4492,156.32
4493,157.63
4494,158.06
4495,158.14
4496,158.08
4497,157.75
4498,156.78
4499,155.89
4500,154.83
4501,153.52
4502,152.39
4503,151.45
4504,150.71
4505,150.5
4506,150.48
4507,150.35
4508,149.57
4509,149.01
4510,148.5
4511,148.54
4512,148.39
4513,147.85
4514,147.71
4515,147
4516,146.75
4517,146.87
4518,146.85
4519,147.84
4520,149.94
4521,151.86
4522,154.14
4523,155.17
4524,155.78
4525,155.82
4526,156.8
4527,158.54
4528,159.57
4529,160.67
4530,162.68
4531,165.58
4532,168.4
4533,169.91
4534,170.77
4535,170.67
4536,171.55
4537,172.15
4538,172.34
4539,173.07
4540,173.29
4541,173.75
4542,174.66
4543,175.11
4544,175.7
4545,175.63
4546,175.14
4547,174.73
4548,175.34
4549,175.04
4550,174.27
4551,173.96
4552,173.82
4553,173.9
4554,175.33
4555,176.41
4556,177.14
4557,177.21
4558,177.45
4559,178.19
4560,179.97
4561,181.48
4562,181.84
4563,182.78
4564,183.4
4565,184.34
4566,184.34
4567,184.48
4568,184.84
4569,185.24
4570,185.73
4571,185.79
4572,186.91
4573,186.49
4574,185.89
4575,186.18
4576,186.02
4577,186.01
4578,186.1
4579,186.16
4580,185.51
4581,185.1
4582,184.1
4583,182.82
4584,181.75
4585,180.45
4586,179.05
4587,177.69
4588,176.54
4589,175.69
4590,175.24
4591,175.74
4592,176.51
4593,177.05
4594,177.47
4595,176.88
4596,177.1
4597,177.18
4598,176.75
4599,176.22
4600,176.4
4601,176.86
4602,176.95
4603,176.91
4604,176.46
4605,176.7
4606,176.62
4607,175.63
4608,174.82
4609,173.9
4610,173.43
4611,172.94
4612,172.67
4613,172
4614,171.18
4615,170.72
4616,170.03
4617,169.38
4618,168.82
4619,169.49
4620,170.99
4621,171.7
4622,172.25
4623,173.05
4624,173.48
4625,173.85
4626,174.19
4627,175.51
4628,175.58
4629,175.21
4630,174.47
4631,174.16
4632,173.74
4633,173.36
4634,172.71
4635,171.99
4636,171.43
4637,170.88
4638,169.89
4639,169.3
4640,168.98
4641,168.75
4642,168.25
4643,167.82
4644,167.31
4645,167.19
4646,167.64
4647,168.1
4648,167.87
4649,168.46
4650,169.2
4651,170.08
4652,171.39
4653,172.3
4654,172.45
4655,172.1
4656,172.04
4657,172.87
4658,172.57
4659,172.55
4660,172.75
4661,173.66
4662,175.51
4663,178.28
4664,180.54
4665,182.02
4666,183.21
4667,184.53
4668,186.85
4669,188.48
4670,189.5
4671,189.93
4672,190.51
4673,190.37
4674,189.68
4675,189.3
4676,189.43
4677,189.5
4678,189.68
4679,189.66
4680,189.93
4681,189.86
4682,189.13
4683,187.79
4684,186.51
4685,185.67
4686,184.53
4687,184.07
4688,183.7
4689,184.1
4690,184.49
4691,185.41
4692,186.23
4693,185.91
4694,185.03
4695,184.51
4696,183.8
4697,183.84
4698,184.16
4699,184.68
4700,184.81
4701,184.27
4702,184.34
4703,183.85
4704,183.11
4705,182.74
4706,181.81
4707,181.04
4708,180.09
4709,179.45
4710,179.35
4711,179.5
4712,179.59
4713,179.92
4714,180.08
4715,180.23
4716,181.42
4717,182.31
4718,183.57
4719,183.58
4720,182.87
4721,182.76
4722,182.42
4723,181.7
4724,181.38
4725,182
4726,182.47
4727,183.3
4728,183.33
4729,183.71
4730,183.62
4731,183.43
4732,183.46
4733,183.87
4734,183.69
4735,182.89
4736,182.1
4737,181.01
4738,179.67
4739,178.5
4740,177.48
4741,177.32
4742,176.97
4743,176.29
4744,175.98
4745,175.9
4746,175.33
4747,174.9
4748,175.28
4749,175.46
4750,175.9
4751,176.47
4752,176.76
4753,177.11
4754,176.84
4755,176.36
4756,176.08
4757,176.29
4758,177.3
4759,178.33
4760,178.83
4761,178.97
4762,178.34
4763,177.52
4764,177.26
4765,177.16
4766,177.15
4767,177.07
4768,176.97
4769,176.74
4770,176.26
4771,176.11
4772,177.12
4773,178.11
4774,179.07
4775,180.15
4776,180.8
4777,180.23
4778,179.74
4779,178.86
4780,178.54
4781,180.05
4782,180.29
4783,181.28
4784,182.64
4785,183.52
4786,185.35
4787,186.44
4788,186.18
4789,185.9
4790,185.5
4791,184.66
4792,183.88
4793,182.71
4794,181.39
4795,180.32
4796,179.11
4797,178.13
4798,177.51
4799,177.43
4800,178.13
4801,178.26
4802,177.88
4803,177.53
4804,177.05
4805,176.51
4806,176.66
4807,176.81
4808,178.08
4809,179.57
4810,181.19
4811,181.36
4812,182.21
4813,183.54
4814,184.13
4815,185.9
4816,187.7
4817,188.69
4818,188.21
4819,187.9
4820,188.34
4821,189.04
4822,190.34
4823,190.27
4824,191.18
4825,192.28
4826,193.7
4827,195.12
4828,196.24
4829,197.8
4830,198.83
4831,199.21
4832,198.94
4833,198.63
4834,198.27
4835,197.28
4836,196.87
4837,198.05
4838,201.19
4839,203.32
4840,204.29
4841,205.81
4842,206.91
4843,207.14
4844,207.91
4845,207.57
4846,207.6
4847,207.53
4848,207.28
4849,206.3
4850,205.64
4851,205.07
4852,204.18
4853,203.49
4854,202.79
4855,201.92
4856,201.27
4857,200.53
4858,199.29
4859,198.05
4860,197.3
4861,197.1
4862,196.54
4863,195.45
4864,194.8
4865,194.31
4866,193.79
4867,193.97
4868,194.44
4869,196.59
4870,196.92
4871,196.63
4872,196.32
4873,195.38
4874,194.66
4875,193.9
4876,193.1
4877,192.63
4878,191.68
4879,190.98
4880,190.42
4881,191.04
4882,191.63
4883,191.36
4884,191.91
4885,191.61
4886,191.91
4887,192.37
4888,192.33
4889,193.67
4890,195.43
4891,196.54
4892,196.66
4893,197.01
4894,196.41
4895,196.23
4896,196.34
4897,197.47
4898,198.18
4899,199.03
4900,199.85
4901,198.9
4902,197.48
4903,196.22
4904,194.82
4905,193.53
4906,192.76
4907,191.87
4908,190.8
4909,189.56
4910,188.65
4911,188.29
4912,187.54
4913,187.39
4914,187.9
4915,187.55
4916,187.86
4917,189.02
4918,189.83
4919,190.39
4920,190.14
4921,189.78
4922,189.22
4923,188.72
4924,188.55
4925,188.33
4926,187.95
4927,186.7
4928,185.28
4929,184.22
4930,182.99
4931,182.08
4932,180.65
4933,179.71
4934,179.32
4935,178.85
4936,178.57
4937,178.93
4938,180.03
4939,182.13
4940,184.71
4941,187.52
4942,190.16
4943,191.19
4944,191.25
4945,191.02
4946,190.44
4947,189.3
4948,188.26
4949,187.22
4950,186.59
4951,187.05
4952,188.01
4953,188.24
4954,188.97
4955,189.59
4956,189.93
4957,190.21
4958,189.79
4959,188.85
4960,187.38
4961,186.23
4962,185.72
4963,185.26
4964,184.67
4965,184.73
4966,185.67
4967,186.48
4968,188.06
4969,189.85
4970,191.44
4971,193.3
4972,194.38
4973,195.06
4974,195.21
4975,194.62
4976,194.17
4977,193.32
4978,192.8
4979,192.4
4980,191.53
4981,190.54
4982,189.81
4983,189.07
4984,188.69
4985,189.12
4986,189.68
4987,189.04
4988,188.65
4989,188.26
4990,188.02
4991,188.43
4992,188.56
4993,188.85
4994,189.68
4995,189.89
4996,190.67
4997,192.9
4998,194.55
4999,195.87
5000,196.67
5001,197.57
5002,198.94
5003,200.18
5004,201.18
5005,200.9
5006,201.59
5007,202.76
5008,204.49
5009,205.3
5010,204.99
5011,205.77
5012,205.42
5013,205.47
5014,205.38
5015,205.41
5016,206.1
5017,206.28
5018,205.89
5019,205.79
5020,204.74
5021,203.43
5022,202
5023,200.76
5024,199.6
5025,199.47
5026,199.88
5027,200.86
5028,201.67
5029,203.36
5030,204.77
5031,205.12
5032,205.01
5033,205.18
5034,206.3
5035,207.11
5036,208.55
5037,210.56
5038,212.9
5039,215.51
5040,217.01
5041,217.82
5042,217.86
5043,217.6
5044,217.12
5045,216.77
5046,216.87
5047,216.43
5048,216.14
5049,216.24
5050,217.98
5051,220.15
5052,220.86
5053,222.97
5054,224.59
5055,225.66
5056,228.09
5057,228.88
5058,230.13
5059,231.28
5060,233.39
5061,234.88
5062,236.53
5063,239.29
5064,240.86
5065,243.94
5066,246.94
5067,249.9
5068,252.86
5069,255.24
5070,255.08
5071,255.43
5072,255.36
5073,255.46
5074,254.67
5075,254.05
5076,254.28
5077,255.25
5078,257.85
5079,261.09
5080,262.72
5081,263.96
5082,265.54
5083,265.51
5084,265.08
5085,263.79
5086,262.99
5087,263.61
5088,264.63
5089,265.08
5090,265.4
5091,264.72
5092,263.52
5093,262.54
5094,260.98
5095,259.43
5096,257.66
5097,255.62
5098,254.7
5099,253.28
5100,252.18
5101,250.76
5102,249.58
5103,248
5104,246.96
5105,247.31
5106,247.37
5107,247.63
5108,247.12
5109,245.83
5110,244.48
5111,243.26
5112,242.48
5113,241.66
5114,240.56
5115,240.6
5116,240.24
5117,240.09
5118,240.5
5119,241.74
5120,243.6
5121,243.56
5122,243.01
5123,242.64
5124,241.9
5125,241.13
5126,240.27
5127,239.91
5128,239.46
5129,239.11
5130,239.59
5131,239.58
5132,240.17
5133,241.37
5134,243.61
5135,244.57
5136,245.75
5137,246.19
5138,245.81
5139,245.79
5140,247.26
5141,247.95
5142,249.34
5143,251.47
5144,253.23
5145,255.71
5146,256.58
5147,256.59
5148,256.29
5149,255.89
5150,255.64
5151,254.81
5152,253.48
5153,251.87
5154,250.4
5155,249.39
5156,248.58
5157,247.88
5158,248.66
5159,249.14
5160,249
5161,248.93
5162,249.1
5163,249.83
5164,252.05
5165,253.74
5166,254.24
5167,253.98
5168,253.59
5169,254.34
5170,254.17
5171,255.84
5172,258.79
5173,261.42
5174,262.52
5175,262.78
5176,263.75
5177,264.5
5178,264.87
5179,265.92
5180,266.67
5181,267.2
5182,268.01
5183,267.97
5184,267.8
5185,267.09
5186,266.7
5187,267.69
5188,268.27
5189,268.78
5190,268.6
5191,267.87
5192,267.11
5193,266.55
5194,265.15
5195,263.31
5196,261.4
5197,259.68
5198,259.12
5199,257.48
5200,256.77
5201,256.68
5202,256.57
5203,256.72
5204,256.17
5205,255.57
5206,255.56
5207,255.65
5208,255.64
5209,254.38
5210,253.47
5211,253.23
5212,253.28
5213,253.1
5214,253.26
5215,252.9
5216,252.69
5217,252.4
5218,252.48
5219,252.07
5220,251.55
5221,251.48
5222,251.68
5223,251.92
5224,251.48
5225,250.79
5226,249.42
5227,248.27
5228,247.48
5229,246.93
5230,246.81
5231,247.34
5232,248.16
5233,248.73
5234,248.78
5235,248.42
5236,248.39
5237,248.77
5238,249.28
5239,250.78
5240,252.62
5241,253.36
5242,253.66
5243,253.11
5244,252.67
5245,252.12
5246,250.96
5247,250.11
5248,250.83
5249,251.02
5250,250.55
5251,249.26
5252,249.19
5253,250.89
5254,251.62
5255,252.53
5256,252.08
5257,252.9
5258,253.49
5259,254.11
5260,255.24
5261,256.47
5262,258.3
5263,259.13
5264,259.32
5265,258.76
5266,257.32
5267,256.01
5268,254.66
5269,253.26
5270,252.13
5271,251.03
5272,250.71
5273,250.68
5274,250.35
5275,250.59
5276,251.26
5277,251.05
5278,250.49
5279,251.14
5280,250.63
5281,250.84
5282,251.12
5283,252.06
5284,252.97
5285,253.87
5286,254.6
5287,255.23
5288,254.17
5289,252.8
5290,251.88
5291,251.37
5292,249.74
5293,248.76
5294,248.42
5295,248.02
5296,247.8
5297,246.54
5298,244.89
5299,243.34
5300,241.89
5301,240.64
5302,239.22
5303,237.85
5304,236.6
5305,235.54
5306,234.63
5307,235.61
5308,236.79
5309,237.27
5310,237.56
5311,238.09
5312,238.81
5313,239.64
5314,241.71
5315,243.95
5316,244.92
5317,245.82
5318,246.53
5319,246.84
5320,249.5
5321,251.8
5322,255.27
5323,258.2
5324,261.13
5325,263.59
5326,265.52
5327,267.85
5328,270.38
5329,273.28
5330,276.25
5331,277.64
5332,278.91
5333,281.55
5334,281.97
5335,282.58
5336,283.33
5337,284.85
5338,285.74
5339,287.55
5340,289.53
5341,290.92
5342,291.06
5343,292.14
5344,292.42
5345,293.24
5346,293.1
5347,292.88
5348,293.4
5349,293.05
5350,292.93
5351,292.15
5352,291.81
5353,290.94
5354,290.71
5355,290.98
5356,291.18
5357,291.53
5358,291.87
5359,292.56
5360,293.02
5361,293.33
5362,295.31
5363,296.42
5364,297.92
5365,298.3
5366,299.14
5367,300.19
5368,301.07
5369,302.14
5370,302.34
5371,302.86
5372,302.12
5373,301.82
5374,301.65
5375,300.29
5376,299.23
5377,298.39
5378,297.21
5379,296.85
5380,297.23
5381,296.94
5382,296.06
5383,294.69
5384,294.71
5385,295.03
5386,295.21
5387,295.71
5388,295.94
5389,298.4
5390,300
5391,300.71
5392,302.4
5393,304.48
5394,304.15
5395,303.26
5396,301.34
5397,299.63
5398,298.21
5399,296.14
5400,294.68
5401,292.82
5402,291.7
5403,290.75
5404,290.46
5405,289.37
5406,288.73
5407,287.61
5408,286.12
5409,284.49
5410,283.68
5411,282.77
5412,282.28
5413,281.51
5414,281.85
5415,281.9
5416,281.93
5417,281.95
5418,281.65
5419,280.88
5420,280.21
5421,280.57
5422,280.72
5423,280.31
5424,280.5
5425,279.82
5426,279.5
5427,279.58
5428,279.49
5429,278.99
5430,280.44
5431,280.85
5432,282.3
5433,282.97
5434,283.07
5435,282.75
5436,283.28
5437,284.61
5438,285.21
5439,286.26
5440,287.19
5441,287.79
5442,288.83
5443,289.02
5444,289.24
5445,289.14
5446,288.81
5447,288.43
5448,287.63
5449,288.57
5450,289.48
5451,290.36
5452,289.59
5453,289.45
5454,289.6
5455,289.16
5456,289.47
5457,289.11
5458,288.59
5459,288.91
5460,289.05
5461,288.62
5462,287.99
5463,287.11
5464,286.43
5465,286.03
5466,286.29
5467,287.95
5468,289.16
5469,289.96
5470,290.51
5471,290.41
5472,290.82
5473,291
5474,290.16
5475,288.87
5476,288.38
5477,287.85
5478,286.41
5479,284.78
5480,283.27
5481,281.6
5482,280.74
5483,280.28
5484,279.68
5485,280.06
5486,279.93
5487,279.18
5488,279.1
5489,279.44
5490,279.79
5491,279.38
5492,279
5493,279.44
5494,280.29
5495,280.78
5496,281.12
5497,281.04
5498,282.15
5499,281.79
5500,281.54
5501,280.96
5502,280.9
5503,281.06
5504,281.37
5505,281.53
5506,282.18
5507,282.13
5508,281.68
5509,280.5
5510,280.56
5511,279.14
5512,277.75
5513,277.14
5514,277.14
5515,276.33
5516,275.76
5517,274.62
5518,273.74
5519,272.55
5520,271.4
5521,270.14
5522,268.8
5523,268.31
5524,266.89
5525,265.57
5526,263.57
5527,261.79
5528,259.87
5529,257.98
5530,256.58
5531,256.17
5532,254.81
5533,253.36
5534,252.14
5535,250.72
5536,249.39
5537,248.36
5538,247.36
5539,246.23
5540,245.5
5541,244.66
5542,244.22
5543,244.27
5544,244.38
5545,245.44
5546,247.5
5547,248.95
5548,252.58
5549,255.75
5550,257.51
5551,258.97
5552,261.25
5553,261.66
5554,263.56
5555,265.01
5556,265.94
5557,265.85
5558,266.23
5559,266.6
5560,267.68
5561,268.35
5562,268.78
5563,268.26
5564,268.61
5565,269.69
5566,270.62
5567,271.9
5568,272.36
5569,272.47
5570,271.55
5571,270.64
5572,269.47
5573,268.72
5574,268.34
5575,268.03
5576,268.96
5577,269.15
5578,270.19
5579,271.47
5580,270.85
5581,270.44
5582,269.58
5583,268.74
5584,268.78
5585,268.97
5586,269.19
5587,268.57
5588,267.94
5589,267.38
5590,266.29
5591,265.41
5592,264.69
5593,263.29
5594,263.88
5595,264.87
5596,265.32
5597,265.58
5598,265.67
5599,266.28
5600,266.92
5601,268.26
5602,270.36
5603,272.36
5604,274.3
5605,276.98
5606,278.2
5607,280.24
5608,282.42
5609,283.65
5610,283.58
5611,283.72
5612,283
5613,282.35
5614,282.02
5615,282.45
5616,283.58
5617,283.67
5618,284.03
5619,286.08
5620,287.24
5621,288.68
5622,290.64
5623,292.75
5624,293.57
5625,294.64
5626,294.87
5627,294.42
5628,293.7
5629,293.57
5630,295.21
5631,297.35
5632,298.48
5633,298.46
5634,299.33
5635,299.72
5636,300.36
5637,300.44
5638,300.66
5639,301.39
5640,303.15
5641,303.99
5642,304.93
5643,305.82
5644,306.92
5645,307.41
5646,306.23
5647,305.13
5648,303.85
5649,301.84
5650,299.85
5651,298.6
5652,298.46
5653,298.21
5654,297.87
5655,298.2
5656,297.63
5657,298.75
5658,301.04
5659,302.99
5660,305.6
5661,308.22
5662,312.11
5663,315.26
5664,316.84
5665,317.6
5666,318.63
5667,320.62
5668,321.8
5669,323.65
5670,326.01
5671,325.88
5672,324.73
5673,323.48
5674,321.97
5675,320.67
5676,319.35
5677,317.8
5678,316.38
5679,315.16
5680,314.27
5681,312.93
5682,312.46
5683,312.25
5684,312.82
5685,313.13
5686,313.53
5687,313.29
5688,313.65
5689,314.25
5690,315.2
5691,315
5692,314.74
5693,313.56
5694,312.44
5695,311.73
5696,311.71
5697,311.27
5698,310.08
5699,309.09
5700,308.87
5701,309.55
5702,310.67
5703,311.68
5704,311.91
5705,311.2
5706,312.07
5707,312.21
5708,312.23
5709,311.23
5710,310.53
5711,309.42
5712,308.79
5713,308.17
5714,308.51
5715,308.14
5716,308.61
5717,309.28
5718,309.96
5719,311.34
5720,311.66
5721,311.21
5722,311.04
5723,312.31
5724,314.02
5725,315.42
5726,317.56
5727,322.23
5728,326.31
5729,328.76
5730,329.34
5731,329.67
5732,329.93
5733,330.01
5734,330.17
5735,329.29
5736,328.83
5737,328.39
5738,327.26
5739,326.67
5740,325.85
5741,324.27
5742,322.79
5743,322.17
5744,321.35
5745,321.56
5746,322.48
5747,322.98
5748,323.65
5749,324.13
5750,324.29
5751,324.68
5752,324.45
5753,325
5754,325.12
5755,325.15
5756,325.44
5757,325.18
5758,324.48
5759,324.54
5760,324.25
5761,323.96
5762,324.72
5763,324.71
5764,325.71
5765,328.11
5766,328.61
5767,328.84
5768,329.74
5769,329.33
5770,329.44
5771,328.32
5772,327.48
5773,328.29
5774,329.74
5775,329.92
5776,330.16
5777,331.28
5778,331.5
5779,333.33
5780,336.27
5781,340.01
5782,343.16
5783,345.66
5784,347.9
5785,348.23
5786,348.02
5787,348.52
5788,348.54
5789,348.31
5790,348.62
5791,349.29
5792,348.07
5793,346.56
5794,346.31
5795,345.8
5796,345.29
5797,344.63
5798,344.54
5799,344.58
5800,344.04
5801,343.89
5802,342.69
5803,342.78
5804,342.04
5805,340.66
5806,339.28
5807,339.18
5808,339.73
5809,340.79
5810,341.35
5811,342.28
5812,343.35
5813,343.74
5814,343.93
5815,345.87
5816,346.69
5817,348.94
5818,349.8
5819,350.76
5820,352.41
5821,354.32
5822,354.35
5823,353.91
5824,353.88
5825,356.43
5826,359
5827,360.19
5828,361.75
5829,363.43
5830,365.3
5831,367.55
5832,368.93
5833,368.71
5834,368.24
5835,365.98
5836,364.61
5837,362.98
5838,361.22
5839,360.46
5840,359.7
5841,358.93
5842,358.9
5843,359.88
5844,361.71
5845,362.77
5846,363.66
5847,363.64
5848,363.75
5849,364.15
5850,364.18
5851,365.44
5852,367.33
5853,369.94
5854,371.31
5855,371.63
5856,371.74
5857,372.69
5858,373.12
5859,373.68
5860,373.97
5861,374.65
5862,375.19
5863,374.5
5864,375.26
5865,376.78
5866,378.71
5867,380.39
5868,382.05
5869,383.72
5870,384.13
5871,384.75
5872,386.69
5873,387.91
5874,388.88
5875,389.06
5876,389.26
5877,388.93
5878,390.28
5879,390.19
5880,390.2
5881,389.69
5882,389.42
5883,388.41
5884,388.04
5885,387.46
5886,386.8
5887,385.98
5888,385.67
5889,385.82
5890,385.49
5891,386.16
5892,387.46
5893,388.65
5894,390.76
5895,391.42
5896,392.2
5897,392.51
5898,392
5899,390.48
5900,389.08
5901,388.16
5902,386.96
5903,386.18
5904,384.76
5905,383
5906,381.06
5907,380.09
5908,379.77
5909,379.51
5910,380.47
5911,379.61
5912,380.29
5913,380.3
5914,380.61
5915,380.46
5916,380.59
5917,381.5
5918,380.38
5919,380.12
5920,381.33
5921,381.56
5922,381.65
5923,380.87
5924,381.27
5925,383.09
5926,383.81
5927,384.14
5928,383.93
5929,384.24
5930,385.4
5931,385.11
5932,385.25
5933,386.77
5934,388.4
5935,389.97
5936,391.85
5937,393.59
5938,396.45
5939,398.19
5940,400.14
5941,402.14
5942,403.98
5943,406.66
5944,408.84
5945,411.01
5946,411.24
5947,410.34
5948,409.41
5949,408.1
5950,408.39
5951,409.02
5952,409.25
5953,409.64
5954,410.2
5955,410.27
5956,409.93
5957,409.07
5958,409.36
5959,409.76
5960,410.4
5961,410.76
5962,411.79
5963,411.87
5964,412.58
5965,413.72
5966,413.87
5967,414.43
5968,413.83
5969,413.15
5970,413.28
5971,412.28
5972,412.93
5973,411.8
5974,410.79
5975,410.33
5976,409.44
5977,410
5978,410.51
5979,410.57
5980,411.51
5981,412.12
5982,413.92
5983,415.25
5984,415.74
5985,414.74
5986,413.46
5987,413.06
5988,413.32
5989,414.18
5990,415.73
5991,417.33
5992,418.13
5993,419.84
5994,422.01
5995,422.75
5996,423.03
5997,423.56
5998,423.33
5999,423.44
6000,422.54
6001,421.94
6002,420.62
6003,419.32
6004,417.35
6005,416.14
6006,415.9
6007,416.49
6008,417.09
6009,417.59
6010,418.43
6011,419.67
6012,420.84
6013,422.66
6014,424.67
6015,425.76
6016,427.15
6017,427.72
6018,427.46
6019,427.81
6020,428.96
6021,429.96
6022,430.04
6023,429.89
6024,430.91
6025,430.92
6026,430.03
6027,429.5
6028,428.84
6029,427.8
6030,426.58
6031,425.05
6032,424
6033,422.79
6034,422.68
6035,421.31
6036,420
6037,419.08
6038,420.33
6039,419.75
6040,420.56
6041,420.77
6042,420.56
6043,419.82
6044,419.32
6045,420
6046,420.69
6047,421.46
6048,421.85
6049,422.39
6050,423.47
6051,424.7
6052,426.25
6053,426.8
6054,428.1
6055,429.92
6056,430.31
6057,431.52
6058,430.97
6059,431.77
6060,432.67
6061,433.97
6062,435.74
6063,436.92
6064,437.77
6065,439.41
6066,441.51
6067,443.96
6068,444.5
6069,444.87
6070,445.16
6071,446.34
6072,446.98
6073,449.12
6074,450.35
6075,451.37
6076,451.53
6077,450.24
6078,448.97
6079,447.87
6080,447.29
6081,447.1
6082,446.9
6083,446.31
6084,444.97
6085,445.03
6086,445.97
6087,447.54
6088,448.41
6089,448.93
6090,448.64
6091,448.68
6092,448.67
6093,448.75
6094,448.5
6095,450.62
6096,451.73
6097,452.52
6098,451.61
6099,452.26
6100,453.86
6101,455.79
6102,456.03
6103,456.31
6104,456.97
6105,457.38
6106,456.62
6107,456.01
6108,456.34
6109,456.82
6110,456.64
6111,456.71
6112,456.85
6113,455.7
6114,454.59
6115,453.39
6116,451.19
6117,450.66
6118,450.25
6119,449.21
6120,446.67
6121,443.9
6122,441.35
6123,439.23
6124,439.01
6125,439.06
6126,439.1
6127,438.67
6128,437.98
6129,437.87
6130,437.74
6131,438.11
6132,438.41
6133,438.93
6134,440.68
6135,442.68
6136,442.8
6137,443.27
6138,444.35
6139,445.5
6140,445.78
6141,444.99
6142,444.81
6143,446.96
6144,448.85
6145,451.55
6146,454.61
6147,459.07
6148,463.06
6149,467.25
6150,470.67
6151,473.17
6152,473.53
6153,476.08
6154,478.76
6155,482.52
6156,486.27
6157,489.6
6158,491.78
6159,493.49
6160,494.35
6161,496.7
6162,498.29
6163,499.93
6164,502.42
6165,504.15
6166,504.42
6167,504.46
6168,504.32
6169,505.04
6170,504.63
6171,504.77
6172,505.35
6173,506.98
6174,509.62
6175,510.7
6176,511.91
6177,512.06
6178,512.24
6179,513.8
6180,515.68
6181,517.22
6182,516.94
6183,517.63
6184,515.74
6185,512.76
6186,511.6
6187,511.41
6188,511.77
6189,512.57
6190,512.66
6191,512.69
6192,512.65
6193,514
6194,513.81
6195,514.29
6196,515.31
6197,516.09
6198,516.3
6199,517.94
6200,519.63
6201,520.3
6202,519.49
6203,517.48
6204,514.5
6205,511.81
6206,508.56
6207,505.19
6208,502.49
6209,500.14
6210,499.67
6211,498.73
6212,496.93
6213,494.89
6214,492.47
6215,489.93
6216,488.23
6217,487.2
6218,486.88
6219,488.35
6220,490.23
6221,492.79
6222,494.4
6223,495.69
6224,496.79
6225,498.99
6226,501.12
6227,502.07
6228,502.18
6229,500.94
6230,500.48
6231,499.16
6232,499.19
6233,499.99
6234,499.25
6235,498.57
6236,498.7
6237,498.29
6238,499.89
6239,503.26
6240,505.13
6241,505.97
6242,506.66
6243,506.36
6244,506.93
6245,505.52
6246,504.4
6247,503.57
6248,502.55
6249,501.49
6250,499.4
6251,498.44
6252,496.38
6253,495.03
6254,494.35
6255,494.12
6256,494.93
6257,497.5
6258,499.39
6259,499.53
6260,500.06
6261,500.68
6262,500.93
6263,500.81
6264,501.94
6265,501.45
6266,500.33
6267,500.21
6268,498.76
6269,498.06
6270,497.24
6271,496.62
6272,495.75
6273,493.85
6274,491.75
6275,489.68
6276,487.74
6277,486.88
6278,485.75
6279,484.8
6280,484.94
6281,484.52
6282,483.52
6283,482.85
6284,483.1
6285,484.23
6286,484.16
6287,484.77
6288,485.97
6289,486.2
6290,487.72
6291,488.7
6292,488.2
6293,487.23
6294,485.68
6295,484.48
6296,484.65
6297,484.36
6298,483.88
6299,483.68
6300,484.38
6301,485.11
6302,485.21
6303,485.85
6304,485.91
6305,486.6
6306,486.04
6307,484.42
6308,481.62
6309,478.99
6310,477.41
6311,475.37
6312,474.69
6313,473.35
6314,471.62
6315,470.43
6316,469.45
6317,468.5
6318,467.83
6319,466.19
6320,465.43
6321,465.34
6322,465.14
6323,464.68
6324,464.94
6325,465.47
6326,466.04
6327,467.65
6328,469.45
6329,469.68
6330,468.84
6331,468.76
6332,468.97
6333,469.98
6334,470.58
6335,471.02
6336,469.95
6337,469.93
6338,470.96
6339,472.33
6340,472.11
6341,473.73
6342,474.85
6343,476.43
6344,477.03
6345,476.02
6346,475.41
6347,474.25
6348,474.06
6349,473.06
6350,472.81
6351,471.72
6352,469.96
6353,467.86
6354,466.88
6355,465.45
6356,463.21
6357,463.09
6358,462.65
6359,462
6360,460.98
6361,461.02
6362,460.37
6363,460.08
6364,461.11
6365,461.57
6366,461.62
6367,461.36
6368,460.33
6369,459.11
6370,457.48
6371,455
6372,453.74
6373,452.35
6374,450.82
6375,451.01
6376,452.71
6377,455.37
6378,456.82
6379,457.45
6380,456.67
6381,455.61
6382,453.76
6383,452.44
6384,451.52
6385,452.06
6386,452.67
6387,453.64
6388,454.29
6389,456.2
6390,457.7
6391,457.14
6392,455.94
6393,454.66
6394,452.81
6395,453.22
6396,452.82
6397,453.64
6398,453.67
6399,454.65
6400,454.43
6401,453.28
6402,451.99
6403,451.15
6404,449.77
6405,447.88
6406,446.39
6407,444.76
6408,443.12
6409,442.74
6410,440.78
6411,439.26
6412,437.49
6413,436.25
6414,435.74
6415,435.14
6416,434.71
6417,433.8
6418,432.68
6419,432.24
6420,430.96
6421,429.69
6422,430.25
6423,432.01
6424,434.03
6425,435.78
6426,437.01
6427,438.24
6428,439.18
6429,440.56
6430,442.81
6431,444.67
6432,443.8
6433,443.17
6434,443.16
6435,442.91
6436,442.24
6437,442
6438,442.22
6439,442.83
6440,444.07
6441,443.94
6442,445.52
6443,449.15
6444,452.37
6445,456.2
6446,459.77
6447,460.82
6448,462.25
6449,461.9
6450,461.86
6451,463.08
6452,463.16
6453,461.88
6454,460.21
6455,457.9
6456,457.01
6457,455.97
6458,456.54
6459,457.82
6460,457.88
6461,458.38
6462,459.48
6463,461.29
6464,463.43
6465,464.2
6466,463.1
6467,463.24
6468,462.27
6469,460.53
6470,458.66
6471,457.68
6472,458.99
6473,461.39
6474,462.72
6475,463.34
6476,463.87
6477,464.27
6478,465.74
6479,466.94
6480,467.78
6481,466.57
6482,467.79
6483,469.96
6484,472.75
6485,475.16
6486,476.81
6487,476.81
6488,475.41
6489,473.79
6490,472.28
6491,471.68
6492,471.39
6493,471.44
6494,470.71
6495,469.72
6496,468.84
6497,468.18
6498,466.01
6499,464.86
6500,464.92
6501,465.66
6502,465.65
6503,465.22
6504,464.78
6505,465.08
6506,465.71
6507,465.02
6508,463.85
6509,463.88
6510,463.79
6511,462.74
6512,461.68
6513,460.47
6514,459.28
6515,457.2
6516,455.1
6517,453.91
6518,452.19
6519,452.02
6520,451.54
6521,451.41
6522,450.44
6523,448.84
6524,447.97
6525,447.55
6526,450.2
6527,451.44
6528,451.17
6529,450.96
6530,450.8
6531,450.26
6532,449.91
6533,450.45
6534,451.07
6535,452.96
6536,453.71
6537,454.42
6538,455.65
6539,457.55
6540,459.6
6541,461.47
6542,464.56
6543,465.88
6544,465.25
6545,465.72
6546,466.71
6547,465.56
6548,464.08
6549,465.39
6550,466.83
6551,466.27
6552,467.26
6553,467.88
6554,468.33
6555,469.66
6556,470.9
6557,471.07
6558,471.53
6559,473.5
6560,473.79
6561,473.03
6562,473.02
6563,473.4
6564,473.31
6565,476.11
6566,477.88
6567,479.38
6568,479.09
6569,479.89
6570,480.8
6571,484.19
6572,486.53
6573,488.59
6574,489.97
6575,491.37
6576,491.71
6577,490.98
6578,490.08
6579,488.66
6580,488.38
6581,488.12
6582,487.85
6583,488.39
6584,487.22
6585,486.45
6586,484.6
6587,483.68
6588,482.38
6589,480.1
6590,478.9
6591,478.68
6592,477.33
6593,475.82
6594,474.82
6595,473.4
6596,472.31
6597,470.88
6598,469.5
6599,467.5
6600,465.49
6601,463.59
6602,461.72
6603,459.87
6604,459.04
6605,456.47
6606,453.81
6607,452.5
6608,452.99
6609,452.83
6610,452.88
6611,454.35
6612,453.98
6613,452.76
6614,451.12
6615,450.82
6616,449.43
6617,450.18
6618,451.71
6619,452.38
6620,451.72
6621,451.23
6622,449.5
6623,449.47
6624,449.5
6625,448.62
6626,447.64
6627,446.8
6628,447.21
6629,447.36
6630,447.47
6631,446.57
6632,446.4
6633,446.06
6634,444.99
6635,443.79
6636,442.9
6637,442.18
6638,440.59
6639,439.71
6640,439.88
6641,439.89
6642,440.44
6643,442.15
6644,443.14
6645,445.67
6646,447.51
6647,449.69
6648,451.81
6649,453.74
6650,456.77
6651,458.39
6652,459.41
6653,460.94
6654,462.84
6655,463.86
6656,464.69
6657,464.93
6658,466.65
6659,469.6
6660,471.74
6661,474.27
6662,476.82
6663,478.63
6664,481.91
6665,484.57
6666,485.63
6667,486.3
6668,485.75
6669,485.88
6670,485.84
6671,485.96
6672,487.25
6673,487.09
6674,485.25
6675,484.05
6676,483.49
6677,483.81
6678,482.78
6679,482.36
6680,480.93
6681,479.05
6682,479.42
6683,479.65
6684,480.36
6685,481.77
6686,483.13
6687,483.45
6688,484.04
6689,483.51
6690,481.99
6691,479.85
6692,477.43
6693,475.45
6694,473.91
6695,472.61
6696,470.73
6697,469.06
6698,466.64
6699,464.69
6700,463.87
6701,462.56
6702,461.62
6703,461.63
6704,462.11
6705,462.8
6706,463.12
6707,464.57
6708,465.12
6709,465.75
6710,466.2
6711,465.01
6712,462.76
6713,461.11
6714,459.54
6715,457.43
6716,455.58
6717,454.1
6718,453.27
6719,451.4
6720,451.39
6721,452.79
6722,453.36
6723,451.34
6724,449.68
6725,448.05
6726,446.76
6727,446.51
6728,446.75
6729,448.37
6730,448.53
6731,447.73
6732,447.37
6733,446.53
6734,446.24
6735,446.2
6736,446.57
6737,447.44
6738,447.77
6739,448
6740,448.11
6741,449.85
6742,450.46
6743,449.94
6744,449.86
6745,449.87
6746,449.07
6747,448.9
6748,448.85
6749,449.17
6750,448.86
6751,449.72
6752,450.48
6753,450.98
6754,451.22
6755,450.84
6756,449.36
6757,447.56
6758,446.25
6759,446.44
6760,447.72
6761,448.94
6762,449.31
6763,449.98
6764,451.3
6765,453.88
6766,457.66
6767,460
6768,461.17
6769,462.39
6770,463.42
6771,464.69
6772,465.18
6773,464.5
6774,463.99
6775,463.78
6776,465.35
6777,466.17
6778,466.79
6779,467.21
6780,466.6
6781,466.62
6782,467.15
6783,467.52
6784,467.34
6785,466.94
6786,466.86
6787,467.26
6788,468.01
6789,468.96
6790,469.56
6791,468.73
6792,467.64
6793,466.4
6794,466.35
6795,466.01
6796,466.07
6797,465.87
6798,465.88
6799,465.71
6800,465.83
6801,466.39
6802,466.73
6803,466.62
6804,467.39
6805,468.9
6806,470.09
6807,471.42
6808,473.18
6809,474.36
6810,476.25
6811,476.67
6812,477.85
6813,479.78
6814,480.65
6815,484.2
6816,487.23
6817,488.48
6818,490.32
6819,490.85
6820,489.98
6821,489.51
6822,489.32
6823,489.37
6824,489.22
6825,489.84
6826,489.85
6827,489.38
6828,490.02
6829,490.71
6830,490.26
6831,490.48
6832,489.53
6833,489.24
6834,488.14
6835,487.27
6836,486.48
6837,485.94
6838,484.39
6839,482.69
6840,481.57
6841,482.31
6842,482.49
6843,483.5
6844,484.87
6845,486.36
6846,487.07
6847,489.23
6848,489.91
6849,491.77
6850,493.63
6851,495.85
6852,496.21
6853,496.39
6854,497.36
6855,498.43
6856,498.05
6857,498.4
6858,500.47
6859,503.16
6860,505.28
6861,506.83
6862,507.49
6863,507.44
6864,506.78
6865,505.96
6866,505
6867,505.11
6868,504.98
6869,505.33
6870,506.05
6871,508.5
6872,511.38
6873,512.81
6874,514.38
6875,514.74
6876,515.22
6877,513.74
6878,513.29
6879,516.13
6880,517.41
6881,516.72
6882,515.79
6883,515.98
6884,515.63
6885,515.09
6886,515.84
6887,515.77
6888,515.56
6889,516.99
6890,518.5
6891,520.18
6892,522.85
6893,523.77
6894,525.05
6895,526.69
6896,528.3
6897,530.33
6898,531.63
6899,533.99
6900,535.95
6901,534.48
6902,534.13
6903,533.66
6904,533.32
6905,535.32
6906,536.22
6907,537.28
6908,537.9
6909,538.91
6910,539.65
6911,539.81
6912,539.59
6913,538.9
6914,538.04
6915,536.42
6916,535.93
6917,535.07
6918,534.28
6919,532.85
6920,532.24
6921,532.89
6922,533.71
6923,533.95
6924,533.41
6925,531.86
6926,530.35
6927,529.09
6928,528.26
6929,528.42
6930,527.62
6931,527.33
6932,526.48
6933,524.48
6934,522.86
6935,523.04
6936,522.73
6937,523.82
6938,524.55
6939,524.96
6940,525.86
6941,527.32
6942,528.76
6943,529.56
6944,529.58
6945,529.92
6946,529.63
6947,529.75
6948,529.69
6949,528.55
6950,527.56
6951,527.32
6952,527.85
6953,530.47
6954,532.25
6955,532.24
6956,532.7
6957,534.91
6958,536.39
6959,536.41
6960,534.81
6961,533.79
6962,531.17
6963,529.76
6964,528.13
6965,527.69
6966,527.17
6967,525.8
6968,524.77
6969,523.91
6970,522.82
6971,522.21
6972,521.13
6973,522.21
6974,524.78
6975,526.81
6976,525.41
6977,524.3
6978,521.6
6979,518.36
6980,515.55
6981,513.32
6982,510.67
6983,508.96
6984,507.7
6985,506.89
6986,505.95
6987,504.9
6988,504.16
6989,502.59
6990,500.85
6991,498.65
6992,496.72
6993,495.38
6994,493.97
6995,491.13
6996,488.09
6997,485.34
6998,483.83
6999,482.13
7000,479.11
7001,476.17
7002,474.81
7003,474.1
7004,474.93
7005,476.62
7006,477.84
7007,477.27
7008,477.95
7009,478.12
7010,479.47
7011,480.25
7012,481.27
7013,481.45
7014,481.57
7015,481.9
7016,482.9
7017,482.65
7018,481.14
7019,480.72
7020,480.21
7021,480.09
7022,478.34
7023,477.86
7024,477.69
7025,477.56
7026,478.21
7027,479.8
7028,479.23
7029,477.77
7030,477.13
7031,477.83
7032,478.92
7033,479.39
7034,479.68
7035,478.49
7036,477.26
7037,476.73
7038,476.01
7039,474.21
7040,473.2
7041,471.35
7042,469.39
7043,468.54
7044,468.34
7045,468.6
7046,468.3
7047,466.6
7048,465.8
7049,466.36
7050,466.8
7051,466.28
7052,465.12
7053,463.94
7054,462.78
7055,461.71
7056,460.38
7057,458.62
7058,459.29
7059,460.13
7060,460.79
7061,460.69
7062,461.4
7063,461.37
7064,462.42
7065,463.88
7066,464.49
7067,466.47
7068,470.23
7069,473.58
7070,475.07
7071,475.68
7072,476
7073,475.23
7074,475.43
7075,475.38
7076,475.66
7077,475.57
7078,474.35
7079,473.27
7080,470.87
7081,469.07
7082,466.9
7083,466.08
7084,464.59
7085,462.26
7086,461.09
7087,460.5
7088,461.11
7089,462.68
7090,463.84
7091,464.09
7092,465.04
7093,466.16
7094,466.16
7095,467.25
7096,467.88
7097,467.63
7098,467.81
7099,467.94
7100,468.7
7101,468.84
7102,469.75
7103,469.66
7104,469.89
7105,471.86
7106,473.01
7107,474.36
7108,475.17
7109,477.2
7110,478.4
7111,479.42
7112,480.74
7113,482.29
7114,482.68
7115,482.25
7116,482.12
7117,482.82
7118,482.22
7119,482.5
7120,483.38
7121,484.13
7122,486.2
7123,487.48
7124,488.33
7125,489.81
7126,491.25
7127,492.25
7128,493.13
7129,494.29
7130,495.7
7131,498.02
7132,499.99
7133,500.42
7134,502.35
7135,505.69
7136,507.91
7137,508.95
7138,510.48
7139,511.61
7140,513.33
7141,514.31
7142,515.4
7143,517.24
7144,515.95
7145,514.43
7146,513.34
7147,513.29
7148,515.32
7149,518.22
7150,519.07
7151,521.54
7152,522.13
7153,521.72
7154,521.11
7155,520.28
7156,519.34
7157,519.22
7158,520.42
7159,521.82
7160,521.58
7161,522.25
7162,522.26
7163,520.15
7164,518.35
7165,517.54
7166,516.35
7167,515.46
7168,515.39
7169,514.82
7170,515.12
7171,515.24
7172,516.46
7173,517.95
7174,519.57
7175,519.52
7176,520.71
7177,521.12
7178,521.97
7179,521.76
7180,522.07
7181,523.11
7182,525.48
7183,525.9
7184,528.34
7185,532.07
7186,534.9
7187,537.05
7188,540.83
7189,544.88
7190,547.54
7191,547.92
7192,548.6
7193,548.71
7194,549.28
7195,550.14
7196,551.45
7197,554.61
7198,556.98
7199,559.19
7200,562.34
7201,563.49
7202,564.97
7203,567.35
7204,566.44
7205,564.11
7206,562.88
7207,561.77
7208,560.56
7209,559.33
7210,558.28
7211,556.91
7212,555.51
7213,554.83
7214,554.54
7215,555.65
7216,555.31
7217,555.3
7218,554.64
7219,554.69
7220,553.5
7221,552.46
7222,552.52
7223,551.92
7224,552.83
7225,553.97
7226,554.34
7227,555.46
7228,555.85
7229,557.62
7230,558.97
7231,560.17
7232,563.24
7233,566.33
7234,570.02
7235,573.18
7236,574.24
7237,575.62
7238,576.59
7239,577.86
7240,580.15
7241,582.15
7242,583.64
7243,585.83
7244,587.16
7245,588.41
7246,588.13
7247,587.13
7248,586.71
7249,587.87
7250,588.46
7251,590.69
7252,592.38
7253,595.67
7254,597.87
7255,599.44
7256,599.44
7257,600.41
7258,602.7
7259,605.24
7260,608.91
7261,614.17
7262,618.59
7263,622.92
7264,625.31
7265,625.88
7266,625.24
7267,625.19
7268,624.13
7269,622.45
7270,621.38
7271,620.4
7272,619.96
7273,619.01
7274,618.84
7275,617.48
7276,616.28
7277,614.82
7278,614.97
7279,615.54
7280,614.36
7281,614.27
7282,614.77
7283,615.03
7284,616.14
7285,615.57
7286,615.83
7287,615.46
7288,615.03
7289,616
7290,616.59
7291,616.82
7292,616.31
7293,616.23
7294,618.59
7295,619.41
7296,619.78
7297,621.32
7298,622.89
7299,624.04
7300,624.77
7301,626.43
7302,626.68
7303,626.87
7304,626.45
7305,625.34
7306,625.68
7307,625.86
7308,624.57
7309,623.94
7310,623.17
7311,621.4
7312,620.7
7313,620.79
7314,618.79
7315,615.85
7316,613.75
7317,611.38
7318,609.86
7319,608.43
7320,606.22
7321,604.19
7322,602.24
7323,599.04
7324,597.25
7325,596.1
7326,593.76
7327,591.26
7328,591.3
7329,591.1
7330,592.28
7331,592.67
7332,590.43
7333,587.21
7334,584.22
7335,582.39
7336,582.59
7337,583.86
7338,582.84
7339,581.2
7340,580.15
7341,579.31
7342,579.85
7343,581.05
7344,583.75
7345,585.28
7346,586.64
7347,588.55
7348,591.32
7349,591.4
7350,592.04
7351,595.55
7352,598.49
7353,599.54
7354,600.52
7355,601.27
7356,600.76
7357,600.75
7358,602.2
7359,602.07
7360,600.5
7361,598.71
7362,596.89
7363,595
7364,594.53
7365,593.18
7366,592.11
7367,591.2
7368,591.01
7369,590.82
7370,590.4
7371,590.03
7372,588.62
7373,586.1
7374,584.16
7375,583.19
7376,583.75
7377,584.87
7378,585.13
7379,585.63
7380,584.68
7381,584.07
7382,583.3
7383,583.39
7384,581.99
7385,581.19
7386,580.12
7387,578.76
7388,577.35
7389,576.76
7390,577.25
7391,578.35
7392,579.99
7393,580.48
7394,579.4
7395,578.15
7396,576.75
7397,576.45
7398,576.74
7399,576.65
7400,575
7401,573.63
7402,574.15
7403,573.85
7404,572.71
7405,571.34
7406,571.83
7407,572.96
7408,573.8
7409,574.92
7410,575.89
7411,577.11
7412,578.38
7413,579.34
7414,580.45
7415,582.03
7416,587.1
7417,591.33
7418,594.09
7419,595.61
7420,598.5
7421,602.07
7422,604.78
7423,607.23
7424,608.82
7425,609.69
7426,610.04
7427,613.13
7428,615.13
7429,617.23
7430,619.26
7431,621.94
7432,624.89
7433,624.95
7434,625.23
7435,624.06
7436,623.23
7437,622.31
7438,620.64
7439,619.42
7440,617.79
7441,616.7
7442,614.92
7443,611.36
7444,608.87
7445,606.2
7446,603.08
7447,600.39
7448,598.49
7449,598.8
7450,599.3
7451,598.93
7452,598.48
7453,597.64
7454,598.07
7455,600.08
7456,603.03
7457,603.94
7458,604.54
7459,604.73
7460,603.46
7461,602.08
7462,601.98
7463,600.38
7464,598.88
7465,597.66
7466,596.05
7467,596.2
7468,595.91
7469,594.92
7470,593.57
7471,593.79
7472,596.43
7473,598.68
7474,601.93
7475,603.91
7476,605.82
7477,606.77
7478,605.96
7479,606.29
7480,608.21
7481,609.55
7482,612.22
7483,614.35
7484,616.1
7485,617.55
7486,617.41
7487,616.77
7488,616.69
7489,616.2
7490,615.63
7491,614.37
7492,613.51
7493,612.89
7494,613.66
7495,612.92
7496,613.21
7497,612.7
7498,613.35
7499,614.38
7500,616.33
7501,616.92
7502,618.3
7503,619.23
7504,620.79
7505,621.56
7506,623.45
7507,625.77
7508,625.48
7509,625.41
7510,624.81
7511,623.9
7512,623.66
7513,623.37
7514,622.79
7515,622.1
7516,621.42
7517,619.87
7518,620.19
7519,620.77
7520,620.85
7521,620.13
7522,621.45
7523,623.65
7524,624.13
7525,624.01
7526,623.74
7527,626.16
7528,625.58
7529,624.24
7530,620.94
7531,618.94
7532,617.36
7533,616.08
7534,615.38
7535,615.22
7536,614.91
7537,614.97
7538,614.73
7539,613.42
7540,613.91
7541,613.3
7542,611.78
7543,610.75
7544,609.94
7545,609.5
7546,609.36
7547,607.12
7548,604.87
7549,603.64
7550,602.34
7551,601.49
7552,599.25
7553,598.43
7554,596.46
7555,596.78
7556,595.3
7557,594.75
7558,595.55
7559,594.68
7560,594.78
7561,594.22
7562,593.69
7563,593.55
7564,594.06
7565,594.44
7566,594.08
7567,595.05
7568,597.18
7569,599.91
7570,602.91
7571,604.11
7572,605.1
7573,606.11
7574,608.23
7575,609.63
7576,609.01
7577,607.05
7578,605.29
7579,603.22
7580,601.05
7581,600.41
7582,600.47
7583,602.32
7584,602.66
7585,603.9
7586,603.83
7587,603.31
7588,604.31
7589,604.73
7590,606.31
7591,606.95
7592,609.24
7593,610.95
7594,611.57
7595,610.71
7596,611.96
7597,613.63
7598,613.91
7599,613.83
7600,612.98
7601,614
7602,615.63
7603,617.39
7604,618.44
7605,619.98
7606,620.51
7607,620.54
7608,622.02
7609,622.58
7610,622.5
7611,621.82
7612,619.79
7613,617.81
7614,616.39
7615,615.96
7616,615.95
7617,616.88
7618,618.86
7619,620.74
7620,621.87
7621,621.9
7622,621.89
7623,622.28
7624,625.37
7625,628.29
7626,631.05
7627,634.47
7628,636.43
7629,637.55
7630,639.38
7631,639.8
7632,638.1
7633,636.98
7634,636.77
7635,637.03
7636,635.67
7637,632.76
7638,629.99
7639,627.59
7640,626.98
7641,626.76
7642,627.56
7643,627.72
7644,627.35
7645,626.66
7646,625.56
7647,623.97
7648,622.01
7649,621.47
7650,622.5
7651,623.96
7652,625.46
7653,628.37
7654,631.09
7655,634.05
7656,637.44
7657,638.43
7658,638.91
7659,641.76
7660,642.62
7661,643.75
7662,644.97
7663,647.76
7664,647.84
7665,648.58
7666,648.23
7667,647.42
7668,645.8
7669,644.61
7670,643.62
7671,643.01
7672,642.59
7673,640.08
7674,637.42
7675,634.7
7676,631.59
7677,629.47
7678,628.06
7679,627.06
7680,626.01
7681,626.42
7682,626.57
7683,627.83
7684,628.99
7685,631.06
7686,632.31
7687,634
7688,637.49
7689,640.23
7690,642.74
7691,643.96
7692,646.01
7693,648.19
7694,649.81
7695,650.01
7696,650.69
7697,651.63
7698,651.05
7699,651.25
7700,650.94
7701,652.31
7702,650.79
7703,650.22
7704,649.91
7705,650.29
7706,651.36
7707,653.27
7708,653.23
7709,653.82
7710,653.6
7711,652.15
7712,650.91
7713,650.01
7714,648.51
7715,645.72
7716,642.66
7717,640.35
7718,639.17
7719,638.36
7720,638.1
7721,637.48
7722,636.03
7723,636.02
7724,635.57
7725,634.79
7726,634.79
7727,636.06
7728,638.58
7729,639.99
7730,641.44
7731,641.86
7732,641.95
7733,641.91
7734,640.38
7735,639.51
7736,639.82
7737,639.82
7738,640.22
7739,638.96
7740,637.8
7741,636.68
7742,638.3
7743,639.01
7744,639.33
7745,639.25
7746,640.08
7747,639.44
7748,639.86
7749,639.36
7750,638.6
7751,637.49
7752,637.67
7753,636.64
7754,637.29
7755,637.38
7756,638.19
7757,638.9
7758,638.75
7759,638.26
7760,637.86
7761,637.48
7762,637.64
7763,638.21
7764,639.52
7765,640.72
7766,643.25
7767,644.51
7768,645.73
7769,646.95
7770,645.51
7771,643.94
7772,644.08
7773,643.22
7774,642.47
7775,643.5
7776,643.39
7777,643.5
7778,644.48
7779,646.37
7780,647.93
7781,649.7
7782,651.17
7783,652.46
7784,652.51
7785,651.77
7786,650.17
7787,648.12
7788,648.63
7789,649.13
7790,649.63
7791,650.17
7792,649.65
7793,650.84
7794,652.19
7795,653.14
7796,654.33
7797,657.2
7798,658.95
7799,662.6
7800,665.72
7801,667.56
7802,668.14
7803,670.16
7804,671.93
7805,674.67
7806,677.69
7807,680.33
7808,681.77
7809,681.61
7810,681.57
7811,679.8
7812,678.41
7813,679.27
7814,680.12
7815,679.88
7816,680.78
7817,681.28
7818,682.31
7819,684.57
7820,686.98
7821,688.29
7822,688.05
7823,688.28
7824,688.15
7825,687.08
7826,687.57
7827,687.39
7828,685.49
7829,684.61
7830,684.1
7831,683.7
7832,683.75
7833,685.13
7834,685.79
7835,686.56
7836,687.54
7837,688.06
7838,687.65
7839,688.27
7840,688.4
7841,688.07
7842,687.83
7843,687.37
7844,686.49
7845,684.61
7846,683
7847,681.17
7848,679.41
7849,677.68
7850,677
7851,676.71
7852,676.1
7853,674.85
7854,674.53
7855,675.4
7856,675.56
7857,675.33
7858,674.34
7859,672.4
7860,670.25
7861,667.78
7862,665.69
7863,663.55
7864,661.45
7865,660.38
7866,657.93
7867,654.64
7868,652.06
7869,651.36
7870,649.37
7871,649.33
7872,650.57
7873,651.77
7874,650.89
7875,650.67
7876,651.19
7877,651.98
7878,652.01
7879,652.45
7880,653.63
7881,654.54
7882,655.56
7883,654.12
7884,653.93
7885,651.21
7886,649.53
7887,646.98
7888,645.33
7889,644.97
7890,644.98
7891,646.71
7892,646.92
7893,646.97
7894,648.12
7895,648.34
7896,647.95
7897,647.59
7898,646.69
7899,646.46
7900,645.05
7901,646.43
7902,648.09
7903,648.13
7904,648.56
7905,649.17
7906,648.39
7907,647.36
7908,645.75
7909,644.98
7910,643.49
7911,642.37
7912,640.01
7913,638.34
7914,636.48
7915,634.98
7916,634.11
7917,633.39
7918,633.37
7919,634.73
7920,636.68
7921,638.78
7922,640.56
7923,642.41
7924,643.64
7925,643.76
7926,644.29
7927,644.52
7928,645.38
7929,647.34
7930,648.48
7931,650.03
7932,651.01
7933,653.36
7934,654.35
7935,653.54
7936,652.68
7937,650.21
7938,647.7
7939,645.78
7940,646.32
7941,647.27
7942,647.66
7943,648.72
7944,648.89
7945,647.87
7946,646.89
7947,646.72
7948,646.18
7949,644.18
7950,644.55
7951,644.57
7952,643.87
7953,644.2
7954,646.16
7955,648.42
7956,649.54
7957,649.02
7958,649.06
7959,647.9
7960,648.28
7961,648.02
7962,649.52
7963,650.63
7964,650.87
7965,649.86
7966,647.73
7967,645.05
7968,643
7969,641.46
7970,638.85
7971,638.43
7972,636.74
7973,635.63
7974,634.58
7975,633.26
7976,631.84
7977,629.82
7978,628.55
7979,627.72
7980,626.59
7981,626.55
7982,625.66
7983,624.22
7984,623.18
7985,622.31
7986,622.1
7987,620.96
7988,620.21
7989,620.44
7990,621.05
7991,619.71
7992,620.94
7993,621.36
7994,620.48
7995,619.4
7996,617.5
7997,616.25
7998,616.68
7999,618.89
8000,619.89
