timestamp,mouse_x
1,0
2,0
3,0
4,0
5,0
6,0
7,0
8,0
9,0
10,0
11,0
12,0
13,0
14,0
15,0
16,0
17,0
18,0
19,0
20,0
21,0
22,0
23,0
24,0
25,0
26,0
27,0
28,0
29,0
30,0
31,0
32,0
33,0
34,0
35,0
36,0
37,0
38,0
39,0
40,0
41,0
42,0
43,0
44,0
45,0
46,0
47,0
48,0
49,0
50,0
51,0
52,0
53,0
54,0
55,0
56,0
57,0
58,0
59,0
60,0
61,0
62,0
63,0
64,0
65,0
66,0
67,0
68,0
69,0
70,0
71,0
72,0
73,0
74,0
75,0
76,0
77,0
78,0
79,0
80,0
81,0
82,0
83,0
84,0
85,0
86,0
87,0
88,0
89,0
90,0
91,0
92,0
93,0
94,0
95,0
96,0
97,0
98,0
99,0
100,0
101,0
102,0
103,0
104,0
105,0
106,0
107,0
108,0
109,0
110,0
111,0
112,0
113,0
114,0
115,0
116,0
117,0
118,0
119,0
120,0
121,0
122,0
123,0
124,0
125,0
126,0
127,0
128,0
129,0
130,0
131,0
132,0
133,0
134,0
135,0
136,0
137,0
138,0
139,0
140,0
141,0
142,0
143,0
144,0
145,0
146,0
147,0
148,0
149,0
150,0
151,0
152,0
153,0
154,0
155,0
156,0
157,0
158,0
159,0
160,0
161,0
162,0
163,0
164,0
165,0
166,0
167,0
168,0
169,0
170,0
171,0
172,0
173,0
174,0
175,0
176,0
177,0
178,0
179,0
180,0
181,0
182,0
183,0
184,0
185,0
186,0
187,0
188,0
189,0
190,0
191,0
192,0
193,0
194,0
195,0
196,0
197,0
198,0
199,0
200,0
201,0
202,0
203,0
204,0
205,0
206,0
207,0
208,0
209,0
210,0
211,0
212,0
213,0
214,0
215,0
216,0
217,0
218,0
219,0
220,0
221,0
222,0
223,0
224,0
225,0
226,0
227,0
228,0
229,0
230,0
231,0
232,0
233,0
234,0
235,0
236,0
237,0
238,0
239,0
240,0
241,0
242,0
243,0
244,0
245,0
246,0
247,0
248,0
249,0
250,0
251,0
252,0
253,0
254,0
255,0
256,0
257,0
258,0
259,0
260,0
261,0
262,0
263,0
264,0
265,0
266,0
267,0
268,0
269,0
270,0
271,0
272,0
273,0
274,0
275,0
276,0
277,0
278,0
279,0
280,0
281,0
282,0
283,0
284,0
285,0
286,0
287,0
288,0
289,0
290,0
291,0
292,0
293,0
294,0
295,0
296,0
297,0
298,0
299,0
300,0
301,0
302,0
303,0
304,0
305,0
306,0
307,0
308,0
309,0
310,0
311,0
312,0
313,0
314,0
315,0
316,0
317,0
318,0
319,0
320,0
321,0
322,0
323,0
324,0
325,0
326,0
327,0
328,0
329,0
330,0
331,0
332,0
333,0
334,0
335,0
336,0
337,0
338,0
339,0
340,0
341,0
342,0
343,0
344,0
345,0
346,0
347,0
348,0
349,0
350,0
351,0
352,0
353,0
354,0
355,0
356,0
357,0
358,0
359,0
360,0
361,0
362,0
363,0
364,0
365,0
366,0
367,0
368,0
369,0
370,0
371,0
372,0
373,0
374,0
375,0
376,0
377,0
378,0
379,0
380,0
381,0
382,0
383,0
384,0
385,0
386,0
387,0
388,0
389,0
390,0
391,0
392,0
393,0
394,0
395,0
396,0
397,0
398,0
399,0
400,0
401,0
402,0
403,0
404,0
405,0
406,0
407,0
408,0
409,0
410,0
411,0
412,0
413,0
414,0
415,0
416,0
417,0
418,0
419,0
420,0
421,0
422,0
423,0
424,0
425,0
426,0
427,0
428,0
429,0
430,0
431,0
432,0
433,0
434,0
435,0
436,0
437,0
438,0
439,0
440,0
441,0
442,0
443,0
444,0
445,0
446,0
447,0
448,0
449,0
450,0
451,0
452,0
453,0
454,0
455,0
456,0
457,0
458,0
459,0
460,0
461,0
462,0
463,0
464,0
465,0
466,0
467,0
468,0
469,0
470,0
471,0
472,0
473,0
474,0
475,0
476,0
477,0
478,0
479,0
480,0
481,0
482,0
483,0
484,0
485,0
486,0
487,0
488,0
489,0
490,0
491,0
492,0
493,0
494,0
495,0
496,0
497,0
498,0
499,0
500,0
501,0
502,0
503,0
504,0
505,0
506,0
507,0
508,0
509,0
510,0
511,0
512,0
513,0
514,0
515,0
516,0
517,0
518,0
519,0
520,0
521,0
522,0
523,0
524,0
525,0
526,0
527,0
528,0
529,0
530,0
531,0
532,0
533,0
534,0
535,0
536,0
537,0
538,0
539,0
540,0
541,0
542,0
543,0
544,0
545,0
546,0
547,0
548,0
549,0
550,0
551,0
552,0
553,0
554,0
555,0
556,0
557,0
558,0
559,0
560,0
561,0
562,0
563,0
564,0
565,0
566,0
567,0
568,0
569,0
570,0
571,0
572,0
573,0
574,0
575,0
576,0
577,0
578,0
579,0
580,0
581,0
582,0
583,0
584,0
585,0
586,0
587,0
588,0
589,0
590,0
591,0
592,0
593,0
594,0
595,0
596,0
597,0
598,0
599,0
600,0
601,0
602,0
603,0
604,0
605,0
606,0
607,0
608,0
609,0
610,0
611,0
612,0
613,0
614,0
615,0
616,0
617,0
618,0
619,0
620,0
621,0
622,0
623,0
624,0
625,0
626,0
627,0
628,0
629,0
630,0
631,0
632,0
633,0
634,0
635,0
636,0
637,0
638,0
639,0
640,0
641,0
642,0
643,0
644,0
645,0
646,0
647,0
648,0
649,0
650,0
651,0
652,0
653,0
654,0
655,0
656,0
657,0
658,0
659,0
660,0
661,0
662,0
663,0
664,0
665,0
666,0
667,0
668,0
669,0
670,0
671,0
672,0
673,0
674,0
675,0
676,0
677,0
678,0
679,0
680,0
681,0
682,0
683,0
684,0
685,0
686,0
687,0
688,0
689,0
690,0
691,0
692,0
693,0
694,0
695,0
696,0
697,0
698,0
699,0
700,0
701,0
702,0
703,0
704,0
705,0
706,0
707,0
708,0
709,0
710,0
711,0
712,0
713,0
714,0
715,0
716,0
717,0
718,0
719,0
720,0
721,0
722,0
723,0
724,0
725,0
726,0
727,0
728,0
729,0
730,0
731,0
732,0
733,0
734,0
735,0
736,0
737,0
738,0
739,0
740,0
741,0
742,0
743,0
744,0
745,0
746,0
747,0
748,0
749,0
750,0
751,0
752,0
753,0
754,0
755,0
756,0
757,0
758,0
759,0
760,0
761,0
762,0
763,0
764,0
765,0
766,0
767,0
768,0
769,0
770,0
771,0
772,0
773,0
774,0
775,0
776,0
777,0
778,0
779,0
780,0
781,0
782,0
783,0
784,0
785,0
786,0
787,0
788,0
789,0
790,0
791,0
792,0
793,0
794,0
795,0
796,0
797,0
798,0
799,0
800,0
801,0
802,0
803,0
804,0
805,0
806,0
807,0
808,0
809,0
810,0
811,0
812,0
813,0
814,0
815,0
816,0
817,0
818,0
819,0
820,0
821,0
822,0
823,0
824,0
825,0
826,0
827,0
828,0
829,0
830,0
831,0
832,0
833,0
834,0
835,0
836,0
837,0
838,0
839,0
840,0
841,0
842,0
843,0
844,0
845,0
846,0
847,0
848,0
849,0
850,0
851,0
852,0
853,0
854,0
855,0
856,0
857,0
858,0
859,0
860,0
861,0
862,0
863,0
864,0
865,0
866,0
867,0
868,0
869,0
870,0
871,0
872,0
873,0
874,0
875,0
876,0
877,0
878,0
879,0
880,0
881,0
882,0
883,0
884,0
885,0
886,0
887,0
888,0
889,0
890,0
891,0
892,0
893,0
894,0
895,0
896,0
897,0
898,0
899,0
900,0
901,0
902,0
903,0
904,0
905,0
906,0
907,0
908,0
909,0
910,0
911,0
912,0
913,0
914,0
915,0
916,0
917,0
918,0
919,0
920,0
921,0
922,0
923,0
924,0
925,0
926,0
927,0
928,0
929,0
930,0
931,0
932,0
933,0
934,0
935,0
936,0
937,0
938,0
939,0
940,0
941,0
942,0
943,0
944,0
945,0
946,0
947,0
948,0
949,0
950,0
951,0
952,0
953,0
954,0
955,0
956,0
957,0
958,0
959,0
960,0
961,0
962,0
963,0
964,0
965,0
966,0
967,0
968,0
969,0
970,0
971,0
972,0
973,0
974,0
975,0
976,0
977,0
978,0
979,0
980,0
981,0
982,0
983,0
984,0
985,0
986,0
987,0
988,0
989,0
990,0
991,0
992,0
993,0
994,0
995,0
996,0
997,0
998,0
999,0
1000,0
1001,0
1002,0
1003,0
1004,0
1005,0
1006,0
1007,0
1008,0
1009,0
1010,0
1011,0
1012,0
1013,0
1014,0
1015,0
1016,0
1017,0
1018,0
1019,0
1020,0
1021,0
1022,0
1023,0
1024,0
1025,0
1026,0
1027,0
1028,0
1029,0
1030,0
1031,0
1032,0
1033,0
1034,0
1035,0
1036,0
1037,0
1038,0
1039,0
1040,0
1041,0
1042,0
1043,0
1044,0
1045,0
1046,0
1047,0
1048,0
1049,0
1050,0
1051,0
1052,0
1053,0
1054,0
1055,0
1056,0
1057,0
1058,0
1059,0
1060,0
1061,0
1062,0
1063,0
1064,0
1065,0
1066,0
1067,0
1068,0
1069,0
1070,0
1071,0
1072,0
1073,0
1074,0
1075,0
1076,0
1077,0
1078,0
1079,0
1080,0
1081,0
1082,0
1083,0
1084,0
1085,0
1086,0
1087,0
1088,0
1089,0
1090,0
1091,0
1092,0
1093,0
1094,0
1095,0
1096,0
1097,0
1098,0
1099,0
1100,0
1101,0
1102,0
1103,0
1104,0
1105,0
1106,0
1107,0
1108,0
1109,0
1110,0
1111,0
1112,0
1113,0
1114,0
1115,0
1116,0
1117,0
1118,0
1119,0
1120,0
1121,0
1122,0
1123,0
1124,0
1125,0
1126,0
1127,0
1128,0
1129,0
1130,0
1131,0
1132,0
1133,0
1134,0
1135,0
1136,0
1137,0
1138,0
1139,0
1140,0
1141,0
1142,0
1143,0
1144,0
1145,0
1146,0
1147,0
1148,0
1149,0
1150,0
1151,0
1152,0
1153,0
1154,0
1155,0
1156,0
1157,0
1158,0
1159,0
1160,0
1161,0
1162,0
1163,0
1164,0
1165,0
1166,0
1167,0
1168,0
1169,0
1170,0
1171,0
1172,0
1173,0
1174,0
1175,0
1176,0
1177,0
1178,0
1179,0
1180,0
1181,0
1182,0
1183,0
1184,0
1185,0
1186,0
1187,0
1188,0
1189,0
1190,0
1191,0
1192,0
1193,0
1194,0
1195,0
1196,0
1197,0
1198,0
1199,0
1200,0
1201,0
1202,0
1203,0
1204,0
1205,0
1206,0
1207,0
1208,0
1209,0
1210,0
1211,0
1212,0
1213,0
1214,0
1215,0
1216,0
1217,0
1218,0
1219,0
1220,0
1221,0
1222,0
1223,0
1224,0
1225,0
1226,0
1227,0
1228,0
1229,0
1230,0
1231,0
1232,0
1233,0
1234,0
1235,0
1236,0
1237,0
1238,0
1239,0
1240,0
1241,0
1242,0
1243,0
1244,0
1245,0
1246,0
1247,0
1248,0
1249,0
1250,0
1251,0
1252,0
1253,0
1254,0
1255,0
1256,0
1257,0
1258,0
1259,0
1260,0
1261,0
1262,0
1263,0
1264,0
1265,0
1266,0
1267,0
1268,0
1269,0
1270,0
1271,0
1272,0
1273,0
1274,0
1275,0
1276,0
1277,0
1278,0
1279,0
1280,0
1281,0
1282,0
1283,0
1284,0
1285,0
1286,0
1287,0
1288,0
1289,0
1290,0
1291,0
1292,0
1293,0
1294,0
1295,0
1296,0
1297,0
1298,0
1299,0
1300,0
1301,0
1302,0
1303,0
1304,0
1305,0
1306,0
1307,0
1308,0
1309,0
1310,0
1311,0
1312,0
1313,0
1314,0
1315,0
1316,0
1317,0
1318,0
1319,0
1320,0
1321,0
1322,0
1323,0
1324,0
1325,0
1326,0
1327,0
1328,0
1329,0
1330,0
1331,0
1332,0
1333,0
1334,0
1335,0
1336,0
1337,0
1338,0
1339,0
1340,0
1341,0
1342,0
1343,0
1344,0
1345,0
1346,0
1347,0
1348,0
1349,0
1350,0
1351,0
1352,0
1353,0
1354,0
1355,0
1356,0
1357,0
1358,0
1359,0
1360,0
1361,0
1362,0
1363,0
1364,0
1365,0
1366,0
1367,0
1368,0
1369,0
1370,0
1371,0
1372,0
1373,0
1374,0
1375,0
1376,0
1377,0
1378,0
1379,0
1380,0
1381,0
1382,0
1383,0
1384,0
1385,0
1386,0
1387,0
1388,0
1389,0
1390,0
1391,0
1392,0
1393,0
1394,0
1395,0
1396,0
1397,0
1398,0
1399,0
1400,0
1401,0
1402,0
1403,0
1404,0
1405,0
1406,0
1407,0
1408,0
1409,0
1410,0
1411,0
1412,0
1413,0
1414,0
1415,0
1416,0
1417,0
1418,0
1419,0
1420,0
1421,0
1422,0
1423,0
1424,0
1425,0
1426,0
1427,0
1428,0
1429,0
1430,0
1431,0
1432,0
1433,0
1434,0
1435,0
1436,0
1437,0
1438,0
1439,0
1440,0
1441,0
1442,0
1443,0
1444,0
1445,0
1446,0
1447,0
1448,0
1449,0
1450,0
1451,0
1452,0
1453,0
1454,0
1455,0
1456,0
1457,0
1458,0
1459,0
1460,0
1461,0
1462,0
1463,0
1464,0
1465,0
1466,0
1467,0
1468,0
1469,0
1470,0
1471,0
1472,0
1473,0
1474,0
1475,0
1476,0
1477,0
1478,0
1479,0
1480,0
1481,0
1482,0
1483,0
1484,0
1485,0
1486,0
1487,0
1488,0
1489,0
1490,0
1491,0
1492,0
1493,0
1494,0
1495,0
1496,0
1497,0
1498,0
1499,0
1500,0
1501,0
1502,0
1503,0
1504,0
1505,0
1506,0
1507,0
1508,0
1509,0
1510,0
1511,0
1512,0
1513,0
1514,0
1515,0
1516,0
1517,0
1518,0
1519,0
1520,0
1521,0
1522,0
1523,0
1524,0
1525,0
1526,0
1527,0
1528,0
1529,0
1530,0
1531,0
1532,0
1533,0
1534,0
1535,0
1536,0
1537,0
1538,0
1539,0
1540,0
1541,0
1542,0
1543,0
1544,0
1545,0
1546,0
1547,0
1548,0
1549,0
1550,0
1551,0
1552,0
1553,0
1554,0
1555,0
1556,0
1557,0
1558,0
1559,0
1560,0
1561,0
1562,0
1563,0
1564,0
1565,0
1566,0
1567,0
1568,0
1569,0
1570,0
1571,0
1572,0
1573,0
1574,0
1575,0
1576,0
1577,0
1578,0
1579,0
1580,0
1581,0
1582,0
1583,0
1584,0
1585,0
1586,0
1587,0
1588,0
1589,0
1590,0
1591,0
1592,0
1593,0
1594,0
1595,0
1596,0
1597,0
1598,0
1599,0
1600,0
1601,0
1602,0
1603,0
1604,0
1605,0
1606,0
1607,0
1608,0
1609,0
1610,0
1611,0
1612,0
1613,0
1614,0
1615,0
1616,0
1617,0
1618,0
1619,0
1620,0
1621,0
1622,0
1623,0
1624,0
1625,0
1626,0
1627,0
1628,0
1629,0
1630,0
1631,0
1632,0
1633,0
1634,0
1635,0
1636,0
1637,0
1638,0
1639,0
1640,0
1641,0
1642,0
1643,0
1644,0
1645,0
1646,0
1647,0
1648,0
1649,0
1650,0
1651,0
1652,0
1653,0
1654,0
1655,0
1656,0
1657,0
1658,0
1659,0
1660,0
1661,0
1662,0
1663,0
1664,0
1665,0
1666,0
1667,0
1668,0
1669,0
1670,0
1671,0
1672,0
1673,0
1674,0
1675,0
1676,0
1677,0
1678,0
1679,0
1680,0
1681,0
1682,0
1683,0
1684,0
1685,0
1686,0
1687,0
1688,0
1689,0
1690,0
1691,0
1692,0
1693,0
1694,0
1695,0
1696,0
1697,0
1698,0
1699,0
1700,0
1701,0
1702,0
1703,0
1704,0
1705,0
1706,0
1707,0
1708,0
1709,0
1710,0
1711,0
1712,0
1713,0
1714,0
1715,0
1716,0
1717,0
1718,0
1719,0
1720,0
1721,0
1722,0
1723,0
1724,0
1725,0
1726,0
1727,0
1728,0
1729,0
1730,0
1731,0
1732,0
1733,0
1734,0
1735,0
1736,0
1737,0
1738,0
1739,0
1740,0
1741,0
1742,0
1743,0
1744,0
1745,0
1746,0
1747,0
1748,0
1749,0
1750,0
1751,0
1752,0
1753,0
1754,0
1755,0
1756,0
1757,0
1758,0
1759,0
1760,0
1761,0
1762,0
1763,0
1764,0
1765,0
1766,0
1767,0
1768,0
1769,0
1770,0
1771,0
1772,0
1773,0
1774,0
1775,0
1776,0
1777,0
1778,0
1779,0
1780,0
1781,0
1782,0
1783,0
1784,0
1785,0
1786,0
1787,0
1788,0
1789,0
1790,0
1791,0
1792,0
1793,0
1794,0
1795,0
1796,0
1797,0
1798,0
1799,0
1800,0
1801,0
1802,0
1803,0
1804,0
1805,0
1806,0
1807,0
1808,0
1809,0
1810,0
1811,0
1812,0
1813,0
1814,0
1815,0
1816,0
1817,0
1818,0
1819,0
1820,0
1821,0
1822,0
1823,0
1824,0
1825,0
1826,0
1827,0
1828,0
1829,0
1830,0
1831,0
1832,0
1833,0
1834,0
1835,0
1836,0
1837,0
1838,0
1839,0
1840,0
1841,0
1842,0
1843,0
1844,0
1845,0
1846,0
1847,0
1848,0
1849,0
1850,0
1851,0
1852,0
1853,0
1854,0
1855,0
1856,0
1857,0
1858,0
1859,0
1860,0
1861,0
1862,0
1863,0
1864,0
1865,0
1866,0
1867,0
1868,0
1869,0
1870,0
1871,0
1872,0
1873,0
1874,0
1875,0
1876,0
1877,0
1878,0
1879,0
1880,0
1881,0
1882,0
1883,0
1884,0
1885,0
1886,0
1887,0
1888,0
1889,0
1890,0
1891,0
1892,0
1893,0
1894,0
1895,0
1896,0
1897,0
1898,0
1899,0
1900,0
1901,0
1902,0
1903,0
1904,0
1905,0
1906,0
1907,0
1908,0
1909,0
1910,0
1911,0
1912,0
1913,0
1914,0
1915,0
1916,0
1917,0
1918,0
1919,0
1920,0
1921,0
1922,0
1923,0
1924,0
1925,0
1926,0
1927,0
1928,0
1929,0
1930,0
1931,0
1932,0
1933,0
1934,0
1935,0
1936,0
1937,0
1938,0
1939,0
1940,0
1941,0
1942,0
1943,0
1944,0
1945,0
1946,0
1947,0
1948,0
1949,0
1950,0
1951,0
1952,0
1953,0
1954,0
1955,0
1956,0
1957,0
1958,0
1959,0
1960,0
1961,0
1962,0
1963,0
1964,0
1965,0
1966,0
1967,0
1968,0
1969,0
1970,0
1971,0
1972,0
1973,0
1974,0
1975,0
1976,0
1977,0
1978,0
1979,0
1980,0
1981,0
1982,0
1983,0
1984,0
1985,0
1986,0
1987,0
1988,0
1989,0
1990,0
1991,0
1992,0
1993,0
1994,0
1995,0
1996,0
1997,0
1998,0
1999,0
2000,0
2001,0
2002,0
2003,0
2004,0
2005,0
2006,0
2007,0
2008,0
2009,0
2010,0
2011,0
2012,0
2013,0
2014,0
2015,0
2016,0
2017,0
2018,0
2019,0
2020,0
2021,0
2022,0
2023,0
2024,0
2025,0
2026,0
2027,0
2028,0
2029,0
2030,0
2031,0
2032,0
2033,0
2034,0
2035,0
2036,0
2037,0
2038,0
2039,0
2040,0
2041,0
2042,0
2043,0
2044,0
2045,0
2046,0
2047,0
2048,0
2049,0
2050,0
2051,0
2052,0
2053,0
2054,0
2055,0
2056,0
2057,0
2058,0
2059,0
2060,0
2061,0
2062,0
2063,0
2064,0
2065,0
2066,0
2067,0
2068,0
2069,0
2070,0
2071,0
2072,0
2073,0
2074,0
2075,0
2076,0
2077,0
2078,0
2079,0
2080,0
2081,0
2082,0
2083,0
2084,0
2085,0
2086,0
2087,0
2088,0
2089,0
2090,0
2091,0
2092,0
2093,0
2094,0
2095,0
2096,0
2097,0
2098,0
2099,0
2100,0
2101,0
2102,0
2103,0
2104,0
2105,0
2106,0
2107,0
2108,0
2109,0
2110,0
2111,0
2112,0
2113,0
2114,0
2115,0
2116,0
2117,0
2118,0
2119,0
2120,0
2121,0
2122,0
2123,0
2124,0
2125,0
2126,0
2127,0
2128,0
2129,0
2130,0
2131,0
2132,0
2133,0
2134,0
2135,0
2136,0
2137,0
2138,0
2139,0
2140,0
2141,0
2142,0
2143,0
2144,0
2145,0
2146,0
2147,0
2148,0
2149,0
2150,0
2151,0
2152,0
2153,0
2154,0
2155,0
2156,0
2157,0
2158,0
2159,0
2160,0
2161,0
2162,0
2163,0
2164,0
2165,0
2166,0
2167,0
2168,0
2169,0
2170,0
2171,0
2172,0
2173,0
2174,0
2175,0
2176,0
2177,0
2178,0
2179,0
2180,0
2181,0
2182,0
2183,0
2184,0
2185,0
2186,0
2187,0
2188,0
2189,0
2190,0
2191,0
2192,0
2193,0
2194,0
2195,0
2196,0
2197,0
2198,0
2199,0
2200,0
2201,0
2202,0
2203,0
2204,0
2205,0
2206,0
2207,0
2208,0
2209,0
2210,0
2211,0
2212,0
2213,0
2214,0
2215,0
2216,0
2217,0
2218,0
2219,0
2220,0
2221,0
2222,0
2223,0
2224,0
2225,0
2226,0
2227,0
2228,0
2229,0
2230,0
2231,0
2232,0
2233,0
2234,0
2235,0
2236,0
2237,0
2238,0
2239,0
2240,0
2241,0
2242,0
2243,0
2244,0
2245,0
2246,0
2247,0
2248,0
2249,0
2250,0
2251,0
2252,0
2253,0
2254,0
2255,0
2256,0
2257,0
2258,0
2259,0
2260,0
2261,0
2262,0
2263,0
2264,0
2265,0
2266,0
2267,0
2268,0
2269,0
2270,0
2271,0
2272,0
2273,0
2274,0
2275,0
2276,0
2277,0
2278,0
2279,0
2280,0
2281,0
2282,0
2283,0
2284,0
2285,0
2286,0
2287,0
2288,0
2289,0
2290,0
2291,0
2292,0
2293,0
2294,0
2295,0
2296,0
2297,0
2298,0
2299,0
2300,0
2301,0
2302,0
2303,0
2304,0
2305,0
2306,0
2307,0
2308,0
2309,0
2310,0
2311,0
2312,0
2313,0
2314,0
2315,0
2316,0
2317,0
2318,0
2319,0
2320,0
2321,0
2322,0
2323,0
2324,0
2325,0
2326,0
2327,0
2328,0
2329,0
2330,0
2331,0
2332,0
2333,0
2334,0
2335,0
2336,0
2337,0
2338,0
2339,0
2340,0
2341,0
2342,0
2343,0
2344,0
2345,0
2346,0
2347,0
2348,0
2349,0
2350,0
2351,0
2352,0
2353,0
2354,0
2355,0
2356,0
2357,0
2358,0
2359,0
2360,0
2361,0
2362,0
2363,0
2364,0
2365,0
2366,0
2367,0
2368,0
2369,0
2370,0
2371,0
2372,0
2373,0
2374,0
2375,0
2376,0
2377,0
2378,0
2379,0
2380,0
2381,0
2382,0
2383,0
2384,0
2385,0
2386,0
2387,0
2388,0
2389,0
2390,0
2391,0
2392,0
2393,0
2394,0
2395,0
2396,0
2397,0
2398,0
2399,0
2400,0
2401,0
2402,0
2403,0
2404,0
2405,0
2406,0
2407,0
2408,0
2409,0
2410,0
2411,0
2412,0
2413,0
2414,0
2415,0
2416,0
2417,0
2418,0
2419,0
2420,0
2421,0
2422,0
2423,0
2424,0
2425,0
2426,0
2427,0
2428,0
2429,0
2430,0
2431,0
2432,0
2433,0
2434,0
2435,0
2436,0
2437,0
2438,0
2439,0
2440,0
2441,0
2442,0
2443,0
2444,0
2445,0
2446,0
2447,0
2448,0
2449,0
2450,0
2451,0
2452,0
2453,0
2454,0
2455,0
2456,0
2457,0
2458,0
2459,0
2460,0
2461,0
2462,0
2463,0
2464,0
2465,0
2466,0
2467,0
2468,0
2469,0
2470,0
2471,0
2472,0
2473,0
2474,0
2475,0
2476,0
2477,0
2478,0
2479,0
2480,0
2481,0
2482,0
2483,0
2484,0
2485,0
2486,0
2487,0
2488,0
2489,0
2490,0
2491,0
2492,0
2493,0
2494,0
2495,0
2496,0
2497,0
2498,0
2499,0
2500,0
2501,0
2502,0
2503,0
2504,0
2505,0
2506,0
2507,0
2508,0
2509,0
2510,0
2511,0
2512,0
2513,0
2514,0
2515,0
2516,0
2517,0
2518,0
2519,0
2520,0
2521,0
2522,0
2523,0
2524,0
2525,0
2526,0
2527,0
2528,0
2529,0
2530,0
2531,0
2532,0
2533,0
2534,0
2535,0
2536,0
2537,0
2538,0
2539,0
2540,0
2541,0
2542,0
2543,0
2544,0
2545,0
2546,0
2547,0
2548,0
2549,0
2550,0
2551,0
2552,0
2553,0
2554,0
2555,0
2556,0
2557,0
2558,0
2559,0
2560,0
2561,0
2562,0
2563,0
2564,0
2565,0
2566,0
2567,0
2568,0
2569,0
2570,0
2571,0
2572,0
2573,0
2574,0
2575,0
2576,0
2577,0
2578,0
2579,0
2580,0
2581,0
2582,0
2583,0
2584,0
2585,0
2586,0
2587,0
2588,0
2589,0
2590,0
2591,0
2592,0
2593,0
2594,0
2595,0
2596,0
2597,0
2598,0
2599,0
2600,0
2601,0
2602,0
2603,0
2604,0
2605,0
2606,0
2607,0
2608,0
2609,0
2610,0
2611,0
2612,0
2613,0
2614,0
2615,0
2616,0
2617,0
2618,0
2619,0
2620,0
2621,0
2622,0
2623,0
2624,0
2625,0
2626,0
2627,0
2628,0
2629,0
2630,0
2631,0
2632,0
2633,0
2634,0
2635,0
2636,0
2637,0
2638,0
2639,0
2640,0
2641,0
2642,0
2643,0
2644,0
2645,0
2646,0
2647,0
2648,0
2649,0
2650,0
2651,0
2652,0
2653,0
2654,0
2655,0
2656,0
2657,0
2658,0
2659,0
2660,0
2661,0
2662,0
2663,0
2664,0
2665,0
2666,0
2667,0
2668,0
2669,0
2670,0
2671,0
2672,0
2673,0
2674,0
2675,0
2676,0
2677,0
2678,0
2679,0
2680,0
2681,0
2682,0
2683,0
2684,0
2685,0
2686,0
2687,0
2688,0
2689,0
2690,0
2691,0
2692,0
2693,0
2694,0
2695,0
2696,0
2697,0
2698,0
2699,0
2700,0
2701,0
2702,0
2703,0
2704,0
2705,0
2706,0
2707,0
2708,0
2709,0
2710,0
2711,0
2712,0
2713,0
2714,0
2715,0
2716,0
2717,0
2718,0
2719,0
2720,0
2721,0
2722,0
2723,0
2724,0
2725,0
2726,0
2727,0
2728,0
2729,0
2730,0
2731,0
2732,0
2733,0
2734,0
2735,0
2736,0
2737,0
2738,0
2739,0
2740,0
2741,0
2742,0
2743,0
2744,0
2745,0
2746,0
2747,0
2748,0
2749,0
2750,0
2751,0
2752,0
2753,0
2754,0
2755,0
2756,0
2757,0
2758,0
2759,0
2760,0
2761,0
2762,0
2763,0
2764,0
2765,0
2766,0
2767,0
2768,0
2769,0
2770,0
2771,0
2772,0
2773,0
2774,0
2775,0
2776,0
2777,0
2778,0
2779,0
2780,0
2781,0
2782,0
2783,0
2784,0
2785,0
2786,0
2787,0
2788,0
2789,0
2790,0
2791,0
2792,0
2793,0
2794,0
2795,0
2796,0
2797,0
2798,0
2799,0
2800,0
2801,0
2802,0
2803,0
2804,0
2805,0
2806,0
2807,0
2808,0
2809,0
2810,0
2811,0
2812,0
2813,0
2814,0
2815,0
2816,0
2817,0
2818,0
2819,0
2820,0
2821,0
2822,0
2823,0
2824,0
2825,0
2826,0
2827,0
2828,0
2829,0
2830,0
2831,0
2832,0
2833,0
2834,0
2835,0
2836,0
2837,0
2838,0
2839,0
2840,0
2841,0
2842,0
2843,0
2844,0
2845,0
2846,0
2847,0
2848,0
2849,0
2850,0
2851,0
2852,0
2853,0
2854,0
2855,0
2856,0
2857,0
2858,0
2859,0
2860,0
2861,0
2862,0
2863,0
2864,0
2865,0
2866,0
2867,0
2868,0
2869,0
2870,0
2871,0
2872,0
2873,0
2874,0
2875,0
2876,0
2877,0
2878,0
2879,0
2880,0
2881,0
2882,0
2883,0
2884,0
2885,0
2886,0
2887,0
2888,0
2889,0
2890,0
2891,0
2892,0
2893,0
2894,0
2895,0
2896,0
2897,0
2898,0
2899,0
2900,0
2901,0
2902,0
2903,0
2904,0
2905,0
2906,0
2907,0
2908,0
2909,0
2910,0
2911,0
2912,0
2913,0
2914,0
2915,0
2916,0
2917,0
2918,0
2919,0
2920,0
2921,0
2922,0
2923,0
2924,0
2925,0
2926,0
2927,0
2928,0
2929,0
2930,0
2931,0
2932,0
2933,0
2934,0
2935,0
2936,0
2937,0
2938,0
2939,0
2940,0
2941,0
2942,0
2943,0
2944,0
2945,0
2946,0
2947,0
2948,0
2949,0
2950,0
2951,0
2952,0
2953,0
2954,0
2955,0
2956,0
2957,0
2958,0
2959,0
2960,0
2961,0
2962,0
2963,0
2964,0
2965,0
2966,0
2967,0
2968,0
2969,0
2970,0
2971,0
2972,0
2973,0
2974,0
2975,0
2976,0
2977,0
2978,0
2979,0
2980,0
2981,0
2982,0
2983,0
2984,0
2985,0
2986,0
2987,0
2988,0
2989,0
2990,0
2991,0
2992,0
2993,0
2994,0
2995,0
2996,0
2997,0
2998,0
2999,0
3000,0
3001,0
3002,0
3003,0
3004,0
3005,0
3006,0
3007,0
3008,0
3009,0
3010,0
3011,-15.344
3012,-22.576
3013,-28.585
3014,-34.16
3015,-47.942
3016,-64.113
3017,-73.803
3018,-87.965
3019,-98.595
3020,-111.53
3021,-131.53
3022,-145.56
3023,-159.9
3024,-175.26
3025,-194.15
3026,-203.89
3027,-212.02
3028,-234.54
3029,-253.58
3030,-260.4
3031,-261.35
3032,-258.74
3033,-257.42
3034,-254.79
3035,-246.75
3036,-240.94
3037,-245.5
3038,-253.96
3039,-273.85
3040,-291.67
3041,-304.04
3042,-313.67
3043,-320.36
3044,-332.24
3045,-345.63
3046,-351.07
3047,-368.4
3048,-377.84
3049,-381.33
3050,-388.14
3051,-403.97
3052,-421.86
3053,-440.46
3054,-457.05
3055,-469.05
3056,-482.6
3057,-495.25
3058,-509.84
3059,-517.37
3060,-531.41
3061,-538.79
3062,-550.74
3063,-564.13
3064,-575.76
3065,-584.33
3066,-595.77
3067,-613.16
3068,-632.55
3069,-653.58
3070,-662.58
3071,-670.44
3072,-679.5
3073,-687.8
3074,-705.95
3075,-714.95
3076,-725.31
3077,-739.33
3078,-756.18
3079,-769.02
3080,-779.31
3081,-796.91
3082,-819.35
3083,-835.53
3084,-849.38
3085,-863.92
3086,-868.99
3087,-876.5
3088,-886.74
3089,-887.86
3090,-893.33
3091,-908.03
3092,-921.12
3093,-942.08
3094,-958.79
3095,-966.93
3096,-969.53
3097,-971.03
3098,-979.7
3099,-989.34
3100,-1004.9
3101,-1014.6
3102,-1019.5
3103,-1029.2
3104,-1043.4
3105,-1054.4
3106,-1056.9
3107,-1059.4
3108,-1061.1
3109,-1068.2
3110,-1077.8
3111,-1085.7
3112,-1096.5
3113,-1108.9
3114,-1132.7
3115,-1144.2
3116,-1156.1
3117,-1171.6
3118,-1185
3119,-1192.6
3120,-1205
3121,-1217.7
3122,-1224.2
3123,-1223.4
3124,-1225.1
3125,-1232.5
3126,-1246.2
3127,-1265.8
3128,-1285
3129,-1301.1
3130,-1321.7
3131,-1334.6
3132,-1352.1
3133,-1373.2
3134,-1383.1
3135,-1393.9
3136,-1399.1
3137,-1406.2
3138,-1416
3139,-1425
3140,-1434.2
3141,-1448.2
3142,-1461.9
3143,-1486.2
3144,-1506.1
3145,-1515.5
3146,-1516
3147,-1517.7
3148,-1530.5
3149,-1551.5
3150,-1568.4
3151,-1584.3
3152,-1597.6
3153,-1611.3
3154,-1618.8
3155,-1624.1
3156,-1627
3157,-1629.6
3158,-1631.3
3159,-1640.1
3160,-1646.9
3161,-1649.9
3162,-1655
3163,-1661.9
3164,-1671.2
3165,-1679
3166,-1681.8
3167,-1678.5
3168,-1675.8
3169,-1668.8
3170,-1671.6
3171,-1673
3172,-1680.9
3173,-1690.3
3174,-1699
3175,-1701.1
3176,-1703.6
3177,-1704.9
3178,-1701.6
3179,-1703.1
3180,-1702.6
3181,-1703.9
3182,-1712.1
3183,-1728.4
3184,-1750.4
3185,-1770.4
3186,-1784.6
3187,-1794.2
3188,-1797.5
3189,-1804.1
3190,-1806
3191,-1807.4
3192,-1811.3
3193,-1824
3194,-1832.7
3195,-1841
3196,-1853
3197,-1868.6
3198,-1875.9
3199,-1883.8
3200,-1892.2
3201,-1907.1
3202,-1913.1
3203,-1923
3204,-1936.7
3205,-1949.3
3206,-1965.3
3207,-1980.8
3208,-1995.2
3209,-2004.6
3210,-2015.7
3211,-2024.6
3212,-2036.3
3213,-2049.7
3214,-2061.1
3215,-2074.6
3216,-2088.2
3217,-2103.5
3218,-2117.2
3219,-2126
3220,-2134.9
3221,-2142.6
3222,-2152.7
3223,-2165.8
3224,-2168.3
3225,-2174
3226,-2182.7
3227,-2186.5
3228,-2188.8
3229,-2192
3230,-2205.5
3231,-2214.3
3232,-2220.1
3233,-2220.9
3234,-2211.6
3235,-2203.9
3236,-2202.4
3237,-2204
3238,-2210.8
3239,-2218.7
3240,-2216.8
3241,-2221.6
3242,-2229.8
3243,-2229.2
3244,-2231.5
3245,-2231.4
3246,-2229.5
3247,-2225.2
3248,-2218.9
3249,-2213
3250,-2213.8
3251,-2214.9
3252,-2222
3253,-2224.5
3254,-2228.5
3255,-2232.4
3256,-2236
3257,-2244.2
3258,-2254.7
3259,-2264.6
3260,-2271.6
3261,-2274.2
3262,-2280.2
3263,-2295.6
3264,-2310.4
3265,-2326.1
3266,-2340.5
3267,-2353.1
3268,-2374.8
3269,-2393.6
3270,-2408.4
3271,-2429.3
3272,-2443.1
3273,-2463.8
3274,-2479.7
3275,-2490.9
3276,-2504.6
3277,-2511.9
3278,-2520.9
3279,-2532.2
3280,-2545.7
3281,-2555.1
3282,-2565.7
3283,-2569.3
3284,-2571.8
3285,-2571.3
3286,-2567.7
3287,-2572.2
3288,-2582.7
3289,-2593.7
3290,-2594.9
3291,-2597.9
3292,-2599.6
3293,-2599.3
3294,-2600.5
3295,-2601.2
3296,-2607
3297,-2615.6
3298,-2623.5
3299,-2633.8
3300,-2636.2
3301,-2637.3
3302,-2642.9
3303,-2649.5
3304,-2650
3305,-2652.1
3306,-2650
3307,-2649.9
3308,-2655.7
3309,-2662.7
3310,-2668.9
3311,-2671.3
3312,-2668.7
3313,-2659.4
3314,-2651.2
3315,-2648.2
3316,-2644.6
3317,-2636.4
3318,-2628.6
3319,-2624.6
3320,-2620.4
3321,-2611.4
3322,-2613.4
3323,-2614
3324,-2610.6
3325,-2611
3326,-2615
3327,-2619.1
3328,-2616.3
3329,-2610.2
3330,-2607.7
3331,-2595.2
3332,-2588.5
3333,-2582.9
3334,-2578
3335,-2574.6
3336,-2567.7
3337,-2559.3
3338,-2556
3339,-2553.7
3340,-2554.4
3341,-2558.1
3342,-2569
3343,-2574.6
3344,-2578.6
3345,-2577.8
3346,-2583.7
3347,-2588.8
3348,-2591.7
3349,-2594.5
3350,-2594.7
3351,-2598.9
3352,-2603.5
3353,-2608.3
3354,-2610.1
3355,-2616.2
3356,-2622.3
3357,-2628.1
3358,-2629.6
3359,-2626
3360,-2628.7
3361,-2627.3
3362,-2632.7
3363,-2634.7
3364,-2632.2
3365,-2632
3366,-2626.8
3367,-2623.2
3368,-2620.5
3369,-2618.2
3370,-2617.6
3371,-2612.4
3372,-2605.4
3373,-2602.4
3374,-2601.4
3375,-2598.1
3376,-2595.3
3377,-2595.8
3378,-2590.9
3379,-2587.8
3380,-2586.8
3381,-2586.1
3382,-2583
3383,-2582.4
3384,-2575.7
3385,-2577.2
3386,-2578.4
3387,-2585.7
3388,-2595.1
3389,-2599.4
3390,-2598.2
3391,-2593.6
3392,-2584.1
3393,-2578.7
3394,-2569
3395,-2564.6
3396,-2562.6
3397,-2557.4
3398,-2548.2
3399,-2545.1
3400,-2536.7
3401,-2537.6
3402,-2537.9
3403,-2538.7
3404,-2536.9
3405,-2536.3
3406,-2539.4
3407,-2534.5
3408,-2523.8
3409,-2516.7
3410,-2511.2
3411,-2507.4
3412,-2509.1
3413,-2511.7
3414,-2516.8
3415,-2523.6
3416,-2538.6
3417,-2555
3418,-2568.5
3419,-2575.3
3420,-2578
3421,-2586.3
3422,-2588.5
3423,-2596.3
3424,-2601.2
3425,-2610.2
3426,-2615.8
3427,-2622.9
3428,-2630.9
3429,-2639.1
3430,-2644.7
3431,-2646.7
3432,-2651.6
3433,-2657
3434,-2656.2
3435,-2651.9
3436,-2651.3
3437,-2653.5
3438,-2660.6
3439,-2659.6
3440,-2653.3
3441,-2649.9
3442,-2658.8
3443,-2656.5
3444,-2659.7
3445,-2662.9
3446,-2663.3
3447,-2663.1
3448,-2670.2
3449,-2678.2
3450,-2683.7
3451,-2688.5
3452,-2692.4
3453,-2693.7
3454,-2691
3455,-2691.5
3456,-2691.7
3457,-2694.5
3458,-2692
3459,-2688
3460,-2682.6
3461,-2673.9
3462,-2666.9
3463,-2658.1
3464,-2647.8
3465,-2639.7
3466,-2635.7
3467,-2629.4
3468,-2619.8
3469,-2615.1
3470,-2611.4
3471,-2607
3472,-2602
3473,-2593.9
3474,-2588.8
3475,-2585.7
3476,-2583.5
3477,-2579.3
3478,-2575.5
3479,-2571.1
3480,-2573.1
3481,-2568.9
3482,-2560.6
3483,-2555.6
3484,-2551.2
3485,-2544.6
3486,-2538.4
3487,-2535.8
3488,-2534.1
3489,-2533.9
3490,-2538.9
3491,-2543.9
3492,-2540.5
3493,-2535
3494,-2530.3
3495,-2523.5
3496,-2517.4
3497,-2521.9
3498,-2528.3
3499,-2527.2
3500,-2529
3501,-2523.5
3502,-2526.6
3503,-2533.7
3504,-2542.3
3505,-2546.2
3506,-2546.1
3507,-2548.8
3508,-2537.2
3509,-2526.1
3510,-2516.7
3511,-2503.6
3512,-2494.5
3513,-2485.1
3514,-2476.7
3515,-2463.6
3516,-2451.1
3517,-2442.3
3518,-2435.9
3519,-2433.8
3520,-2435.3
3521,-2438.5
3522,-2436.7
3523,-2433.6
3524,-2431.9
3525,-2430.5
3526,-2432.9
3527,-2433
3528,-2434.8
3529,-2432.6
3530,-2429.7
3531,-2428.5
3532,-2423
3533,-2413.4
3534,-2404
3535,-2393.8
3536,-2388.4
3537,-2375.7
3538,-2364.1
3539,-2358
3540,-2359.9
3541,-2358.2
3542,-2358.9
3543,-2359.7
3544,-2366.6
3545,-2366.1
3546,-2366.3
3547,-2360
3548,-2349.7
3549,-2339.3
3550,-2335.4
3551,-2325.3
3552,-2316.1
3553,-2312.1
3554,-2303.3
3555,-2294
3556,-2285.4
3557,-2276.4
3558,-2270
3559,-2262.2
3560,-2262.8
3561,-2263.3
3562,-2263.8
3563,-2269.7
3564,-2273
3565,-2272
3566,-2273.2
3567,-2271.5
3568,-2267.6
3569,-2264
3570,-2254.9
3571,-2247.5
3572,-2238.1
3573,-2229.1
3574,-2223.4
3575,-2213.4
3576,-2203.4
3577,-2192.7
3578,-2179.5
3579,-2173.1
3580,-2168.3
3581,-2162.5
3582,-2159
3583,-2151.2
3584,-2140.4
3585,-2128.2
3586,-2116.9
3587,-2107.3
3588,-2095.9
3589,-2089.6
3590,-2082.4
3591,-2076
3592,-2070.3
3593,-2061.5
3594,-2052.8
3595,-2044.8
3596,-2037.6
3597,-2030.5
3598,-2023.5
3599,-2021.9
3600,-2014.9
3601,-2007.6
3602,-1999.3
3603,-1992.1
3604,-1986.5
3605,-1978.7
3606,-1975.3
3607,-1970.4
3608,-1965.5
3609,-1963.1
3610,-1964.8
3611,-1964.7
3612,-1971.1
3613,-1974.9
3614,-1967.9
3615,-1963.5
3616,-1958.3
3617,-1957.7
3618,-1953.9
3619,-1950.6
3620,-1950.6
3621,-1945.1
3622,-1942
3623,-1937.8
3624,-1934.6
3625,-1938
3626,-1944.1
3627,-1951.2
3628,-1955.9
3629,-1959
3630,-1957.4
3631,-1954.2
3632,-1950.7
3633,-1944
3634,-1940.7
3635,-1937.3
3636,-1932.9
3637,-1934
3638,-1939.5
3639,-1946.2
3640,-1948.8
3641,-1945.5
3642,-1937.5
3643,-1930.6
3644,-1921.9
3645,-1911
3646,-1902.2
3647,-1891.1
3648,-1879.9
3649,-1869.8
3650,-1862.9
3651,-1852.3
3652,-1847.8
3653,-1842.8
3654,-1835.4
3655,-1831.1
3656,-1834
3657,-1828.2
3658,-1828.7
3659,-1827.2
3660,-1822.7
3661,-1820.4
3662,-1818.7
3663,-1812.7
3664,-1805.8
3665,-1796.3
3666,-1785.3
3667,-1777.7
3668,-1768.7
3669,-1760.4
3670,-1751.6
3671,-1749.6
3672,-1740.8
3673,-1737.8
3674,-1733.8
3675,-1729.1
3676,-1730.5
3677,-1730.2
3678,-1730
3679,-1728.7
3680,-1724.4
3681,-1724.8
3682,-1724.6
3683,-1721.3
3684,-1719.9
3685,-1723.8
3686,-1724.1
3687,-1723.3
3688,-1722.4
3689,-1718.4
3690,-1716.8
3691,-1710.4
3692,-1705.7
3693,-1698
3694,-1693.5
3695,-1692.1
3696,-1693.5
3697,-1693.8
3698,-1690.7
3699,-1686.4
3700,-1685.3
3701,-1678.4
3702,-1672.5
3703,-1671.9
3704,-1670.2
3705,-1666.8
3706,-1663
3707,-1660.1
3708,-1656.5
3709,-1656.6
3710,-1652.6
3711,-1650.8
3712,-1649.1
3713,-1653.6
3714,-1656.8
3715,-1665.4
3716,-1673.8
3717,-1675.7
3718,-1681.5
3719,-1688.9
3720,-1693.2
3721,-1693.3
3722,-1688.7
3723,-1687.2
3724,-1683.5
3725,-1677.9
3726,-1675.3
3727,-1677.6
3728,-1676.5
3729,-1673.9
3730,-1674.7
3731,-1676.1
3732,-1673.9
3733,-1674.9
3734,-1681.1
3735,-1690
3736,-1693.5
3737,-1694.3
3738,-1691.6
3739,-1683.4
3740,-1675.3
3741,-1663.9
3742,-1657.6
3743,-1653.8
3744,-1651.2
3745,-1641.4
3746,-1633.2
3747,-1629.6
3748,-1628.9
3749,-1630.6
3750,-1626.8
3751,-1616.4
3752,-1610.7
3753,-1606.3
3754,-1597.8
3755,-1589.7
3756,-1580
3757,-1568.7
3758,-1558.8
3759,-1554.1
3760,-1549.2
3761,-1545.2
3762,-1542.3
3763,-1538.6
3764,-1540.4
3765,-1536.1
3766,-1537.8
3767,-1538.1
3768,-1538.9
3769,-1540.9
3770,-1543.7
3771,-1547.8
3772,-1547.4
3773,-1542.7
3774,-1538.8
3775,-1529.9
3776,-1523.2
3777,-1517.5
3778,-1511.1
3779,-1506.4
3780,-1500.7
3781,-1494.3
3782,-1486.1
3783,-1479.6
3784,-1472.9
3785,-1464.3
3786,-1457.7
3787,-1453.6
3788,-1447.8
3789,-1446.1
3790,-1444.6
3791,-1439.1
3792,-1435
3793,-1428.2
3794,-1419.6
3795,-1412.9
3796,-1409.5
3797,-1408.6
3798,-1407.1
3799,-1403.4
3800,-1401.2
3801,-1403.1
3802,-1403.2
3803,-1402.3
3804,-1400.2
3805,-1397
3806,-1394.3
3807,-1391.8
3808,-1390.9
3809,-1389.3
3810,-1392.3
3811,-1394.3
3812,-1393.2
3813,-1396.7
3814,-1402.3
3815,-1404.7
3816,-1407.6
3817,-1410.5
3818,-1410
3819,-1414.1
3820,-1417.7
3821,-1419.1
3822,-1421.9
3823,-1424.4
3824,-1427.9
3825,-1436.6
3826,-1439.8
3827,-1447.5
3828,-1454.6
3829,-1449.1
3830,-1447.4
3831,-1449.6
3832,-1444.9
3833,-1440.7
3834,-1433.1
3835,-1427.1
3836,-1418.5
3837,-1410.1
3838,-1402.7
3839,-1395.4
3840,-1393.2
3841,-1394
3842,-1399.8
3843,-1402.6
3844,-1404.5
3845,-1402.1
3846,-1404.2
3847,-1407
3848,-1405.1
3849,-1402.3
3850,-1399.3
3851,-1398
3852,-1392.8
3853,-1386.2
3854,-1377.5
3855,-1370.7
3856,-1362.5
3857,-1360.7
3858,-1354
3859,-1346.1
3860,-1337.4
3861,-1330.5
3862,-1324.2
3863,-1318.1
3864,-1309
3865,-1303
3866,-1301.8
3867,-1299.1
3868,-1295.5
3869,-1295.6
3870,-1299.9
3871,-1295.7
3872,-1292.6
3873,-1292.1
3874,-1290.5
3875,-1289.1
3876,-1284.3
3877,-1283.1
3878,-1282.3
3879,-1279.4
3880,-1278.3
3881,-1278
3882,-1278.9
3883,-1278
3884,-1277
3885,-1273.1
3886,-1268.1
3887,-1265.3
3888,-1262.2
3889,-1257.8
3890,-1256.7
3891,-1254.3
3892,-1250.7
3893,-1247.8
3894,-1245
3895,-1242.2
3896,-1238.6
3897,-1233.5
3898,-1231.3
3899,-1232.4
3900,-1229.7
3901,-1228
3902,-1224.4
3903,-1223.2
3904,-1223.4
3905,-1222.8
3906,-1220.4
3907,-1219.1
3908,-1216.7
3909,-1212.5
3910,-1206.8
3911,-1202.3
3912,-1200
3913,-1199.8
3914,-1193.5
3915,-1186.4
3916,-1180.9
3917,-1173.9
3918,-1170.2
3919,-1166.4
3920,-1164.9
3921,-1161.5
3922,-1158.9
3923,-1158.8
3924,-1158.4
3925,-1155.1
3926,-1153.7
3927,-1153.9
3928,-1153.2
3929,-1154.6
3930,-1161.4
3931,-1163.2
3932,-1162.3
3933,-1157.4
3934,-1152.9
3935,-1151.6
3936,-1154.5
3937,-1155.6
3938,-1157.8
3939,-1156.9
3940,-1155.1
3941,-1156.4
3942,-1159.8
3943,-1164.8
3944,-1171.6
3945,-1177.9
3946,-1188.6
3947,-1194.6
3948,-1193.5
3949,-1193.7
3950,-1193.3
3951,-1192.8
3952,-1191.4
3953,-1190.2
3954,-1189.6
3955,-1188.8
3956,-1183
3957,-1178.6
3958,-1176.3
3959,-1177.3
3960,-1181.8
3961,-1181
3962,-1177.9
3963,-1178.9
3964,-1177.8
3965,-1176.9
3966,-1179.3
3967,-1187.3
3968,-1191.5
3969,-1189.8
3970,-1186.4
3971,-1183.9
3972,-1185.8
3973,-1186
3974,-1182.5
3975,-1178.5
3976,-1176.8
3977,-1177.8
3978,-1179.2
3979,-1175.8
3980,-1168.8
3981,-1165.2
3982,-1159.7
3983,-1154.4
3984,-1154.1
3985,-1151
3986,-1152.2
3987,-1151.5
3988,-1153.1
3989,-1151.2
3990,-1145.4
3991,-1140.5
3992,-1138.8
3993,-1141.4
3994,-1141.2
3995,-1139.2
3996,-1138.9
3997,-1138.4
3998,-1137.6
3999,-1141.6
4000,-1140.1
4001,-1139.5
4002,-1135.8
4003,-1128.1
4004,-1123.2
4005,-1115.3
4006,-1105.3
4007,-1100.4
4008,-1099.4
4009,-1099.8
4010,-1096.7
4011,-1095.4
4012,-1093.9
4013,-1092.2
4014,-1093.4
4015,-1093.6
4016,-1095.1
4017,-1100.5
4018,-1102.7
4019,-1104.4
4020,-1103.4
4021,-1103.5
4022,-1106.2
4023,-1105.2
4024,-1101.5
4025,-1103.5
4026,-1101.2
4027,-1098.2
4028,-1092.3
4029,-1088
4030,-1082.2
4031,-1077.7
4032,-1072.2
4033,-1066.5
4034,-1059.3
4035,-1053.2
4036,-1050.2
4037,-1048.8
4038,-1044.2
4039,-1039.9
4040,-1036.6
4041,-1034.6
4042,-1033.2
4043,-1031.4
4044,-1028.2
4045,-1019.7
4046,-1012.6
4047,-1006.3
4048,-999.22
4049,-992.62
4050,-985.45
4051,-981.9
4052,-979.61
4053,-974.64
4054,-973.76
4055,-970.07
4056,-966
4057,-964.36
4058,-962.61
4059,-957.89
4060,-952.46
4061,-945.41
4062,-938.87
4063,-936.87
4064,-935.76
4065,-932.92
4066,-927.67
4067,-920.2
4068,-915.37
4069,-913.81
4070,-919.14
4071,-923.82
4072,-924.11
4073,-921.23
4074,-921.45
4075,-923.73
4076,-924.77
4077,-918.95
4078,-909.47
4079,-906.93
4080,-904.23
4081,-902.43
4082,-901.45
4083,-907.5
4084,-913.45
4085,-915.64
4086,-911.87
4087,-910.2
4088,-909.56
4089,-908.04
4090,-908.98
4091,-907.67
4092,-904.26
4093,-903.85
4094,-902.23
4095,-905.47
4096,-909.94
4097,-911.9
4098,-909.28
4099,-908.3
4100,-902.4
4101,-895.12
4102,-889.13
4103,-885.43
4104,-879.61
4105,-874.39
4106,-866.8
4107,-858.85
4108,-851.67
4109,-843.57
4110,-838.65
4111,-833.2
4112,-834.83
4113,-836.12
4114,-828.28
4115,-819.32
4116,-822.25
4117,-825.05
4118,-820.6
4119,-815.61
4120,-809.44
4121,-804.22
4122,-794.56
4123,-793.35
4124,-790.13
4125,-786.87
4126,-783.9
4127,-783.89
4128,-782.85
4129,-777.77
4130,-774.09
4131,-768.39
4132,-762.68
4133,-758.13
4134,-754.01
4135,-753.47
4136,-749.49
4137,-744.9
4138,-742.26
4139,-743.07
4140,-744.97
4141,-746.04
4142,-744.75
4143,-740.97
4144,-743.02
4145,-744.36
4146,-740.78
4147,-733.08
4148,-726.63
4149,-718.45
4150,-718.26
4151,-720.28
4152,-718.69
4153,-719.55
4154,-720.13
4155,-725.86
4156,-732.98
4157,-739.36
4158,-745.39
4159,-747.77
4160,-751.55
4161,-755.13
4162,-760.22
4163,-767.19
4164,-770.66
4165,-772.43
4166,-773.37
4167,-772.38
4168,-769.81
4169,-762.71
4170,-759.97
4171,-757.23
4172,-753.05
4173,-749.8
4174,-744.16
4175,-738.49
4176,-730.17
4177,-721.15
4178,-715.25
4179,-707.07
4180,-699.9
4181,-692.57
4182,-685.89
4183,-683.16
4184,-684.94
4185,-689.45
4186,-693.63
4187,-695.11
4188,-695.37
4189,-694.74
4190,-693.12
4191,-694.88
4192,-695.49
4193,-691.54
4194,-691.58
4195,-687.94
4196,-685.86
4197,-683.2
4198,-682.25
4199,-679.17
4200,-675.01
4201,-672.54
4202,-668.66
4203,-666.12
4204,-665.46
4205,-668.06
4206,-668.64
4207,-666.87
4208,-664.3
4209,-661.54
4210,-662.27
4211,-661.45
4212,-657.29
4213,-652.93
4214,-650.17
4215,-648.81
4216,-648.95
4217,-649.76
4218,-648.86
4219,-651.58
4220,-653.65
4221,-653.4
4222,-646.83
4223,-635.75
4224,-624.5
4225,-613.33
4226,-611.14
4227,-611.62
4228,-610.27
4229,-605.47
4230,-599.49
4231,-594.09
4232,-595.42
4233,-596.91
4234,-598.71
4235,-604.05
4236,-609.84
4237,-616.18
4238,-623.24
4239,-625.48
4240,-624.49
4241,-622.6
4242,-620.61
4243,-623
4244,-623.89
4245,-624.67
4246,-630.87
4247,-635.74
4248,-636.97
4249,-636.32
4250,-634.01
4251,-631.38
4252,-629.43
4253,-626.87
4254,-625.37
4255,-620.2
4256,-615.13
4257,-610.61
4258,-606.64
4259,-603.3
4260,-600.99
4261,-600.14
4262,-598.78
4263,-591.96
4264,-588.49
4265,-585.85
4266,-582.92
4267,-582.81
4268,-579.01
4269,-575.41
4270,-575.15
4271,-573.33
4272,-569.87
4273,-567.4
4274,-563.72
4275,-558.67
4276,-552.39
4277,-547.5
4278,-541.78
4279,-536.19
4280,-532.93
4281,-527.19
4282,-525.29
4283,-523.67
4284,-521.61
4285,-524.81
4286,-524.76
4287,-529.36
4288,-533.42
4289,-537.13
4290,-541.89
4291,-546.64
4292,-545.7
4293,-544.97
4294,-543.84
4295,-543.22
4296,-543.7
4297,-545.39
4298,-544.29
4299,-541.16
4300,-538.3
4301,-535.75
4302,-532.81
4303,-525.7
4304,-516.27
4305,-511.25
4306,-507.97
4307,-507.42
4308,-504.19
4309,-500.91
4310,-501.36
4311,-502.75
4312,-502.1
4313,-497.04
4314,-494.16
4315,-489.91
4316,-486.46
4317,-485.62
4318,-490.75
4319,-490.83
4320,-491.31
4321,-489.82
4322,-488.17
4323,-486.44
4324,-485.44
4325,-483.36
4326,-482.73
4327,-481.16
4328,-480.8
4329,-478.58
4330,-476.68
4331,-475.07
4332,-474.01
4333,-471.04
4334,-469.85
4335,-471.16
4336,-473.93
4337,-475.46
4338,-472.18
4339,-469.63
4340,-466.3
4341,-463.71
4342,-464.24
4343,-466.12
4344,-463.13
4345,-462.98
4346,-462.04
4347,-461.78
4348,-461.52
4349,-458.41
4350,-454.5
4351,-452.7
4352,-450.6
4353,-448.73
4354,-448.3
4355,-449.4
4356,-452.34
4357,-451.25
4358,-449.66
4359,-447.06
4360,-443.72
4361,-440.43
4362,-437.07
4363,-435.29
4364,-435.16
4365,-441.05
4366,-442.02
4367,-440.82
4368,-437.86
4369,-432.44
4370,-423.03
4371,-414.2
4372,-409.55
4373,-404.31
4374,-399.89
4375,-395.27
4376,-394.51
4377,-395.63
4378,-403.81
4379,-405.84
4380,-414.33
4381,-418.43
4382,-420.19
4383,-419.64
4384,-419.3
4385,-418.39
4386,-419.29
4387,-422.98
4388,-423.48
4389,-421.46
4390,-418.97
4391,-415.32
4392,-406.96
4393,-402.2
4394,-398.98
4395,-397.93
4396,-397.82
4397,-397.32
4398,-400.87
4399,-403.8
4400,-406.84
4401,-411.49
4402,-414.55
4403,-413.94
4404,-415.25
4405,-415.24
4406,-417.97
4407,-422.01
4408,-422.99
4409,-421.94
4410,-425.64
4411,-425.76
4412,-427
4413,-426.54
4414,-426.28
4415,-424.31
4416,-423.65
4417,-422.39
4418,-420.15
4419,-409.73
4420,-399.53
4421,-389.18
4422,-382.46
4423,-375.18
4424,-371.39
4425,-369.38
4426,-369.17
4427,-369.66
4428,-372.24
4429,-374.44
4430,-374.98
4431,-372.93
4432,-369.1
4433,-363.43
4434,-357.68
4435,-351.28
4436,-346.72
4437,-346.26
4438,-342.92
4439,-338.9
4440,-338.51
4441,-339.04
4442,-337.97
4443,-333.47
4444,-328.21
4445,-323.88
4446,-319.24
4447,-317.38
4448,-312.64
4449,-305.27
4450,-298.76
4451,-294.8
4452,-289.22
4453,-284.05
4454,-281.75
4455,-279.28
4456,-276.2
4457,-273.51
4458,-268.57
4459,-265.3
4460,-262.82
4461,-260.38
4462,-257.83
4463,-251.11
4464,-243.67
4465,-239.11
4466,-227.14
4467,-214.12
4468,-204.63
4469,-197.82
4470,-194.09
4471,-188.41
4472,-186.22
4473,-185.9
4474,-187.08
4475,-186.3
4476,-184.81
4477,-183.01
4478,-180.21
4479,-174.24
4480,-170.88
4481,-169.17
4482,-171.33
4483,-172.21
4484,-172.55
4485,-171.02
4486,-173.93
4487,-177.51
4488,-182.06
4489,-185.63
4490,-186.37
4491,-187.49
4492,-189.38
4493,-190.4
4494,-188.52
4495,-187.72
4496,-186.1
4497,-183.08
4498,-181.9
4499,-180.08
4500,-176.71
4501,-173.6
4502,-171.32
4503,-169.51
4504,-164.21
4505,-158.22
4506,-151.3
4507,-141.59
4508,-134.57
4509,-132.17
4510,-133.96
4511,-136.02
4512,-138.77
4513,-139.11
4514,-139.65
4515,-135.87
4516,-135.62
4517,-134.2
4518,-130.14
4519,-128
4520,-124.09
4521,-121.45
4522,-121.49
4523,-120.67
4524,-122.8
4525,-123.67
4526,-126.6
4527,-127.39
4528,-126.03
4529,-126.16
4530,-127.79
4531,-124.99
4532,-122.19
4533,-122.01
4534,-121.31
4535,-120.91
4536,-116.92
4537,-112.05
4538,-116.4
4539,-119.59
4540,-114.11
4541,-107.74
4542,-102.82
4543,-100.64
4544,-94.861
4545,-90.184
4546,-85.683
4547,-82.97
4548,-81.328
4549,-82.371
4550,-84.672
4551,-86.135
4552,-88.46
4553,-87.694
4554,-87.524
4555,-87.597
4556,-88.742
4557,-88.748
4558,-87.046
4559,-80.786
4560,-79.418
4561,-77.542
4562,-74.733
4563,-72.392
4564,-72.018
4565,-65.643
4566,-59.138
4567,-51.224
4568,-47.042
4569,-41.521
4570,-37.539
4571,-32.88
4572,-27.549
4573,-23.106
4574,-15.346
4575,-14.376
4576,-17.119
4577,-14.021
4578,-10.265
4579,-6.6466
4580,-5.8946
4581,-6.2334
4582,-5.4575
4583,-6.1972
4584,-6.7243
4585,-11.629
4586,-13.942
4587,-15.152
4588,-16.994
4589,-15.48
4590,-13.134
4591,-8.7385
4592,-4.8373
4593,-0.46496
4594,1.8741
4595,6.6369
4596,9.9332
4597,10.662
4598,9.5542
4599,8.0638
4600,6.8023
4601,6.8886
4602,4.5805
4603,1.243
4604,-2.8323
4605,-3.8651
4606,-5.5502
4607,-6.0688
4608,-5.1686
4609,-4.9739
4610,-3.9507
4611,-4.0548
4612,-1.8969
4613,-0.17419
4614,0.40219
4615,2.1617
4616,3.272
4617,3.5618
4618,5.3551
4619,8.0392
4620,8.4816
4621,7.1908
4622,9.1824
4623,10.061
4624,12.936
4625,13.043
4626,15.218
4627,17.81
4628,20.596
4629,24.889
4630,34.466
4631,39.046
4632,42.952
4633,52.439
4634,59.318
4635,64.248
4636,68.773
4637,69.635
4638,71.576
4639,71.789
4640,74.342
4641,76.009
4642,78.765
4643,86.051
4644,91.867
4645,96.678
4646,99.235
4647,105.13
4648,105.88
4649,105.99
4650,105.71
4651,105.41
4652,105.25
4653,106.31
4654,103.55
4655,103.56
4656,102.87
4657,104.11
4658,106.02
4659,109.22
4660,110.62
4661,114.25
4662,114
4663,114.21
4664,117.65
4665,117.36
4666,120.34
4667,126.39
4668,129.23
4669,134.16
4670,138.58
4671,145.23
4672,151.17
4673,157.08
4674,161.2
4675,165.01
4676,166.96
4677,169.76
4678,174.97
4679,175.42
4680,181.08
4681,186.15
4682,183.98
4683,185.06
4684,184.53
4685,183.25
4686,184.33
4687,186.17
4688,190.1
4689,191.95
4690,194.56
4691,198.9
4692,206.08
4693,209.77
4694,210.85
4695,213.66
4696,213.12
4697,214.32
4698,214.66
4699,214.52
4700,212.67
4701,211.24
4702,210.19
4703,209.57
4704,210.14
4705,209.98
4706,210.98
4707,210.28
4708,209.08
4709,210.59
4710,211.71
4711,215.89
4712,218.33
4713,221.59
4714,224.61
4715,226.47
4716,228.78
4717,230.69
4718,233.72
4719,234.39
4720,236.69
4721,238.96
4722,242.77
4723,245.05
4724,247.49
4725,256.48
4726,264.85
4727,272.34
4728,284.48
4729,289.64
4730,297.24
4731,302.52
4732,307.25
4733,318.87
4734,319.55
4735,320.02
4736,319.72
4737,319.26
4738,322.97
4739,327.43
4740,332.33
4741,336.72
4742,336.87
4743,335.87
4744,337.73
4745,340.23
4746,344.5
4747,348.96
4748,350.2
4749,350.02
4750,352.12
4751,360.25
4752,371.89
4753,380.14
4754,388.71
4755,392.17
4756,400.62
4757,405.54
4758,408.26
4759,412.63
4760,414.28
4761,411.86
4762,410.06
4763,407.89
4764,405.19
4765,403.81
4766,403.54
4767,404.96
4768,404.67
4769,404.53
4770,404.14
4771,405.6
4772,407.03
4773,410.44
4774,411.45
4775,414.74
4776,414.66
4777,415.43
4778,412.83
4779,410.89
4780,407.58
4781,409.62
4782,411
4783,408.21
4784,406.44
4785,404.6
4786,404.64
4787,404.6
4788,403.1
4789,403.64
4790,404.15
4791,403.75
4792,404.19
4793,400.67
4794,400.55
4795,402.8
4796,403.6
4797,404.08
4798,404.16
4799,403.96
4800,405.32
4801,408.63
4802,409.9
4803,413.29
4804,416.43
4805,418.57
4806,421.77
4807,423.8
4808,424.76
4809,424.73
4810,424.71
4811,424.69
4812,423.02
4813,422.74
4814,420.12
4815,418.53
4816,417.11
4817,417.71
4818,415.84
4819,417.4
4820,420.46
4821,421.38
4822,420.37
4823,419.79
4824,417.79
4825,415.18
4826,416.17
4827,418.14
4828,419.79
4829,422.19
4830,421.92
4831,421.35
4832,421.42
4833,422.63
4834,423.55
4835,423.56
4836,421.08
4837,419.38
4838,419.79
4839,415.82
4840,412.18
4841,408.97
4842,408.33
4843,405.49
4844,403.08
4845,400.76
4846,398.42
4847,397.73
4848,396.21
4849,396.21
4850,398.04
4851,401.6
4852,406.93
4853,415.06
4854,422.07
4855,427.58
4856,432.31
4857,439.37
4858,445.74
4859,451.94
4860,462.72
4861,467.25
4862,472.1
4863,479.13
4864,483.48
4865,484.67
4866,484.44
4867,486.14
4868,486.83
4869,486.85
4870,486.6
4871,486.37
4872,486.79
4873,488.39
4874,486.83
4875,483.94
4876,482.92
4877,486.6
4878,486.47
4879,487.58
4880,489.87
4881,493.91
4882,501.66
4883,505.89
4884,509.52
4885,511.73
4886,515.69
4887,520.55
4888,524.88
4889,527.37
4890,529.37
4891,535.54
4892,539.32
4893,545.74
4894,547.04
4895,546.45
4896,544.26
4897,541.31
4898,539.45
4899,538.62
4900,536.36
4901,534.55
4902,532.05
4903,529.9
4904,527.85
4905,526.51
4906,525.32
4907,524.39
4908,523.43
4909,524.03
4910,522.27
4911,521.06
4912,520.55
4913,519.42
4914,517.32
4915,510.32
4916,509.07
4917,505.35
4918,506.15
4919,503.31
4920,502.01
4921,500.37
4922,498.56
4923,499.24
4924,499.33
4925,502
4926,507.14
4927,514.33
4928,525.82
4929,530.12
4930,529.99
4931,529.27
4932,527.42
4933,527.61
4934,526.02
4935,525.17
4936,526.1
4937,528.55
4938,530.12
4939,532.89
4940,535.52
4941,537.53
4942,533.51
4943,530.17
4944,526.44
4945,523.99
4946,522.2
4947,521.75
4948,520.33
4949,519.16
4950,518.04
4951,515.7
4952,512.91
4953,509.29
4954,505.91
4955,501.42
4956,493.63
4957,492.07
4958,489.32
4959,487.18
4960,487.69
4961,486.55
4962,487.68
4963,491.39
4964,494.39
4965,495.15
4966,497.75
4967,499.73
4968,498.98
4969,499.42
4970,498.41
4971,497.75
4972,500.15
4973,504.11
4974,505.27
4975,505.34
4976,504.6
4977,503.05
4978,500.41
4979,497.05
4980,493.05
4981,489.61
4982,486.62
4983,481.88
4984,480.27
4985,481.88
4986,481.78
4987,482.24
4988,482.18
4989,479.52
4990,477.34
4991,474.59
4992,471.84
4993,468.81
4994,466.64
4995,466.16
4996,464.67
4997,465.27
4998,466.75
4999,467.39
5000,468.88
5001,468.35
5002,469.96
5003,473.78
5004,473.09
5005,474.25
5006,475.01
5007,477.08
5008,480.92
5009,484.77
5010,487.22
5011,489.06
5012,490.8
5013,491.55
5014,491.59
5015,491.72
5016,490.64
5017,490.57
5018,490
5019,491.85
5020,494.27
5021,498.64
5022,508.61
5023,514.1
5024,517.67
5025,517.55
5026,516.72
5027,516.17
5028,520.22
5029,524.96
5030,525.46
5031,526.33
5032,526.09
5033,524.19
5034,522.99
5035,522.5
5036,523.59
5037,523.46
5038,526.43
5039,534.41
5040,539.86
5041,543.71
5042,547.18
5043,553.44
5044,555.31
5045,553.63
5046,551.03
5047,547.77
5048,546.83
5049,545.48
5050,544.09
5051,543.08
5052,542.81
5053,541.81
5054,540.76
5055,541.45
5056,541.9
5057,545.83
5058,547.04
5059,549.73
5060,550.43
5061,552.65
5062,556.8
5063,558.27
5064,557.93
5065,556.76
5066,554.14
5067,550.55
5068,546.61
5069,542.65
5070,540.21
5071,538.11
5072,533.4
5073,531.39
5074,530.16
5075,528.41
5076,526.45
5077,528.67
5078,532.05
5079,531.16
5080,531.36
5081,527.87
5082,522.51
5083,519.08
5084,515.82
5085,514.49
5086,514.03
5087,512.42
5088,510.44
5089,509.5
5090,506.88
5091,502.59
5092,498.63
5093,495.78
5094,492.68
5095,489.89
5096,487.79
5097,485.78
5098,487.04
5099,488.24
5100,488.32
5101,489.21
5102,493.92
5103,505.49
5104,510.56
5105,514.1
5106,516.87
5107,521.82
5108,525.65
5109,527.93
5110,531.12
5111,535.94
5112,539.91
5113,543.02
5114,548.19
5115,554.03
5116,553.4
5117,552.41
5118,553.44
5119,554.21
5120,552.65
5121,550.56
5122,546.33
5123,543.32
5124,540.4
5125,536.75
5126,533.62
5127,531.02
5128,531.09
5129,529.19
5130,525.91
5131,523.4
5132,522.41
5133,520.04
5134,519.55
5135,518
5136,518.32
5137,521.61
5138,522.61
5139,523.13
5140,524.48
5141,525.3
5142,524.28
5143,522.28
5144,519.59
5145,516.83
5146,512.91
5147,511.1
5148,510.84
5149,510.59
5150,510.53
5151,512.19
5152,514.23
5153,515.56
5154,514.46
5155,515.68
5156,513.95
5157,511.12
5158,511.8
5159,513.06
5160,516.46
5161,517.48
5162,517.83
5163,517.63
5164,518.75
5165,516.67
5166,513.08
5167,507.66
5168,501.53
5169,497.85
5170,498.54
5171,497.85
5172,496.58
5173,503.91
5174,509
5175,513.22
5176,515.92
5177,516.65
5178,514.16
5179,516.37
5180,519.62
5181,519.93
5182,521.44
5183,520.22
5184,520.24
5185,519.84
5186,524.9
5187,529.92
5188,533.27
5189,533.76
5190,531.58
5191,528.55
5192,526.45
5193,526.57
5194,524.74
5195,522.68
5196,520.39
5197,517.72
5198,515.16
5199,515.86
5200,518.23
5201,516.7
5202,518.37
5203,516.79
5204,514.78
5205,512.67
5206,510.15
5207,507.62
5208,506.44
5209,503.7
5210,502.11
5211,502.29
5212,501.53
5213,503.46
5214,505.06
5215,503.77
5216,502.96
5217,501.71
5218,502.01
5219,501.52
5220,502.16
5221,501.77
5222,502.5
5223,506.41
5224,508.49
5225,509.74
5226,511.59
5227,511.8
5228,511.73
5229,512.08
5230,510.33
5231,508.8
5232,508.85
5233,507.64
5234,507.14
5235,506.68
5236,506.29
5237,506.95
5238,507
5239,507.53
5240,510.28
5241,510.61
5242,509.17
5243,507.69
5244,504.95
5245,501.9
5246,500.15
5247,498.7
5248,497.72
5249,497.72
5250,497.05
5251,499.1
5252,501.71
5253,500.86
5254,499.2
5255,495.49
5256,492.34
5257,489.88
5258,486.39
5259,482.84
5260,480.21
5261,478.25
5262,477.19
5263,475.69
5264,477.52
5265,481.74
5266,486.56
5267,486.55
5268,484.88
5269,482.7
5270,482.28
5271,481.48
5272,480.53
5273,480.97
5274,484.66
5275,487.6
5276,486.08
5277,486.77
5278,486.58
5279,483.39
5280,483.21
5281,484.34
5282,484.83
5283,490.75
5284,493.71
5285,492.85
5286,491.9
5287,490.48
5288,490.46
5289,488.9
5290,486.9
5291,488.31
5292,491.5
5293,493.36
5294,496.53
5295,496.13
5296,493.49
5297,494.19
5298,496.63
5299,496.23
5300,498.39
5301,494.75
5302,488.89
5303,483.6
5304,480.22
5305,477.22
5306,476.21
5307,475.74
5308,477.15
5309,479.28
5310,477.87
5311,478.9
5312,482.52
5313,484.92
5314,488.94
5315,492.22
5316,495.89
5317,496.5
5318,496.64
5319,496.46
5320,496.89
5321,495.66
5322,493.95
5323,491.04
5324,489.33
5325,490.94
5326,494.69
5327,498.07
5328,496.23
5329,494.24
5330,491.4
5331,487.97
5332,484.45
5333,481.05
5334,479.55
5335,477.69
5336,478.2
5337,477.11
5338,475.01
5339,473.41
5340,472.64
5341,473.57
5342,475.75
5343,476.38
5344,475.42
5345,474.22
5346,472.97
5347,470.88
5348,468.3
5349,466.72
5350,466.87
5351,466.57
5352,463.79
5353,460.98
5354,458.61
5355,456.16
5356,453.8
5357,451.5
5358,451.08
5359,447.59
5360,450.43
5361,446.08
5362,443.22
5363,440.03
5364,438.27
5365,441.48
5366,444.94
5367,445
5368,446.34
5369,448.98
5370,450.77
5371,458.58
5372,462.5
5373,467.25
5374,470.12
5375,475.61
5376,475.77
5377,474.18
5378,472.21
5379,469.94
5380,467.81
5381,464.43
5382,462.83
5383,463.82
5384,463.14
5385,464.1
5386,463.35
5387,460.64
5388,457.62
5389,455.47
5390,454.11
5391,453.46
5392,453.21
5393,452.51
5394,451.04
5395,452.64
5396,453.98
5397,453.02
5398,453.46
5399,456.46
5400,458.08
5401,460.46
5402,458.46
5403,458.11
5404,458.37
5405,461.28
5406,461.28
5407,459.76
5408,457.9
5409,455.99
5410,455.66
5411,455.19
5412,453.72
5413,452.27
5414,451.18
5415,451.76
5416,453.47
5417,455.41
5418,457.83
5419,457.55
5420,455.17
5421,453.58
5422,452.68
5423,451.42
5424,448.46
5425,446.28
5426,443.97
5427,441.31
5428,441.04
5429,441.37
5430,441.01
5431,438.87
5432,436.81
5433,437.31
5434,435.81
5435,436.49
5436,436.09
5437,435.42
5438,437.18
5439,437.57
5440,439.39
5441,442
5442,445.09
5443,450.11
5444,451.61
5445,454.04
5446,453.57
5447,451.44
5448,452.51
5449,455.38
5450,456.71
5451,459.24
5452,465.01
5453,469.14
5454,471.38
5455,477.59
5456,482.99
5457,485.64
5458,486.52
5459,487.1
5460,488.07
5461,489.72
5462,491.32
5463,492.09
5464,494.32
5465,494.44
5466,496.58
5467,498.66
5468,498.7
5469,504.1
5470,512.03
5471,518.14
5472,521.03
5473,524.63
5474,530.74
5475,535.13
5476,537.3
5477,539.34
5478,541.37
5479,543.99
5480,545.38
5481,550.56
5482,555.07
5483,557.49
5484,560.85
5485,563.71
5486,570.09
5487,572.42
5488,573.65
5489,571.81
5490,570.14
5491,571.05
5492,571.36
5493,570.56
5494,567.75
5495,566.48
5496,565.73
5497,564.84
5498,562.15
5499,562.14
5500,560.73
5501,558.25
5502,553.91
5503,549.44
5504,545.53
5505,541.78
5506,537.83
5507,534.34
5508,531.3
5509,528.28
5510,527.64
5511,526.02
5512,524.52
5513,525.28
5514,526.55
5515,526.44
5516,531.44
5517,533.97
5518,534.16
5519,535.23
5520,535.07
5521,535.03
5522,534.67
5523,535.85
5524,535.45
5525,533.69
5526,535.81
5527,537.8
5528,538.31
5529,535.1
5530,537.48
5531,544.1
5532,550.46
5533,553.39
5534,555.82
5535,556.82
5536,555.49
5537,555.65
5538,554.68
5539,555.75
5540,558.2
5541,559.74
5542,559.53
5543,559.54
5544,562.23
5545,562.43
5546,561.87
5547,560.98
5548,559.5
5549,557.46
5550,557.88
5551,558.39
5552,559.13
5553,563.91
5554,567.58
5555,572.63
5556,575.68
5557,577.11
5558,578.47
5559,577.48
5560,576.4
5561,574
5562,569.87
5563,568.13
5564,566.31
5565,563.44
5566,559.26
5567,555.73
5568,552.8
5569,553.38
5570,552.77
5571,550.86
5572,550.35
5573,553.62
5574,554.86
5575,557.99
5576,559.9
5577,562.74
5578,565.98
5579,566.92
5580,564.44
5581,561.6
5582,560.79
5583,558.03
5584,560.97
5585,562.77
5586,563.96
5587,565.4
5588,563.91
5589,563.95
5590,561.69
5591,560.17
5592,559.68
5593,559.59
5594,561.27
5595,561.92
5596,562.86
5597,563.74
5598,565.51
5599,565.93
5600,566.39
5601,565.17
5602,564.41
5603,562.1
5604,559.03
5605,556.99
5606,557.02
5607,557.14
5608,559.96
5609,562.81
5610,565.89
5611,567.89
5612,566.71
5613,567.38
5614,568.59
5615,568
5616,565.36
5617,562.67
5618,560.58
5619,557.81
5620,555.18
5621,553.47
5622,551.82
5623,550.74
5624,550.9
5625,550.13
5626,549.94
5627,548.59
5628,548.82
5629,547.5
5630,545.09
5631,543.55
5632,544.9
5633,543.75
5634,544.65
5635,545.87
5636,545.78
5637,544.05
5638,543.74
5639,544.35
5640,543.86
5641,543.03
5642,540.3
5643,539.15
5644,537.21
5645,534
5646,531.76
5647,532.6
5648,530.48
5649,527.85
5650,526.91
5651,524.22
5652,521.48
5653,519.22
5654,517
5655,515.16
5656,512.78
5657,510.93
5658,509.12
5659,505.54
5660,504.73
5661,504.64
5662,504.22
5663,501.14
5664,499.41
5665,499.16
5666,498.53
5667,496.61
5668,493.62
5669,490.62
5670,489.35
5671,487.39
5672,485.06
5673,481.77
5674,479.02
5675,475.87
5676,473.18
5677,471.91
5678,469.37
5679,467.74
5680,469.36
5681,468.53
5682,465.93
5683,460.55
5684,457.99
5685,457.06
5686,452.48
5687,451.48
5688,448.71
5689,445.1
5690,441.24
5691,437.99
5692,435.06
5693,432.95
5694,429.8
5695,426.43
5696,423.47
5697,421.54
5698,419.86
5699,418.56
5700,415.9
5701,412.93
5702,410.53
5703,408.97
5704,407.53
5705,405.36
5706,404.29
5707,401.23
5708,399.98
5709,400.18
5710,398.37
5711,395.22
5712,393.05
5713,390.71
5714,387.89
5715,388.43
5716,388.77
5717,388.8
5718,388.75
5719,388.35
5720,390.3
5721,395.36
5722,400.5
5723,401.39
5724,403.13
5725,405.54
5726,407.02
5727,407.89
5728,408.58
5729,410.58
5730,411.6
5731,415.41
5732,421.3
5733,429.76
5734,435.82
5735,441.01
5736,447.31
5737,450.19
5738,452.12
5739,454.12
5740,457.73
5741,461.77
5742,467.82
5743,468.45
5744,467.07
5745,468.82
5746,472.68
5747,472.88
5748,474.07
5749,475.32
5750,479.84
5751,477.63
5752,476.05
5753,475.76
5754,475.44
5755,478.18
5756,482.64
5757,488.7
5758,492.16
5759,490.94
5760,489.97
5761,488.47
5762,490.99
5763,493.05
5764,494.58
5765,495.17
5766,494.97
5767,496.88
5768,497.96
5769,499.82
5770,502.1
5771,504.63
5772,503.63
5773,505.99
5774,509.82
5775,515.78
5776,518.79
5777,520.9
5778,523.64
5779,526.36
5780,527.87
5781,527.43
5782,526.86
5783,526.4
5784,524.47
5785,523.43
5786,523.28
5787,522.59
5788,522.44
5789,520.34
5790,517.4
5791,513.81
5792,512.48
5793,511.07
5794,511.78
5795,514.27
5796,512.19
5797,509.62
5798,508.08
5799,507.7
5800,508.22
5801,513.85
5802,517.04
5803,520.5
5804,523.04
5805,526.85
5806,530.02
5807,533.7
5808,537.25
5809,538.67
5810,536.9
5811,535.71
5812,534.17
5813,531.57
5814,529.13
5815,526.02
5816,524.57
5817,524.86
5818,526.94
5819,533.13
5820,535.77
5821,537.88
5822,541.94
5823,545.52
5824,551.07
5825,554.73
5826,555.9
5827,556.2
5828,556.72
5829,558.63
5830,557.79
5831,559.07
5832,560.89
5833,564.73
5834,566.89
5835,570.85
5836,571.93
5837,570.98
5838,570.53
5839,568.16
5840,566.09
5841,564.05
5842,563.66
5843,564.29
5844,561.08
5845,560.37
5846,557.65
5847,555.16
5848,556.46
5849,559.65
5850,558.42
5851,558.11
5852,555.99
5853,554.38
5854,552.3
5855,548.86
5856,547.78
5857,547.53
5858,548.44
5859,548.69
5860,548.19
5861,546.73
5862,547.18
5863,548.49
5864,547.06
5865,547.69
5866,547.4
5867,547.88
5868,548.16
5869,548.79
5870,548.92
5871,549.98
5872,550.05
5873,551.95
5874,553.76
5875,553.8
5876,553.25
5877,553.95
5878,553.93
5879,553.06
5880,550.93
5881,547.9
5882,545.49
5883,543.93
5884,540.83
5885,537.77
5886,535.52
5887,533.71
5888,536.33
5889,538.48
5890,540.96
5891,542.78
5892,544.68
5893,550.02
5894,555.21
5895,562.51
5896,569.18
5897,577.32
5898,581.83
5899,589.17
5900,593.27
5901,600.73
5902,604.33
5903,608.1
5904,610.28
5905,612.83
5906,613.47
5907,614.62
5908,613.07
5909,609.67
5910,605.61
5911,603.3
5912,602.1
5913,599.81
5914,596.8
5915,593.97
5916,592.09
5917,592.01
5918,593.49
5919,597.61
5920,599.93
5921,599.4
5922,599.01
5923,601.74
5924,606.05
5925,609.2
5926,609.69
5927,611.62
5928,613.15
5929,613.56
5930,614.71
5931,616.37
5932,614.96
5933,613.76
5934,615.57
5935,615.64
5936,617.25
5937,616.57
5938,613.48
5939,610.28
5940,607.13
5941,603.67
5942,600.01
5943,595.41
5944,595.18
5945,593.69
5946,592.34
5947,590.59
5948,592.43
5949,593.42
5950,594.62
5951,591.9
5952,589.53
5953,589.73
5954,589.27
5955,589.92
5956,589.22
5957,586.63
5958,584.13
5959,586.13
5960,585.12
5961,586.74
5962,589.93
5963,592.82
5964,595.78
5965,598.16
5966,598.17
5967,598.69
5968,601.38
5969,603.22
5970,605.77
5971,608.05
5972,608.49
5973,608.33
5974,609.55
5975,610.52
5976,611.46
5977,611.68
5978,608.78
5979,605.21
5980,601.12
5981,596.92
5982,592.86
5983,588.81
5984,587.93
5985,588.64
5986,587.57
5987,588.17
5988,589.65
5989,591.13
5990,591.19
5991,589.71
5992,594.09
5993,596.24
5994,595.72
5995,595.6
5996,601.51
5997,604.18
5998,610.2
5999,612.66
6000,615.08
6001,615.97
6002,616.28
6003,616.07
6004,615.6
6005,616.82
6006,615.57
6007,611.82
6008,608.78
6009,606.74
6010,606.45
6011,603.74
6012,601.35
6013,600.51
6014,600.63
6015,598.78
6016,594.79
6017,593.51
6018,593.26
6019,592.73
6020,595.34
6021,594.16
6022,598.04
6023,601.11
6024,603.76
6025,606.28
6026,610.78
6027,610.29
6028,609.27
6029,609
6030,610.44
6031,612.95
6032,613.9
6033,617.55
6034,617.61
6035,620.16
6036,624.67
6037,630.49
6038,631.17
6039,631.12
6040,630.05
6041,630.36
6042,634.33
6043,636.39
6044,641.86
6045,646.82
6046,654.66
6047,663.13
6048,669.65
6049,676.12
6050,681.87
6051,683.04
6052,683.56
6053,683.54
6054,686.45
6055,690.66
6056,693.56
6057,694.38
6058,698.28
6059,698.2
6060,696.01
6061,697.85
6062,696.98
6063,697.27
6064,698.13
6065,697.63
6066,698.15
6067,698.73
6068,700.01
6069,702.17
6070,704.09
6071,703.99
6072,703.39
6073,707.74
6074,709.54
6075,710.1
6076,711.51
6077,709.68
6078,705.5
6079,701.93
6080,701.63
6081,699.5
6082,697.93
6083,695.72
6084,693.27
6085,692.65
6086,692.36
6087,692.12
6088,692.4
6089,693.69
6090,692.07
6091,689.25
6092,686.06
6093,685.37
6094,685.25
6095,684.72
6096,686.67
6097,689.66
6098,689.77
6099,691.28
6100,692.2
6101,691.91
6102,689.46
6103,689.22
6104,687.62
6105,687.57
6106,686.53
6107,686.77
6108,690.27
6109,692.75
6110,698.41
6111,701.76
6112,707.52
6113,714.74
6114,722.54
6115,726.42
6116,727.01
6117,729.28
6118,730.98
6119,732.28
6120,732.62
6121,734.59
6122,735.85
6123,736.67
6124,735.14
6125,735.08
6126,735.28
6127,735.57
6128,734.56
6129,735.59
6130,737.57
6131,738.17
6132,743.62
6133,747.06
6134,749.41
6135,753.41
6136,751.82
6137,748.97
6138,746.48
6139,747.08
6140,746.66
6141,745.27
6142,744.71
6143,746.56
6144,749.59
6145,749.65
6146,749.46
6147,748.03
6148,744.27
6149,740.92
6150,738.87
6151,740.77
6152,744.15
6153,745.55
6154,748.07
6155,753.55
6156,761.05
6157,764.25
6158,765.76
6159,766.66
6160,766.99
6161,766.78
6162,767.56
6163,765.88
6164,763.28
6165,761.06
6166,762.5
6167,762.83
6168,763.12
6169,762.54
6170,758.92
6171,755.72
6172,751.48
6173,749.17
6174,748.37
6175,748.48
6176,750.51
6177,750.43
6178,749.16
6179,748.82
6180,750.92
6181,753.58
6182,759.2
6183,761.83
6184,763.37
6185,764.45
6186,763.08
6187,762.09
6188,763.01
6189,765.45
6190,772.45
6191,784.08
6192,798.87
6193,806.79
6194,811.27
6195,811.55
6196,811.62
6197,810.86
6198,810.35
6199,809.47
6200,809.93
6201,809.43
6202,806.37
6203,803.34
6204,803.36
6205,801.68
6206,801.34
6207,799.33
6208,801.78
6209,800.99
6210,801.58
6211,805.44
6212,808.34
6213,811.01
6214,814.87
6215,817.36
6216,820.17
6217,825.68
6218,831.42
6219,836.3
6220,841.56
6221,843.09
6222,843.74
6223,847.08
6224,854.42
6225,862.47
6226,869.67
6227,878.82
6228,882.13
6229,886.25
6230,887.69
6231,886.93
6232,883.32
6233,882.17
6234,885.15
6235,886.8
6236,890.51
6237,893.62
6238,891.79
6239,887.75
6240,881.55
6241,876.87
6242,873.19
6243,873.58
6244,879.82
6245,887.65
6246,890.88
6247,892.29
6248,889.65
6249,890.32
6250,890.29
6251,890.17
6252,890.76
6253,891.71
6254,895.98
6255,895.95
6256,898.99
6257,900.98
6258,903.34
6259,904.03
6260,906
6261,905.13
6262,904.12
6263,905.09
6264,908.44
6265,910.2
6266,909.99
6267,908.81
6268,905.04
6269,902.93
6270,900.09
6271,898.02
6272,892.68
6273,888.82
6274,886.04
6275,888.95
6276,895.47
6277,901.84
6278,903.12
6279,900.25
6280,896.53
6281,894.42
6282,894.59
6283,890.78
6284,887.06
6285,881.6
6286,876.93
6287,870.68
6288,864.69
6289,860.1
6290,855.98
6291,856.11
6292,856.07
6293,858.33
6294,859.61
6295,859.81
6296,858.39
6297,857.78
6298,860.99
6299,863.22
6300,867.06
6301,870.2
6302,876.62
6303,880.29
6304,881.6
6305,884.66
6306,883.97
6307,884.12
6308,886.1
6309,887.77
6310,887.54
6311,887.09
6312,884.62
6313,882.07
6314,883.91
6315,887.08
6316,892.65
6317,892.61
6318,894.02
6319,893.1
6320,892.06
6321,891.78
6322,890.65
6323,894.07
6324,899.45
6325,902.61
6326,903.33
6327,902.54
6328,896.12
6329,890.89
6330,888.49
6331,885.58
6332,883.69
6333,886.86
6334,889.75
6335,887.46
6336,884.69
6337,883.31
6338,879.19
6339,874.88
6340,873.04
6341,871.29
6342,867.71
6343,865.28
6344,864.59
6345,868.41
6346,870.96
6347,874.92
6348,876.93
6349,875.81
6350,874.63
6351,877.15
6352,875.15
6353,879.43
6354,878.06
6355,880.18
6356,883.44
6357,887.96
6358,892.17
6359,894.3
6360,892.29
6361,890.27
6362,888.83
6363,890.47
6364,889.47
6365,888.99
6366,888.54
6367,885.96
6368,882.32
6369,879.61
6370,879.96
6371,877.54
6372,879.46
6373,879.1
6374,877.96
6375,875.44
6376,871.92
6377,868.77
6378,867.71
6379,866.67
6380,863.89
6381,859.18
6382,855.81
6383,853.36
6384,850.8
6385,847.8
6386,846.28
6387,847.26
6388,844.82
6389,841.63
6390,837.77
6391,839.52
6392,839.68
6393,838.57
6394,839.26
6395,839.12
6396,844.18
6397,845.48
6398,845.61
6399,844.77
6400,848.05
6401,850.37
6402,851.27
6403,855.97
6404,857.99
6405,862.53
6406,869.77
6407,876.5
6408,879.61
6409,880.92
6410,881.02
6411,887.05
6412,888.38
6413,888.37
6414,887.95
6415,888.95
6416,892.37
6417,894.01
6418,895.62
6419,894.95
6420,898.31
6421,901.78
6422,906.36
6423,910.76
6424,911.12
6425,908.79
6426,904.54
6427,904.19
6428,905.06
6429,899.54
6430,897.55
6431,896.69
6432,896.78
6433,896.08
6434,899.91
6435,904.39
6436,911.73
6437,915.54
6438,914.81
6439,917.48
6440,918.58
6441,918.16
6442,916.92
6443,915.34
6444,913.04
6445,910.99
6446,912.2
6447,912.43
6448,913.01
6449,912.22
6450,911.61
6451,909.89
6452,906.88
6453,910.64
6454,910.01
6455,911.81
6456,911.75
6457,910.84
6458,907.09
6459,904.87
6460,902.41
6461,900.09
6462,900.61
6463,899
6464,902.11
6465,901.84
6466,902.72
6467,903.18
6468,902.45
6469,906.52
6470,908.71
6471,907.74
6472,907.8
6473,909.06
6474,910.94
6475,915.4
6476,916.9
6477,919.39
6478,919.71
6479,919.45
6480,917.61
6481,914.82
6482,909.07
6483,904.37
6484,898.89
6485,893.73
6486,888.6
6487,884.51
6488,885.94
6489,888.48
6490,886.72
6491,884.03
6492,884.26
6493,880.92
6494,881.27
6495,877.11
6496,873.86
6497,873.71
6498,870.01
6499,865.98
6500,861.5
6501,859.66
6502,859.41
6503,859.65
6504,862.77
6505,861.7
6506,864.05
6507,865.09
6508,868.31
6509,865.6
6510,864.76
6511,862.75
6512,860.4
6513,858.22
6514,859.44
6515,860.03
6516,862.98
6517,864.95
6518,867.31
6519,871.58
6520,875.31
6521,880.6
6522,881.29
6523,882.47
6524,880.78
6525,879.47
6526,879.17
6527,877.8
6528,876.15
6529,876.3
6530,877.14
6531,877.58
6532,876.17
6533,875.91
6534,878.64
6535,879.36
6536,880.61
6537,879.23
6538,875.47
6539,874.7
6540,877.04
6541,878.82
6542,879.82
6543,879.61
6544,875.57
6545,871.47
6546,867.91
6547,866.61
6548,868.99
6549,871.01
6550,870.47
6551,870.34
6552,865.67
6553,860.8
6554,855.92
6555,852.42
6556,848.99
6557,844.69
6558,839.97
6559,840.38
6560,842.53
6561,844.85
6562,847.44
6563,856.48
6564,862.24
6565,864.85
6566,865.51
6567,865.7
6568,863.87
6569,858.87
6570,853.86
6571,852.05
6572,849.27
6573,847.39
6574,843.81
6575,840.91
6576,837.01
6577,836.78
6578,833.92
6579,831.17
6580,830.14
6581,827.84
6582,829.07
6583,835.35
6584,845.97
6585,851.78
6586,850.87
6587,852.23
6588,851.34
6589,851.76
6590,851.51
6591,848.74
6592,844.14
6593,839.27
6594,836.8
6595,834.83
6596,834.43
6597,838.6
6598,845.21
6599,858
6600,869.38
6601,878.82
6602,884.02
6603,888.17
6604,893.36
6605,896.2
6606,899.48
6607,902.71
6608,907.2
6609,914.07
6610,920.91
6611,926.71
6612,932.97
6613,938.55
6614,941.66
6615,941.01
6616,941.19
6617,937.67
6618,933.5
6619,929.67
6620,925.96
6621,923.21
6622,918.17
6623,912.69
6624,909.68
6625,909.95
6626,910.89
6627,913.72
6628,914.53
6629,914.79
6630,920.79
6631,929.02
6632,943.4
6633,957.6
6634,966.02
6635,974.92
6636,980.94
6637,980.84
6638,981.77
6639,983.6
6640,988.1
6641,991.45
6642,995.29
6643,998.04
6644,999.15
6645,998.28
6646,997.6
6647,999.34
6648,1002.2
6649,1004.7
6650,1007.4
6651,1009.1
6652,1010.7
6653,1011.4
6654,1019.8
6655,1024.2
6656,1030.7
6657,1035
6658,1036.6
6659,1037.6
6660,1039.6
6661,1042.6
6662,1041.7
6663,1037.1
6664,1033.3
6665,1029.3
6666,1023.8
6667,1022.3
6668,1022.5
6669,1022.5
6670,1025.9
6671,1030.3
6672,1037.5
6673,1042.6
6674,1050.7
6675,1059.4
6676,1063.5
6677,1063.7
6678,1062.9
6679,1064.6
6680,1063.6
6681,1060.8
6682,1056.4
6683,1051
6684,1046.1
6685,1040.9
6686,1035.8
6687,1034.5
6688,1031.4
6689,1026.8
6690,1025.1
6691,1024.3
6692,1025.8
6693,1022.9
6694,1023.8
6695,1029.4
6696,1028.1
6697,1026.3
6698,1023.1
6699,1020.1
6700,1019.2
6701,1015
6702,1013.9
6703,1012.8
6704,1011.1
6705,1009.7
6706,1008.7
6707,1007.9
6708,1009.4
6709,1014
6710,1013.5
6711,1011.9
6712,1015.9
6713,1020
6714,1022.7
6715,1023.9
6716,1023.8
6717,1026.3
6718,1032.5
6719,1036.2
6720,1039.2
6721,1044.2
6722,1050.8
6723,1056.3
6724,1064.2
6725,1072.5
6726,1079
6727,1080.1
6728,1082.4
6729,1080.3
6730,1079.4
6731,1085.1
6732,1095.6
6733,1108.4
6734,1110.9
6735,1112.7
6736,1115
6737,1119
6738,1119.2
6739,1125
6740,1127.5
6741,1133.6
6742,1136.6
6743,1139.7
6744,1144.2
6745,1150
6746,1158.4
6747,1162.5
6748,1166.1
6749,1169.7
6750,1170.4
6751,1164.7
6752,1159.2
6753,1152.3
6754,1147.7
6755,1142.2
6756,1135.9
6757,1132.7
6758,1131.9
6759,1130
6760,1127.6
6761,1125
6762,1121.5
6763,1114.3
6764,1108.8
6765,1106.6
6766,1107.5
6767,1110.9
6768,1114
6769,1114.9
6770,1110.8
6771,1107
6772,1107.8
6773,1112
6774,1117.4
6775,1116
6776,1112.8
6777,1112
6778,1110.7
6779,1108.4
6780,1104.3
6781,1099
6782,1091.1
6783,1085.3
6784,1081.4
6785,1079.6
6786,1076.9
6787,1076.7
6788,1082
6789,1083.5
6790,1081.8
6791,1081.7
6792,1080.3
6793,1083.6
6794,1087.7
6795,1093.6
6796,1100.7
6797,1109.5
6798,1106.2
6799,1102
6800,1096.9
6801,1094.8
6802,1098.7
6803,1102.3
6804,1104.9
6805,1109.3
6806,1114.9
6807,1116
6808,1117.5
6809,1124.5
6810,1130.3
6811,1134
6812,1133.2
6813,1138.9
6814,1143.9
6815,1147.7
6816,1149.2
6817,1149.2
6818,1149.3
6819,1150.6
6820,1159.8
6821,1163.1
6822,1165.8
6823,1171.9
6824,1179.7
6825,1177.9
6826,1176.5
6827,1178.3
6828,1185.6
6829,1192.8
6830,1198.4
6831,1198
6832,1197.2
6833,1195.5
6834,1194.4
6835,1195.2
6836,1194.9
6837,1199.1
6838,1203.2
6839,1211.8
6840,1213.2
6841,1217.7
6842,1219.9
6843,1226.9
6844,1229.5
6845,1233.2
6846,1234.9
6847,1236.9
6848,1236.7
6849,1246.4
6850,1256.7
6851,1269.7
6852,1285.3
6853,1295.7
6854,1303.2
6855,1305.9
6856,1308.6
6857,1305.5
6858,1302.4
6859,1301.7
6860,1303.7
6861,1302
6862,1303.2
6863,1303.9
6864,1302.8
6865,1300
6866,1298.1
6867,1297.2
6868,1295.4
6869,1301.7
6870,1310.6
6871,1317.2
6872,1328.2
6873,1338.7
6874,1350.2
6875,1362.9
6876,1374
6877,1388
6878,1406
6879,1418.9
6880,1432
6881,1441.3
6882,1450.2
6883,1454.4
6884,1456.7
6885,1456.7
6886,1455.4
6887,1458.1
6888,1457.4
6889,1456.5
6890,1453.3
6891,1447.2
6892,1444.1
6893,1447.9
6894,1453.4
6895,1463.3
6896,1473.5
6897,1476.8
6898,1473.8
6899,1472.8
6900,1471.5
6901,1470.7
6902,1470.7
6903,1471.2
6904,1471.1
6905,1471.9
6906,1475
6907,1475.9
6908,1476.6
6909,1476.5
6910,1476.9
6911,1479
6912,1483.9
6913,1488.4
6914,1494.5
6915,1498.8
6916,1496.2
6917,1494.1
6918,1487.8
6919,1480.3
6920,1477.4
6921,1473.4
6922,1469.9
6923,1465.4
6924,1461.8
6925,1456.1
6926,1452.5
6927,1446.7
6928,1442.2
6929,1432.8
6930,1427.2
6931,1425.7
6932,1425.1
6933,1428.1
6934,1433.2
6935,1436
6936,1443.2
6937,1446.4
6938,1447.2
6939,1443.5
6940,1437.1
6941,1434.7
6942,1431.1
6943,1432.6
6944,1441.4
6945,1445.8
6946,1447.2
6947,1447.3
6948,1446.2
6949,1448.7
6950,1448.5
6951,1449.3
6952,1452.8
6953,1453.2
6954,1459.3
6955,1469.9
6956,1480.5
6957,1495.6
6958,1507.5
6959,1516.2
6960,1519.1
6961,1524
6962,1525.6
6963,1527.2
6964,1527.3
6965,1527.7
6966,1532
6967,1538.4
6968,1548.2
6969,1550.9
6970,1546.3
6971,1545.1
6972,1540.6
6973,1538.1
6974,1538.3
6975,1535.7
6976,1532.8
6977,1530.5
6978,1528.9
6979,1530.6
6980,1529.3
6981,1532.9
6982,1542.8
6983,1549.9
6984,1557.1
6985,1559.2
6986,1556.4
6987,1555
6988,1559.2
6989,1570.8
6990,1580.7
6991,1586.7
6992,1593.4
6993,1599.6
6994,1600.9
6995,1598
6996,1599.2
6997,1596
6998,1592.6
6999,1592.4
7000,1591.8
7001,1597.4
7002,1598.5
7003,1605.1
7004,1611.7
7005,1612.4
7006,1611.3
7007,1609.5
7008,1611.9
7009,1611.3
7010,1609.5
7011,1608.1
7012,1616.6
7013,1624.8
7014,1632
7015,1635.5
7016,1639.9
7017,1646.5
7018,1655.1
7019,1661.7
7020,1658.1
7021,1655.2
7022,1656.8
7023,1659.9
7024,1661.4
7025,1669.2
7026,1670.6
7027,1677
7028,1677.9
7029,1678.5
7030,1683
7031,1687
7032,1691.8
7033,1701.4
7034,1702.9
7035,1703.2
7036,1707.3
7037,1717.7
7038,1728.7
7039,1743.2
7040,1754
7041,1764.7
7042,1778.1
7043,1784.6
7044,1788.4
7045,1793.2
7046,1799.4
7047,1806.7
7048,1806
7049,1804.8
7050,1802.6
7051,1798.2
7052,1793.9
7053,1792.6
7054,1792.1
7055,1791.8
7056,1790.3
7057,1789.8
7058,1787.8
7059,1790
7060,1789.4
7061,1786.9
7062,1788.2
7063,1783.6
7064,1781.4
7065,1781.2
7066,1780.8
7067,1776.7
7068,1778.5
7069,1781.2
7070,1786.2
7071,1789.2
7072,1799.9
7073,1804.8
7074,1811.4
7075,1817.3
7076,1823.2
7077,1829.9
7078,1835.8
7079,1841.6
7080,1842
7081,1843.4
7082,1841.3
7083,1850.3
7084,1863.6
7085,1871.8
7086,1879.8
7087,1881
7088,1881.2
7089,1884
7090,1886.9
7091,1891.1
7092,1897.9
7093,1903.1
7094,1911.2
7095,1916.7
7096,1928.3
7097,1933.3
7098,1939
7099,1946.9
7100,1951.1
7101,1959.2
7102,1957.9
7103,1957.2
7104,1952.5
7105,1953.3
7106,1953.2
7107,1954.3
7108,1956.5
7109,1955.7
7110,1953.9
7111,1950.9
7112,1947.5
7113,1946.1
7114,1944.6
7115,1952.8
7116,1958.8
7117,1960.5
7118,1959.8
7119,1954.3
7120,1949
7121,1950
7122,1948.4
7123,1948.8
7124,1948.7
7125,1955.2
7126,1956
7127,1964.9
7128,1966.1
7129,1966.5
7130,1969
7131,1969.5
7132,1973.3
7133,1978.9
7134,1990.6
7135,2000.6
7136,2006.8
7137,2010.7
7138,2014.8
7139,2018.9
7140,2029.6
7141,2040.7
7142,2047.3
7143,2049.4
7144,2052.2
7145,2046
7146,2044.4
7147,2046.4
7148,2053.5
7149,2062.4
7150,2068.5
7151,2071
7152,2073.9
7153,2077.9
7154,2079.5
7155,2082.6
7156,2081.6
7157,2088.9
7158,2091.2
7159,2090
7160,2090.9
7161,2092.3
7162,2093.7
7163,2092.7
7164,2088.1
7165,2084.4
7166,2079.7
7167,2080.9
7168,2088
7169,2100.7
7170,2107
7171,2113.8
7172,2120.6
7173,2131.4
7174,2138.9
7175,2141
7176,2143.8
7177,2152.8
7178,2157.2
7179,2158.5
7180,2159
7181,2160.4
7182,2160.8
7183,2166
7184,2170.7
7185,2178.2
7186,2182.4
7187,2187.5
7188,2192.6
7189,2187.7
7190,2188.8
7191,2187.8
7192,2187.2
7193,2182.4
7194,2175.8
7195,2169.2
7196,2160
7197,2147.3
7198,2141.5
7199,2141.3
7200,2142.2
7201,2142.3
7202,2141.8
7203,2137.6
7204,2133.6
7205,2135.8
7206,2138.3
7207,2141.7
7208,2148.8
7209,2152.1
7210,2157.3
7211,2159.6
7212,2157.4
7213,2161.9
7214,2161.3
7215,2161.8
7216,2171.2
7217,2167.6
7218,2162.6
7219,2163.4
7220,2160.8
7221,2155.8
7222,2151.4
7223,2151.2
7224,2156.2
7225,2159.1
7226,2155.7
7227,2155.7
7228,2159.9
7229,2161.2
7230,2166.7
7231,2168.7
7232,2170
7233,2164.2
7234,2163.2
7235,2162.3
7236,2162.2
7237,2166.8
7238,2169
7239,2168.2
7240,2167.7
7241,2168.7
7242,2172.4
7243,2176
7244,2179.4
7245,2183.2
7246,2188.3
7247,2192.7
7248,2194.6
7249,2195.5
7250,2196.4
7251,2195.4
7252,2195.1
7253,2192.5
7254,2189
7255,2186.4
7256,2185.6
7257,2187.6
7258,2188.6
7259,2193
7260,2201.8
7261,2206.1
7262,2211.5
7263,2217.5
7264,2226.5
7265,2231.6
7266,2237.9
7267,2255.5
7268,2271.8
7269,2286.6
7270,2294.4
7271,2301.6
7272,2306.5
7273,2308.8
7274,2309.5
7275,2313.7
7276,2318.8
7277,2318.1
7278,2314.2
7279,2314.1
7280,2315.1
7281,2313.4
7282,2316.4
7283,2317.2
7284,2317.8
7285,2322.1
7286,2333.9
7287,2343.5
7288,2352.3
7289,2354.7
7290,2360.7
7291,2362.3
7292,2366.2
7293,2370.3
7294,2374.4
7295,2379.1
7296,2384.7
7297,2397.5
7298,2405.5
7299,2406.3
7300,2410.3
7301,2410.2
7302,2411.2
7303,2412.7
7304,2412.1
7305,2415.8
7306,2419.4
7307,2423.7
7308,2424.4
7309,2425.3
7310,2427.4
7311,2427.3
7312,2427.3
7313,2437.6
7314,2440.1
7315,2443.6
7316,2436.7
7317,2430.5
7318,2426.7
7319,2425.1
7320,2423
7321,2420.5
7322,2417.4
7323,2413
7324,2408.1
7325,2403.2
7326,2407.8
7327,2410.8
7328,2413.5
7329,2415.3
7330,2416.5
7331,2414.5
7332,2417.3
7333,2416.7
7334,2417.7
7335,2423.1
7336,2429.1
7337,2426.6
7338,2422.5
7339,2424.4
7340,2424.1
7341,2431.9
7342,2438.1
7343,2446.5
7344,2453.3
7345,2457.9
7346,2459.4
7347,2460.3
7348,2457.9
7349,2460.8
7350,2461.1
7351,2463.5
7352,2469.5
7353,2480.4
7354,2483.6
7355,2490.8
7356,2495.6
7357,2496.4
7358,2502.9
7359,2505.5
7360,2505.6
7361,2509.5
7362,2508.4
7363,2502.8
7364,2497.4
7365,2492
7366,2492.4
7367,2495.5
7368,2498.5
7369,2503.8
7370,2503.6
7371,2504.3
7372,2501.1
7373,2500.6
7374,2496.3
7375,2490.5
7376,2487.9
7377,2483
7378,2483.1
7379,2482
7380,2479.3
7381,2478.4
7382,2472.3
7383,2470.7
7384,2476.5
7385,2477.5
7386,2475.3
7387,2466.7
7388,2455.2
7389,2451.1
7390,2445.8
7391,2445.9
7392,2443.2
7393,2444.3
7394,2446.8
7395,2449.9
7396,2451
7397,2455.8
7398,2457
7399,2451.2
7400,2447.4
7401,2445.8
7402,2454
7403,2457.1
7404,2462.4
7405,2466.2
7406,2472.7
7407,2476.8
7408,2486.6
7409,2492.3
7410,2497.7
7411,2499
7412,2495.5
7413,2496.5
7414,2494.5
7415,2489.1
7416,2492
7417,2491.9
7418,2487.1
7419,2483.6
7420,2485
7421,2485.1
7422,2479.6
7423,2476.3
7424,2474.3
7425,2469.2
7426,2469.3
7427,2471.7
7428,2470.5
7429,2468.2
7430,2464.9
7431,2464.2
7432,2467.6
7433,2465.7
7434,2462.7
7435,2458.7
7436,2453.3
7437,2452.7
7438,2457.4
7439,2462.1
7440,2459.4
7441,2455.7
7442,2455.6
7443,2460.6
7444,2457.3
7445,2454.4
7446,2449.6
7447,2448.8
7448,2444.2
7449,2438.7
7450,2434.6
7451,2429.3
7452,2429
7453,2426.5
7454,2430.7
7455,2434.2
7456,2441.2
7457,2442.2
7458,2440.9
7459,2434.7
7460,2432.6
7461,2433.3
7462,2431.9
7463,2433.2
7464,2430.1
7465,2429.4
7466,2428.5
7467,2423.9
7468,2418.3
7469,2412.5
7470,2406.5
7471,2399
7472,2392.8
7473,2396
7474,2401.4
7475,2407.1
7476,2409
7477,2419.6
7478,2431.4
7479,2441.2
7480,2453.5
7481,2459.8
7482,2465.8
7483,2475.4
7484,2481.5
7485,2487.1
7486,2494.9
7487,2505
7488,2515.6
7489,2520.4
7490,2518.9
7491,2519.7
7492,2516.4
7493,2513
7494,2507.8
7495,2502.4
7496,2499.9
7497,2498.4
7498,2494.4
7499,2500
7500,2501.2
7501,2500.1
7502,2493.8
7503,2491.6
7504,2496.1
7505,2499.6
7506,2502
7507,2503.1
7508,2503
7509,2505
7510,2506.9
7511,2506.8
7512,2510.9
7513,2510.6
7514,2518.2
7515,2519
7516,2519.7
7517,2516.1
7518,2513
7519,2509.1
7520,2502.3
7521,2492
7522,2487
7523,2479.9
7524,2476
7525,2469.8
7526,2461.9
7527,2454
7528,2443.4
7529,2436.3
7530,2437.3
7531,2441.1
7532,2447
7533,2450.9
7534,2447.2
7535,2446
7536,2438.8
7537,2430
7538,2424.9
7539,2421.7
7540,2419.7
7541,2420.4
7542,2417.3
7543,2414.6
7544,2410.7
7545,2405.5
7546,2394.4
7547,2380.9
7548,2373.2
7549,2363.9
7550,2356.6
7551,2355.4
7552,2354.2
7553,2355.5
7554,2351.9
7555,2356.6
7556,2351.3
7557,2347.4
7558,2342.8
7559,2335
7560,2329.4
7561,2322.8
7562,2310.6
7563,2299.6
7564,2292.5
7565,2282.6
7566,2274.9
7567,2266.4
7568,2262.6
7569,2255.8
7570,2245.1
7571,2235.4
7572,2235.3
7573,2234.7
7574,2236
7575,2238.5
7576,2242.7
7577,2244.4
7578,2244.4
7579,2250.5
7580,2257.2
7581,2263.4
7582,2269.4
7583,2269.3
7584,2263.8
7585,2264.1
7586,2261.9
7587,2262.9
7588,2264.1
7589,2269.6
7590,2278.4
7591,2282.6
7592,2288.4
7593,2300.6
7594,2311.3
7595,2321.7
7596,2328.1
7597,2332.9
7598,2333.8
7599,2335.1
7600,2342.8
7601,2343.4
7602,2346
7603,2350.1
7604,2351.1
7605,2350.8
7606,2356
7607,2355.1
7608,2357.8
7609,2358.8
7610,2362
7611,2359.3
7612,2357.8
7613,2355.9
7614,2356.6
7615,2352.9
7616,2346.8
7617,2338.6
7618,2335
7619,2332.1
7620,2326
7621,2323.1
7622,2318.4
7623,2312.6
7624,2311.7
7625,2309.2
7626,2306.4
7627,2310.8
7628,2314.1
7629,2315.2
7630,2320.7
7631,2327
7632,2330.3
7633,2334.2
7634,2340.7
7635,2344.6
7636,2344.7
7637,2345.5
7638,2347.7
7639,2350.7
7640,2348.4
7641,2342.8
7642,2342.6
7643,2337.7
7644,2339.5
7645,2344.5
7646,2351.9
7647,2356.6
7648,2361
7649,2363.2
7650,2357.6
7651,2353.1
7652,2352.6
7653,2352.8
7654,2351.7
7655,2346
7656,2341.3
7657,2340.5
7658,2337.7
7659,2337.3
7660,2341.5
7661,2347.5
7662,2350.2
7663,2347.9
7664,2345.4
7665,2346.8
7666,2346.9
7667,2341.4
7668,2345.4
7669,2355.4
7670,2361.8
7671,2366
7672,2373.2
7673,2379.9
7674,2379.1
7675,2379
7676,2374.4
7677,2374.1
7678,2368.4
7679,2362.2
7680,2357.9
7681,2352.3
7682,2354
7683,2352.4
7684,2353.9
7685,2357.6
7686,2357
7687,2357.9
7688,2359
7689,2357.5
7690,2358.2
7691,2353.6
7692,2345.3
7693,2333.4
7694,2324.4
7695,2316.6
7696,2308.5
7697,2303.5
7698,2306.2
7699,2308.5
7700,2307.9
7701,2312.3
7702,2311.4
7703,2306.7
7704,2303.5
7705,2299.1
7706,2296
7707,2295.2
7708,2296
7709,2296.8
7710,2297.9
7711,2306.9
7712,2310.7
7713,2315.3
7714,2322.2
7715,2335.9
7716,2344
7717,2350
7718,2356
7719,2361.3
7720,2365.4
7721,2367.4
7722,2363.8
7723,2363.2
7724,2363.5
7725,2365.3
7726,2360.7
7727,2352.4
7728,2348
7729,2343.2
7730,2340.1
7731,2338.4
7732,2335.6
7733,2334.5
7734,2336.9
7735,2339.1
7736,2340
7737,2342.7
7738,2350.4
7739,2356.6
7740,2360.7
7741,2356.6
7742,2352
7743,2344.1
7744,2332.2
7745,2320.1
7746,2307
7747,2300
7748,2291.4
7749,2287.6
7750,2285.2
7751,2279.6
7752,2271.9
7753,2267.3
7754,2258.2
7755,2250
7756,2237.6
7757,2230.5
7758,2223.8
7759,2217.8
7760,2215.2
7761,2217.9
7762,2216.8
7763,2221.3
7764,2224.7
7765,2218.7
7766,2212.8
7767,2203.4
7768,2196.7
7769,2196.5
7770,2190.5
7771,2188.7
7772,2189.4
7773,2188.6
7774,2190.9
7775,2193.3
7776,2197.6
7777,2202.7
7778,2206.8
7779,2208.4
7780,2211
7781,2208.8
7782,2206.4
7783,2205.9
7784,2197.3
7785,2190.7
7786,2188.3
7787,2189.9
7788,2195.8
7789,2201.9
7790,2203.8
7791,2203
7792,2199.9
7793,2198.5
7794,2194.7
7795,2188.4
7796,2185.1
7797,2185.3
7798,2181.8
7799,2187.2
7800,2186.2
7801,2189.1
7802,2188.1
7803,2189.2
7804,2194.7
7805,2198.7
7806,2199.1
7807,2196.9
7808,2201.2
7809,2202.8
7810,2207.1
7811,2212.5
7812,2207
7813,2209.6
7814,2214
7815,2215.7
7816,2218.7
7817,2222.9
7818,2226
7819,2229.6
7820,2227.5
7821,2222.8
7822,2220.9
7823,2222.8
7824,2225.7
7825,2223.7
7826,2219.8
7827,2214.4
7828,2209
7829,2204.6
7830,2202.8
7831,2202.2
7832,2205.9
7833,2205.5
7834,2206.8
7835,2203.6
7836,2204.2
7837,2207.8
7838,2210.5
7839,2213.2
7840,2214.9
7841,2214.5
7842,2210.2
7843,2206.5
7844,2197.5
7845,2190.1
7846,2187.5
7847,2183.7
7848,2177.7
7849,2175.4
7850,2169.9
7851,2168.2
7852,2168.2
7853,2170.9
7854,2171.2
7855,2163.8
7856,2157.9
7857,2149.2
7858,2143.9
7859,2139.8
7860,2136.9
7861,2132.5
7862,2129.9
7863,2122.1
7864,2114.4
7865,2107.5
7866,2097.6
7867,2088.6
7868,2084.7
7869,2082.9
7870,2085
7871,2086.1
7872,2089.5
7873,2095.3
7874,2099.1
7875,2098.2
7876,2098
7877,2099.6
7878,2106.6
7879,2113.2
7880,2114.5
7881,2116.7
7882,2113.6
7883,2117.6
7884,2123
7885,2125.8
7886,2128.7
7887,2127.9
7888,2131.5
7889,2133.4
7890,2131.8
7891,2131.3
7892,2135.8
7893,2147.6
7894,2153.2
7895,2159.6
7896,2162.5
7897,2166.6
7898,2167.9
7899,2165.5
7900,2163.5
7901,2155.1
7902,2151.8
7903,2148.1
7904,2146
7905,2142.9
7906,2142.3
7907,2139.7
7908,2135.5
7909,2135.7
7910,2144.4
7911,2152.9
7912,2153.8
7913,2156.6
7914,2164.4
7915,2171.4
7916,2178.3
7917,2187.3
7918,2198.8
7919,2215.7
7920,2232.9
7921,2241.3
7922,2248.8
7923,2251.1
7924,2259.1
7925,2270.8
7926,2274
7927,2271.7
7928,2268.2
7929,2266.7
7930,2265.6
7931,2265.9
7932,2265.2
7933,2263.7
7934,2261.1
7935,2256
7936,2245.7
7937,2241.9
7938,2240.1
7939,2238.8
7940,2241.5
7941,2251
7942,2255.5
7943,2262.8
7944,2271.7
7945,2286.8
7946,2302
7947,2321.9
7948,2339.3
7949,2358.7
7950,2368.6
7951,2372.9
7952,2371.6
7953,2367
7954,2363.8
7955,2361.6
7956,2359.1
7957,2354
7958,2349
7959,2341.5
7960,2337.4
7961,2337.4
7962,2335
7963,2333.1
7964,2337.5
7965,2348.6
7966,2363.4
7967,2378.3
7968,2389.4
7969,2395.5
7970,2394.4
7971,2389.8
7972,2382.2
7973,2375.2
7974,2369.7
7975,2365.6
7976,2364
7977,2369.2
7978,2373.6
7979,2380.3
7980,2385.7
7981,2389
7982,2394.3
7983,2400.8
7984,2400.6
7985,2402.6
7986,2409.3
7987,2416
7988,2414
7989,2411
7990,2412.6
7991,2412.1
7992,2412.8
7993,2414.4
7994,2415.2
7995,2420.1
7996,2425.4
7997,2427.4
7998,2426.9
7999,2423.7
8000,2417.5
