timestamp,mouse_x
1,0
2,0
3,0
4,0
5,0
6,0
7,0
8,0
9,0
10,0
11,0
12,0
13,0
14,0
15,0
16,0
17,0
18,0
19,0
20,0
21,0
22,0
23,0
24,0
25,0
26,0
27,0
28,0
29,0
30,0
31,0
32,0
33,0
34,0
35,0
36,0
37,0
38,0
39,0
40,0
41,0
42,0
43,0
44,0
45,0
46,0
47,0
48,0
49,0
50,0
51,0
52,0
53,0
54,0
55,0
56,0
57,0
58,0
59,0
60,0
61,0
62,0
63,0
64,0
65,0
66,0
67,0
68,0
69,0
70,0
71,0
72,0
73,0
74,0
75,0
76,0
77,0
78,0
79,0
80,0
81,0
82,0
83,0
84,0
85,0
86,0
87,0
88,0
89,0
90,0
91,0
92,0
93,0
94,0
95,0
96,0
97,0
98,0
99,0
100,0
101,0
102,0
103,0
104,0
105,0
106,0
107,0
108,0
109,0
110,0
111,0
112,0
113,0
114,0
115,0
116,0
117,0
118,0
119,0
120,0
121,0
122,0
123,0
124,0
125,0
126,0
127,0
128,0
129,0
130,0
131,0
132,0
133,0
134,0
135,0
136,0
137,0
138,0
139,0
140,0
141,0
142,0
143,0
144,0
145,0
146,0
147,0
148,0
149,0
150,0
151,0
152,0
153,0
154,0
155,0
156,0
157,0
158,0
159,0
160,0
161,0
162,0
163,0
164,0
165,0
166,0
167,0
168,0
169,0
170,0
171,0
172,0
173,0
174,0
175,0
176,0
177,0
178,0
179,0
180,0
181,0
182,0
183,0
184,0
185,0
186,0
187,0
188,0
189,0
190,0
191,0
192,0
193,0
194,0
195,0
196,0
197,0
198,0
199,0
200,0
201,0
202,0
203,0
204,0
205,0
206,0
207,0
208,0
209,0
210,0
211,0
212,0
213,0
214,0
215,0
216,0
217,0
218,0
219,0
220,0
221,0
222,0
223,0
224,0
225,0
226,0
227,0
228,0
229,0
230,0
231,0
232,0
233,0
234,0
235,0
236,0
237,0
238,0
239,0
240,0
241,0
242,0
243,0
244,0
245,0
246,0
247,0
248,0
249,0
250,0
251,0
252,0
253,0
254,0
255,0
256,0
257,0
258,0
259,0
260,0
261,0
262,0
263,0
264,0
265,0
266,0
267,0
268,0
269,0
270,0
271,0
272,0
273,0
274,0
275,0
276,0
277,0
278,0
279,0
280,0
281,0
282,0
283,0
284,0
285,0
286,0
287,0
288,0
289,0
290,0
291,0
292,0
293,0
294,0
295,0
296,0
297,0
298,0
299,0
300,0
301,0
302,0
303,0
304,0
305,0
306,0
307,0
308,0
309,0
310,0
311,0
312,0
313,0
314,0
315,0
316,0
317,0
318,0
319,0
320,0
321,0
322,0
323,0
324,0
325,0
326,0
327,0
328,0
329,0
330,0
331,0
332,0
333,0
334,0
335,0
336,0
337,0
338,0
339,0
340,0
341,0
342,0
343,0
344,0
345,0
346,0
347,0
348,0
349,0
350,0
351,0
352,0
353,0
354,0
355,0
356,0
357,0
358,0
359,0
360,0
361,0
362,0
363,0
364,0
365,0
366,0
367,0
368,0
369,0
370,0
371,0
372,0
373,0
374,0
375,0
376,0
377,0
378,0
379,0
380,0
381,0
382,0
383,0
384,0
385,0
386,0
387,0
388,0
389,0
390,0
391,0
392,0
393,0
394,0
395,0
396,0
397,0
398,0
399,0
400,0
401,0
402,0
403,0
404,0
405,0
406,0
407,0
408,0
409,0
410,0
411,0
412,0
413,0
414,0
415,0
416,0
417,0
418,0
419,0
420,0
421,0
422,0
423,0
424,0
425,0
426,0
427,0
428,0
429,0
430,0
431,0
432,0
433,0
434,0
435,0
436,0
437,0
438,0
439,0
440,0
441,0
442,0
443,0
444,0
445,0
446,0
447,0
448,0
449,0
450,0
451,0
452,0
453,0
454,0
455,0
456,0
457,0
458,0
459,0
460,0
461,0
462,0
463,0
464,0
465,0
466,0
467,0
468,0
469,0
470,0
471,0
472,0
473,0
474,0
475,0
476,0
477,0
478,0
479,0
480,0
481,0
482,0
483,0
484,0
485,0
486,0
487,0
488,0
489,0
490,0
491,0
492,0
493,0
494,0
495,0
496,0
497,0
498,0
499,0
500,0
501,0
502,0
503,0
504,0
505,0
506,0
507,0
508,0
509,0
510,0
511,0
512,0
513,0
514,0
515,0
516,0
517,0
518,0
519,0
520,0
521,0
522,0
523,0
524,0
525,0
526,0
527,0
528,0
529,0
530,0
531,0
532,0
533,0
534,0
535,0
536,0
537,0
538,0
539,0
540,0
541,0
542,0
543,0
544,0
545,0
546,0
547,0
548,0
549,0
550,0
551,0
552,0
553,0
554,0
555,0
556,0
557,0
558,0
559,0
560,0
561,0
562,0
563,0
564,0
565,0
566,0
567,0
568,0
569,0
570,0
571,0
572,0
573,0
574,0
575,0
576,0
577,0
578,0
579,0
580,0
581,0
582,0
583,0
584,0
585,0
586,0
587,0
588,0
589,0
590,0
591,0
592,0
593,0
594,0
595,0
596,0
597,0
598,0
599,0
600,0
601,0
602,0
603,0
604,0
605,0
606,0
607,0
608,0
609,0
610,0
611,0
612,0
613,0
614,0
615,0
616,0
617,0
618,0
619,0
620,0
621,0
622,0
623,0
624,0
625,0
626,0
627,0
628,0
629,0
630,0
631,0
632,0
633,0
634,0
635,0
636,0
637,0
638,0
639,0
640,0
641,0
642,0
643,0
644,0
645,0
646,0
647,0
648,0
649,0
650,0
651,0
652,0
653,0
654,0
655,0
656,0
657,0
658,0
659,0
660,0
661,0
662,0
663,0
664,0
665,0
666,0
667,0
668,0
669,0
670,0
671,0
672,0
673,0
674,0
675,0
676,0
677,0
678,0
679,0
680,0
681,0
682,0
683,0
684,0
685,0
686,0
687,0
688,0
689,0
690,0
691,0
692,0
693,0
694,0
695,0
696,0
697,0
698,0
699,0
700,0
701,0
702,0
703,0
704,0
705,0
706,0
707,0
708,0
709,0
710,0
711,0
712,0
713,0
714,0
715,0
716,0
717,0
718,0
719,0
720,0
721,0
722,0
723,0
724,0
725,0
726,0
727,0
728,0
729,0
730,0
731,0
732,0
733,0
734,0
735,0
736,0
737,0
738,0
739,0
740,0
741,0
742,0
743,0
744,0
745,0
746,0
747,0
748,0
749,0
750,0
751,0
752,0
753,0
754,0
755,0
756,0
757,0
758,0
759,0
760,0
761,0
762,0
763,0
764,0
765,0
766,0
767,0
768,0
769,0
770,0
771,0
772,0
773,0
774,0
775,0
776,0
777,0
778,0
779,0
780,0
781,0
782,0
783,0
784,0
785,0
786,0
787,0
788,0
789,0
790,0
791,0
792,0
793,0
794,0
795,0
796,0
797,0
798,0
799,0
800,0
801,0
802,0
803,0
804,0
805,0
806,0
807,0
808,0
809,0
810,0
811,0
812,0
813,0
814,0
815,0
816,0
817,0
818,0
819,0
820,0
821,0
822,0
823,0
824,0
825,0
826,0
827,0
828,0
829,0
830,0
831,0
832,0
833,0
834,0
835,0
836,0
837,0
838,0
839,0
840,0
841,0
842,0
843,0
844,0
845,0
846,0
847,0
848,0
849,0
850,0
851,0
852,0
853,0
854,0
855,0
856,0
857,0
858,0
859,0
860,0
861,0
862,0
863,0
864,0
865,0
866,0
867,0
868,0
869,0
870,0
871,0
872,0
873,0
874,0
875,0
876,0
877,0
878,0
879,0
880,0
881,0
882,0
883,0
884,0
885,0
886,0
887,0
888,0
889,0
890,0
891,0
892,0
893,0
894,0
895,0
896,0
897,0
898,0
899,0
900,0
901,0
902,0
903,0
904,0
905,0
906,0
907,0
908,0
909,0
910,0
911,0
912,0
913,0
914,0
915,0
916,0
917,0
918,0
919,0
920,0
921,0
922,0
923,0
924,0
925,0
926,0
927,0
928,0
929,0
930,0
931,0
932,0
933,0
934,0
935,0
936,0
937,0
938,0
939,0
940,0
941,0
942,0
943,0
944,0
945,0
946,0
947,0
948,0
949,0
950,0
951,0
952,0
953,0
954,0
955,0
956,0
957,0
958,0
959,0
960,0
961,0
962,0
963,0
964,0
965,0
966,0
967,0
968,0
969,0
970,0
971,0
972,0
973,0
974,0
975,0
976,0
977,0
978,0
979,0
980,0
981,0
982,0
983,0
984,0
985,0
986,0
987,0
988,0
989,0
990,0
991,0
992,0
993,0
994,0
995,0
996,0
997,0
998,0
999,0
1000,0
1001,0
1002,0
1003,0
1004,0
1005,0
1006,0
1007,0
1008,0
1009,0
1010,0
1011,0
1012,0
1013,0
1014,0
1015,0
1016,0
1017,0
1018,0
1019,0
1020,0
1021,0
1022,0
1023,0
1024,0
1025,0
1026,0
1027,0
1028,0
1029,0
1030,0
1031,0
1032,0
1033,0
1034,0
1035,0
1036,0
1037,0
1038,0
1039,0
1040,0
1041,0
1042,0
1043,0
1044,0
1045,0
1046,0
1047,0
1048,0
1049,0
1050,0
1051,0
1052,0
1053,0
1054,0
1055,0
1056,0
1057,0
1058,0
1059,0
1060,0
1061,0
1062,0
1063,0
1064,0
1065,0
1066,0
1067,0
1068,0
1069,0
1070,0
1071,0
1072,0
1073,0
1074,0
1075,0
1076,0
1077,0
1078,0
1079,0
1080,0
1081,0
1082,0
1083,0
1084,0
1085,0
1086,0
1087,0
1088,0
1089,0
1090,0
1091,0
1092,0
1093,0
1094,0
1095,0
1096,0
1097,0
1098,0
1099,0
1100,0
1101,0
1102,0
1103,0
1104,0
1105,0
1106,0
1107,0
1108,0
1109,0
1110,0
1111,0
1112,0
1113,0
1114,0
1115,0
1116,0
1117,0
1118,0
1119,0
1120,0
1121,0
1122,0
1123,0
1124,0
1125,0
1126,0
1127,0
1128,0
1129,0
1130,0
1131,0
1132,0
1133,0
1134,0
1135,0
1136,0
1137,0
1138,0
1139,0
1140,0
1141,0
1142,0
1143,0
1144,0
1145,0
1146,0
1147,0
1148,0
1149,0
1150,0
1151,0
1152,0
1153,0
1154,0
1155,0
1156,0
1157,0
1158,0
1159,0
1160,0
1161,0
1162,0
1163,0
1164,0
1165,0
1166,0
1167,0
1168,0
1169,0
1170,0
1171,0
1172,0
1173,0
1174,0
1175,0
1176,0
1177,0
1178,0
1179,0
1180,0
1181,0
1182,0
1183,0
1184,0
1185,0
1186,0
1187,0
1188,0
1189,0
1190,0
1191,0
1192,0
1193,0
1194,0
1195,0
1196,0
1197,0
1198,0
1199,0
1200,0
1201,0
1202,0
1203,0
1204,0
1205,0
1206,0
1207,0
1208,0
1209,0
1210,0
1211,0
1212,0
1213,0
1214,0
1215,0
1216,0
1217,0
1218,0
1219,0
1220,0
1221,0
1222,0
1223,0
1224,0
1225,0
1226,0
1227,0
1228,0
1229,0
1230,0
1231,0
1232,0
1233,0
1234,0
1235,0
1236,0
1237,0
1238,0
1239,0
1240,0
1241,0
1242,0
1243,0
1244,0
1245,0
1246,0
1247,0
1248,0
1249,0
1250,0
1251,0
1252,0
1253,0
1254,0
1255,0
1256,0
1257,0
1258,0
1259,0
1260,0
1261,0
1262,0
1263,0
1264,0
1265,0
1266,0
1267,0
1268,0
1269,0
1270,0
1271,0
1272,0
1273,0
1274,0
1275,0
1276,0
1277,0
1278,0
1279,0
1280,0
1281,0
1282,0
1283,0
1284,0
1285,0
1286,0
1287,0
1288,0
1289,0
1290,0
1291,0
1292,0
1293,0
1294,0
1295,0
1296,0
1297,0
1298,0
1299,0
1300,0
1301,0
1302,0
1303,0
1304,0
1305,0
1306,0
1307,0
1308,0
1309,0
1310,0
1311,0
1312,0
1313,0
1314,0
1315,0
1316,0
1317,0
1318,0
1319,0
1320,0
1321,0
1322,0
1323,0
1324,0
1325,0
1326,0
1327,0
1328,0
1329,0
1330,0
1331,0
1332,0
1333,0
1334,0
1335,0
1336,0
1337,0
1338,0
1339,0
1340,0
1341,0
1342,0
1343,0
1344,0
1345,0
1346,0
1347,0
1348,0
1349,0
1350,0
1351,0
1352,0
1353,0
1354,0
1355,0
1356,0
1357,0
1358,0
1359,0
1360,0
1361,0
1362,0
1363,0
1364,0
1365,0
1366,0
1367,0
1368,0
1369,0
1370,0
1371,0
1372,0
1373,0
1374,0
1375,0
1376,0
1377,0
1378,0
1379,0
1380,0
1381,0
1382,0
1383,0
1384,0
1385,0
1386,0
1387,0
1388,0
1389,0
1390,0
1391,0
1392,0
1393,0
1394,0
1395,0
1396,0
1397,0
1398,0
1399,0
1400,0
1401,0
1402,0
1403,0
1404,0
1405,0
1406,0
1407,0
1408,0
1409,0
1410,0
1411,0
1412,0
1413,0
1414,0
1415,0
1416,0
1417,0
1418,0
1419,0
1420,0
1421,0
1422,0
1423,0
1424,0
1425,0
1426,0
1427,0
1428,0
1429,0
1430,0
1431,0
1432,0
1433,0
1434,0
1435,0
1436,0
1437,0
1438,0
1439,0
1440,0
1441,0
1442,0
1443,0
1444,0
1445,0
1446,0
1447,0
1448,0
1449,0
1450,0
1451,0
1452,0
1453,0
1454,0
1455,0
1456,0
1457,0
1458,0
1459,0
1460,0
1461,0
1462,0
1463,0
1464,0
1465,0
1466,0
1467,0
1468,0
1469,0
1470,0
1471,0
1472,0
1473,0
1474,0
1475,0
1476,0
1477,0
1478,0
1479,0
1480,0
1481,0
1482,0
1483,0
1484,0
1485,0
1486,0
1487,0
1488,0
1489,0
1490,0
1491,0
1492,0
1493,0
1494,0
1495,0
1496,0
1497,0
1498,0
1499,0
1500,0
1501,0
1502,0
1503,0
1504,0
1505,0
1506,0
1507,0
1508,0
1509,0
1510,0
1511,0
1512,0
1513,0
1514,0
1515,0
1516,0
1517,0
1518,0
1519,0
1520,0
1521,0
1522,0
1523,0
1524,0
1525,0
1526,0
1527,0
1528,0
1529,0
1530,0
1531,0
1532,0
1533,0
1534,0
1535,0
1536,0
1537,0
1538,0
1539,0
1540,0
1541,0
1542,0
1543,0
1544,0
1545,0
1546,0
1547,0
1548,0
1549,0
1550,0
1551,0
1552,0
1553,0
1554,0
1555,0
1556,0
1557,0
1558,0
1559,0
1560,0
1561,0
1562,0
1563,0
1564,0
1565,0
1566,0
1567,0
1568,0
1569,0
1570,0
1571,0
1572,0
1573,0
1574,0
1575,0
1576,0
1577,0
1578,0
1579,0
1580,0
1581,0
1582,0
1583,0
1584,0
1585,0
1586,0
1587,0
1588,0
1589,0
1590,0
1591,0
1592,0
1593,0
1594,0
1595,0
1596,0
1597,0
1598,0
1599,0
1600,0
1601,0
1602,0
1603,0
1604,0
1605,0
1606,0
1607,0
1608,0
1609,0
1610,0
1611,0
1612,0
1613,0
1614,0
1615,0
1616,0
1617,0
1618,0
1619,0
1620,0
1621,0
1622,0
1623,0
1624,0
1625,0
1626,0
1627,0
1628,0
1629,0
1630,0
1631,0
1632,0
1633,0
1634,0
1635,0
1636,0
1637,0
1638,0
1639,0
1640,0
1641,0
1642,0
1643,0
1644,0
1645,0
1646,0
1647,0
1648,0
1649,0
1650,0
1651,0
1652,0
1653,0
1654,0
1655,0
1656,0
1657,0
1658,0
1659,0
1660,0
1661,0
1662,0
1663,0
1664,0
1665,0
1666,0
1667,0
1668,0
1669,0
1670,0
1671,0
1672,0
1673,0
1674,0
1675,0
1676,0
1677,0
1678,0
1679,0
1680,0
1681,0
1682,0
1683,0
1684,0
1685,0
1686,0
1687,0
1688,0
1689,0
1690,0
1691,0
1692,0
1693,0
1694,0
1695,0
1696,0
1697,0
1698,0
1699,0
1700,0
1701,0
1702,0
1703,0
1704,0
1705,0
1706,0
1707,0
1708,0
1709,0
1710,0
1711,0
1712,0
1713,0
1714,0
1715,0
1716,0
1717,0
1718,0
1719,0
1720,0
1721,0
1722,0
1723,0
1724,0
1725,0
1726,0
1727,0
1728,0
1729,0
1730,0
1731,0
1732,0
1733,0
1734,0
1735,0
1736,0
1737,0
1738,0
1739,0
1740,0
1741,0
1742,0
1743,0
1744,0
1745,0
1746,0
1747,0
1748,0
1749,0
1750,0
1751,0
1752,0
1753,0
1754,0
1755,0
1756,0
1757,0
1758,0
1759,0
1760,0
1761,0
1762,0
1763,0
1764,0
1765,0
1766,0
1767,0
1768,0
1769,0
1770,0
1771,0
1772,0
1773,0
1774,0
1775,0
1776,0
1777,0
1778,0
1779,0
1780,0
1781,0
1782,0
1783,0
1784,0
1785,0
1786,0
1787,0
1788,0
1789,0
1790,0
1791,0
1792,0
1793,0
1794,0
1795,0
1796,0
1797,0
1798,0
1799,0
1800,0
1801,0
1802,0
1803,0
1804,0
1805,0
1806,0
1807,0
1808,0
1809,0
1810,0
1811,0
1812,0
1813,0
1814,0
1815,0
1816,0
1817,0
1818,0
1819,0
1820,0
1821,0
1822,0
1823,0
1824,0
1825,0
1826,0
1827,0
1828,0
1829,0
1830,0
1831,0
1832,0
1833,0
1834,0
1835,0
1836,0
1837,0
1838,0
1839,0
1840,0
1841,0
1842,0
1843,0
1844,0
1845,0
1846,0
1847,0
1848,0
1849,0
1850,0
1851,0
1852,0
1853,0
1854,0
1855,0
1856,0
1857,0
1858,0
1859,0
1860,0
1861,0
1862,0
1863,0
1864,0
1865,0
1866,0
1867,0
1868,0
1869,0
1870,0
1871,0
1872,0
1873,0
1874,0
1875,0
1876,0
1877,0
1878,0
1879,0
1880,0
1881,0
1882,0
1883,0
1884,0
1885,0
1886,0
1887,0
1888,0
1889,0
1890,0
1891,0
1892,0
1893,0
1894,0
1895,0
1896,0
1897,0
1898,0
1899,0
1900,0
1901,0
1902,0
1903,0
1904,0
1905,0
1906,0
1907,0
1908,0
1909,0
1910,0
1911,0
1912,0
1913,0
1914,0
1915,0
1916,0
1917,0
1918,0
1919,0
1920,0
1921,0
1922,0
1923,0
1924,0
1925,0
1926,0
1927,0
1928,0
1929,0
1930,0
1931,0
1932,0
1933,0
1934,0
1935,0
1936,0
1937,0
1938,0
1939,0
1940,0
1941,0
1942,0
1943,0
1944,0
1945,0
1946,0
1947,0
1948,0
1949,0
1950,0
1951,0
1952,0
1953,0
1954,0
1955,0
1956,0
1957,0
1958,0
1959,0
1960,0
1961,0
1962,0
1963,0
1964,0
1965,0
1966,0
1967,0
1968,0
1969,0
1970,0
1971,0
1972,0
1973,0
1974,0
1975,0
1976,0
1977,0
1978,0
1979,0
1980,0
1981,0
1982,0
1983,0
1984,0
1985,0
1986,0
1987,0
1988,0
1989,0
1990,0
1991,0
1992,0
1993,0
1994,0
1995,0
1996,0
1997,0
1998,0
1999,0
2000,0
2001,0
2002,0
2003,0
2004,0
2005,0
2006,0
2007,0
2008,0
2009,0
2010,0
2011,0
2012,0
2013,0
2014,0
2015,0
2016,0
2017,0
2018,0
2019,0
2020,0
2021,0
2022,0
2023,0
2024,0
2025,0
2026,0
2027,0
2028,0
2029,0
2030,0
2031,0
2032,0
2033,0
2034,0
2035,0
2036,0
2037,0
2038,0
2039,0
2040,0
2041,0
2042,0
2043,0
2044,0
2045,0
2046,0
2047,0
2048,0
2049,0
2050,0
2051,0
2052,0
2053,0
2054,0
2055,0
2056,0
2057,0
2058,0
2059,0
2060,0
2061,0
2062,0
2063,0
2064,0
2065,0
2066,0
2067,0
2068,0
2069,0
2070,0
2071,0
2072,0
2073,0
2074,0
2075,0
2076,0
2077,0
2078,0
2079,0
2080,0
2081,0
2082,0
2083,0
2084,0
2085,0
2086,0
2087,0
2088,0
2089,0
2090,0
2091,0
2092,0
2093,0
2094,0
2095,0
2096,0
2097,0
2098,0
2099,0
2100,0
2101,0
2102,0
2103,0
2104,0
2105,0
2106,0
2107,0
2108,0
2109,0
2110,0
2111,0
2112,0
2113,0
2114,0
2115,0
2116,0
2117,0
2118,0
2119,0
2120,0
2121,0
2122,0
2123,0
2124,0
2125,0
2126,0
2127,0
2128,0
2129,0
2130,0
2131,0
2132,0
2133,0
2134,0
2135,0
2136,0
2137,0
2138,0
2139,0
2140,0
2141,0
2142,0
2143,0
2144,0
2145,0
2146,0
2147,0
2148,0
2149,0
2150,0
2151,0
2152,0
2153,0
2154,0
2155,0
2156,0
2157,0
2158,0
2159,0
2160,0
2161,0
2162,0
2163,0
2164,0
2165,0
2166,0
2167,0
2168,0
2169,0
2170,0
2171,0
2172,0
2173,0
2174,0
2175,0
2176,0
2177,0
2178,0
2179,0
2180,0
2181,0
2182,0
2183,0
2184,0
2185,0
2186,0
2187,0
2188,0
2189,0
2190,0
2191,0
2192,0
2193,0
2194,0
2195,0
2196,0
2197,0
2198,0
2199,0
2200,0
2201,0
2202,0
2203,0
2204,0
2205,0
2206,0
2207,0
2208,0
2209,0
2210,0
2211,0
2212,0
2213,0
2214,0
2215,0
2216,0
2217,0
2218,0
2219,0
2220,0
2221,0
2222,0
2223,0
2224,0
2225,0
2226,0
2227,0
2228,0
2229,0
2230,0
2231,0
2232,0
2233,0
2234,0
2235,0
2236,0
2237,0
2238,0
2239,0
2240,0
2241,0
2242,0
2243,0
2244,0
2245,0
2246,0
2247,0
2248,0
2249,0
2250,0
2251,0
2252,0
2253,0
2254,0
2255,0
2256,0
2257,0
2258,0
2259,0
2260,0
2261,0
2262,0
2263,0
2264,0
2265,0
2266,0
2267,0
2268,0
2269,0
2270,0
2271,0
2272,0
2273,0
2274,0
2275,0
2276,0
2277,0
2278,0
2279,0
2280,0
2281,0
2282,0
2283,0
2284,0
2285,0
2286,0
2287,0
2288,0
2289,0
2290,0
2291,0
2292,0
2293,0
2294,0
2295,0
2296,0
2297,0
2298,0
2299,0
2300,0
2301,0
2302,0
2303,0
2304,0
2305,0
2306,0
2307,0
2308,0
2309,0
2310,0
2311,0
2312,0
2313,0
2314,0
2315,0
2316,0
2317,0
2318,0
2319,0
2320,0
2321,0
2322,0
2323,0
2324,0
2325,0
2326,0
2327,0
2328,0
2329,0
2330,0
2331,0
2332,0
2333,0
2334,0
2335,0
2336,0
2337,0
2338,0
2339,0
2340,0
2341,0
2342,0
2343,0
2344,0
2345,0
2346,0
2347,0
2348,0
2349,0
2350,0
2351,0
2352,0
2353,0
2354,0
2355,0
2356,0
2357,0
2358,0
2359,0
2360,0
2361,0
2362,0
2363,0
2364,0
2365,0
2366,0
2367,0
2368,0
2369,0
2370,0
2371,0
2372,0
2373,0
2374,0
2375,0
2376,0
2377,0
2378,0
2379,0
2380,0
2381,0
2382,0
2383,0
2384,0
2385,0
2386,0
2387,0
2388,0
2389,0
2390,0
2391,0
2392,0
2393,0
2394,0
2395,0
2396,0
2397,0
2398,0
2399,0
2400,0
2401,0
2402,0
2403,0
2404,0
2405,0
2406,0
2407,0
2408,0
2409,0
2410,0
2411,0
2412,0
2413,0
2414,0
2415,0
2416,0
2417,0
2418,0
2419,0
2420,0
2421,0
2422,0
2423,0
2424,0
2425,0
2426,0
2427,0
2428,0
2429,0
2430,0
2431,0
2432,0
2433,0
2434,0
2435,0
2436,0
2437,0
2438,0
2439,0
2440,0
2441,0
2442,0
2443,0
2444,0
2445,0
2446,0
2447,0
2448,0
2449,0
2450,0
2451,0
2452,0
2453,0
2454,0
2455,0
2456,0
2457,0
2458,0
2459,0
2460,0
2461,0
2462,0
2463,0
2464,0
2465,0
2466,0
2467,0
2468,0
2469,0
2470,0
2471,0
2472,0
2473,0
2474,0
2475,0
2476,0
2477,0
2478,0
2479,0
2480,0
2481,0
2482,0
2483,0
2484,0
2485,0
2486,0
2487,0
2488,0
2489,0
2490,0
2491,0
2492,0
2493,0
2494,0
2495,0
2496,0
2497,0
2498,0
2499,0
2500,0
2501,0
2502,0
2503,0
2504,0
2505,0
2506,0
2507,0
2508,0
2509,0
2510,0
2511,0
2512,0
2513,0
2514,0
2515,0
2516,0
2517,0
2518,0
2519,0
2520,0
2521,0
2522,0
2523,0
2524,0
2525,0
2526,0
2527,0
2528,0
2529,0
2530,0
2531,0
2532,0
2533,0
2534,0
2535,0
2536,0
2537,0
2538,0
2539,0
2540,0
2541,0
2542,0
2543,0
2544,0
2545,0
2546,0
2547,0
2548,0
2549,0
2550,0
2551,0
2552,0
2553,0
2554,0
2555,0
2556,0
2557,0
2558,0
2559,0
2560,0
2561,0
2562,0
2563,0
2564,0
2565,0
2566,0
2567,0
2568,0
2569,0
2570,0
2571,0
2572,0
2573,0
2574,0
2575,0
2576,0
2577,0
2578,0
2579,0
2580,0
2581,0
2582,0
2583,0
2584,0
2585,0
2586,0
2587,0
2588,0
2589,0
2590,0
2591,0
2592,0
2593,0
2594,0
2595,0
2596,0
2597,0
2598,0
2599,0
2600,0
2601,0
2602,0
2603,0
2604,0
2605,0
2606,0
2607,0
2608,0
2609,0
2610,0
2611,0
2612,0
2613,0
2614,0
2615,0
2616,0
2617,0
2618,0
2619,0
2620,0
2621,0
2622,0
2623,0
2624,0
2625,0
2626,0
2627,0
2628,0
2629,0
2630,0
2631,-0.0028772
2632,-0.0058816
2633,-0.010346
2634,-0.012862
2635,-0.016825
2636,-0.027101
2637,-0.035567
2638,-0.043963
2639,-0.052994
2640,-0.065898
2641,-0.076521
2642,-0.0867
2643,-0.094792
2644,-0.10281
2645,-0.10958
2646,-0.11795
2647,-0.1324
2648,-0.14527
2649,-0.16325
2650,-0.18506
2651,-0.20978
2652,-0.23704
2653,-0.26361
2654,-0.29366
2655,-0.31998
2656,-0.34572
2657,-0.37444
2658,-0.40178
2659,-0.42685
2660,-0.44932
2661,-0.47208
2662,-0.49272
2663,-0.51164
2664,-0.5289
2665,-0.55039
2666,-0.56779
2667,-0.5885
2668,-0.61247
2669,-0.63299
2670,-0.65413
2671,-0.67585
2672,-0.69508
2673,-0.71392
2674,-0.73117
2675,-0.75103
2676,-0.7791
2677,-0.80414
2678,-0.82732
2679,-0.85109
2680,-0.87451
2681,-0.90048
2682,-0.92898
2683,-0.95643
2684,-0.98672
2685,-1.0156
2686,-1.0486
2687,-1.0815
2688,-1.1126
2689,-1.1414
2690,-1.1686
2691,-1.1972
2692,-1.2302
2693,-1.2628
2694,-1.2931
2695,-1.3297
2696,-1.3681
2697,-1.4075
2698,-1.4425
2699,-1.4751
2700,-1.5114
2701,-1.5498
2702,-1.5873
2703,-1.625
2704,-1.6636
2705,-1.7005
2706,-1.7369
2707,-1.7711
2708,-1.8078
2709,-1.8462
2710,-1.8841
2711,-1.9177
2712,-1.9477
2713,-1.9831
2714,-2.023
2715,-2.0672
2716,-2.1082
2717,-2.1539
2718,-2.1959
2719,-2.2367
2720,-2.2776
2721,-2.3165
2722,-2.361
2723,-2.4097
2724,-2.4583
2725,-2.5072
2726,-2.5535
2727,-2.6032
2728,-2.6542
2729,-2.7033
2730,-2.7502
2731,-2.7925
2732,-2.8399
2733,-2.887
2734,-2.9318
2735,-2.9833
2736,-3.0364
2737,-3.0932
2738,-3.1467
2739,-3.2006
2740,-3.2526
2741,-3.3059
2742,-3.3583
2743,-3.4079
2744,-3.4609
2745,-3.5121
2746,-3.5606
2747,-3.6135
2748,-3.6723
2749,-3.7399
2750,-3.8051
2751,-3.8822
2752,-3.9608
2753,-4.0367
2754,-4.1031
2755,-4.1788
2756,-4.2567
2757,-4.3305
2758,-4.4017
2759,-4.4712
2760,-4.5364
2761,-4.6016
2762,-4.666
2763,-4.7342
2764,-4.8043
2765,-4.8787
2766,-4.9551
2767,-5.0359
2768,-5.1168
2769,-5.2028
2770,-5.2836
2771,-5.3676
2772,-5.4551
2773,-5.5398
2774,-5.6258
2775,-5.7124
2776,-5.7879
2777,-5.8664
2778,-5.9497
2779,-6.0325
2780,-6.1073
2781,-6.1804
2782,-6.2543
2783,-6.334
2784,-6.4099
2785,-6.4999
2786,-6.5802
2787,-6.6531
2788,-6.7314
2789,-6.8115
2790,-6.8967
2791,-6.9823
2792,-7.0641
2793,-7.1487
2794,-7.2284
2795,-7.3079
2796,-7.3804
2797,-7.452
2798,-7.5258
2799,-7.5995
2800,-7.6716
2801,-7.7412
2802,-7.8101
2803,-7.8923
2804,-7.9741
2805,-8.0521
2806,-8.1341
2807,-8.2159
2808,-8.3013
2809,-8.3916
2810,-8.4722
2811,-8.5532
2812,-8.6322
2813,-8.7091
2814,-8.788
2815,-8.8663
2816,-8.9479
2817,-9.0323
2818,-9.1184
2819,-9.1981
2820,-9.2898
2821,-9.372
2822,-9.4554
2823,-9.5349
2824,-9.6159
2825,-9.6909
2826,-9.7712
2827,-9.8379
2828,-9.9033
2829,-9.9701
2830,-10.043
2831,-10.119
2832,-10.192
2833,-10.268
2834,-10.341
2835,-10.406
2836,-10.47
2837,-10.535
2838,-10.607
2839,-10.676
2840,-10.754
2841,-10.834
2842,-10.913
2843,-10.987
2844,-11.071
2845,-11.148
2846,-11.225
2847,-11.308
2848,-11.392
2849,-11.468
2850,-11.541
2851,-11.617
2852,-11.695
2853,-11.772
2854,-11.855
2855,-11.947
2856,-12.037
2857,-12.119
2858,-12.197
2859,-12.278
2860,-12.357
2861,-12.439
2862,-12.525
2863,-12.606
2864,-12.682
2865,-12.764
2866,-12.838
2867,-12.912
2868,-12.989
2869,-13.068
2870,-13.147
2871,-13.23
2872,-13.314
2873,-13.392
2874,-13.466
2875,-13.53
2876,-13.609
2877,-13.687
2878,-13.766
2879,-13.846
2880,-13.921
2881,-14.001
2882,-14.082
2883,-14.167
2884,-14.254
2885,-14.347
2886,-14.432
2887,-14.518
2888,-14.607
2889,-14.701
2890,-14.788
2891,-14.876
2892,-14.97
2893,-15.061
2894,-15.153
2895,-15.244
2896,-15.336
2897,-15.421
2898,-15.502
2899,-15.597
2900,-15.684
2901,-15.774
2902,-15.86
2903,-15.942
2904,-16.018
2905,-16.086
2906,-16.154
2907,-16.231
2908,-16.304
2909,-16.369
2910,-16.432
2911,-16.493
2912,-16.558
2913,-16.627
2914,-16.697
2915,-16.762
2916,-16.823
2917,-16.889
2918,-16.964
2919,-17.045
2920,-17.124
2921,-17.2
2922,-17.292
2923,-17.373
2924,-17.445
2925,-17.519
2926,-17.595
2927,-17.663
2928,-17.728
2929,-17.786
2930,-17.844
2931,-17.904
2932,-17.966
2933,-18.035
2934,-18.1
2935,-18.154
2936,-18.21
2937,-18.266
2938,-18.327
2939,-18.386
2940,-18.431
2941,-18.485
2942,-18.548
2943,-18.61
2944,-18.672
2945,-18.739
2946,-18.808
2947,-18.887
2948,-18.954
2949,-19.003
2950,-19.055
2951,-19.123
2952,-19.19
2953,-19.252
2954,-19.314
2955,-19.366
2956,-19.414
2957,-19.461
2958,-19.513
2959,-19.566
2960,-19.616
2961,-19.668
2962,-19.718
2963,-19.776
2964,-19.842
2965,-19.903
2966,-19.964
2967,-20.027
2968,-20.084
2969,-20.127
2970,-20.172
2971,-20.225
2972,-20.279
2973,-20.336
2974,-20.394
2975,-20.447
2976,-20.5
2977,-20.552
2978,-20.592
2979,-20.632
2980,-20.671
2981,-20.713
2982,-20.752
2983,-20.793
2984,-20.833
2985,-20.878
2986,-20.93
2987,-20.985
2988,-21.044
2989,-21.1
2990,-21.153
2991,-21.198
2992,-21.245
2993,-21.296
2994,-21.344
2995,-21.392
2996,-21.437
2997,-21.477
2998,-21.515
2999,-21.553
3000,-21.594
3001,-21.638
3002,-21.682
3003,-21.733
3004,-21.783
3005,-21.835
3006,-21.888
3007,-21.945
3008,-21.996
3009,-22.042
3010,-22.081
3011,-22.13
3012,-22.181
3013,-22.242
3014,-22.299
3015,-22.353
3016,-22.409
3017,-22.461
3018,-22.514
3019,-22.566
3020,-22.614
3021,-22.654
3022,-22.702
3023,-22.744
3024,-22.789
3025,-22.827
3026,-22.874
3027,-22.923
3028,-22.967
3029,-23.022
3030,-23.066
3031,-23.108
3032,-23.155
3033,-23.192
3034,-23.227
3035,-23.264
3036,-23.302
3037,-23.334
3038,-23.37
3039,-23.396
3040,-23.421
3041,-23.45
3042,-23.476
3043,-23.502
3044,-23.52
3045,-23.54
3046,-23.567
3047,-23.593
3048,-23.625
3049,-23.657
3050,-23.692
3051,-23.733
3052,-23.777
3053,-23.828
3054,-23.866
3055,-23.901
3056,-23.943
3057,-23.967
3058,-23.989
3059,-24.011
3060,-24.03
3061,-24.056
3062,-24.08
3063,-24.108
3064,-24.133
3065,-24.155
3066,-24.184
3067,-24.216
3068,-24.248
3069,-24.282
3070,-24.321
3071,-24.361
3072,-24.4
3073,-24.439
3074,-24.471
3075,-24.51
3076,-24.547
3077,-24.579
3078,-24.621
3079,-24.66
3080,-24.7
3081,-24.759
3082,-24.815
3083,-24.88
3084,-24.93
3085,-24.971
3086,-25.017
3087,-25.064
3088,-25.126
3089,-25.185
3090,-25.234
3091,-25.274
3092,-25.304
3093,-25.338
3094,-25.363
3095,-25.403
3096,-25.439
3097,-25.47
3098,-25.499
3099,-25.533
3100,-25.57
3101,-25.614
3102,-25.654
3103,-25.698
3104,-25.733
3105,-25.771
3106,-25.814
3107,-25.847
3108,-25.882
3109,-25.916
3110,-25.941
3111,-25.972
3112,-25.994
3113,-26.02
3114,-26.036
3115,-26.058
3116,-26.082
3117,-26.119
3118,-26.144
3119,-26.167
3120,-26.203
3121,-26.241
3122,-26.283
3123,-26.331
3124,-26.375
3125,-26.425
3126,-26.473
3127,-26.519
3128,-26.558
3129,-26.594
3130,-26.624
3131,-26.66
3132,-26.685
3133,-26.718
3134,-26.751
3135,-26.783
3136,-26.818
3137,-26.843
3138,-26.873
3139,-26.899
3140,-26.921
3141,-26.942
3142,-26.974
3143,-27.008
3144,-27.041
3145,-27.079
3146,-27.118
3147,-27.145
3148,-27.163
3149,-27.179
3150,-27.206
3151,-27.22
3152,-27.229
3153,-27.242
3154,-27.251
3155,-27.257
3156,-27.274
3157,-27.294
3158,-27.3
3159,-27.308
3160,-27.325
3161,-27.34
3162,-27.361
3163,-27.396
3164,-27.434
3165,-27.464
3166,-27.498
3167,-27.538
3168,-27.58
3169,-27.61
3170,-27.637
3171,-27.669
3172,-27.691
3173,-27.716
3174,-27.733
3175,-27.744
3176,-27.757
3177,-27.778
3178,-27.797
3179,-27.825
3180,-27.861
3181,-27.906
3182,-27.945
3183,-27.98
3184,-28.022
3185,-28.054
3186,-28.074
3187,-28.1
3188,-28.126
3189,-28.158
3190,-28.199
3191,-28.242
3192,-28.271
3193,-28.309
3194,-28.335
3195,-28.365
3196,-28.394
3197,-28.424
3198,-28.444
3199,-28.462
3200,-28.5
3201,-28.538
3202,-28.583
3203,-28.613
3204,-28.639
3205,-28.672
3206,-28.72
3207,-28.765
3208,-28.808
3209,-28.85
3210,-28.892
3211,-28.93
3212,-28.958
3213,-28.996
3214,-29.028
3215,-29.062
3216,-29.107
3217,-29.144
3218,-29.174
3219,-29.195
3220,-29.225
3221,-29.257
3222,-29.28
3223,-29.303
3224,-29.333
3225,-29.372
3226,-29.407
3227,-29.436
3228,-29.464
3229,-29.497
3230,-29.536
3231,-29.563
3232,-29.596
3233,-29.625
3234,-29.658
3235,-29.686
3236,-29.716
3237,-29.739
3238,-29.755
3239,-29.768
3240,-29.788
3241,-29.804
3242,-29.814
3243,-29.818
3244,-29.818
3245,-29.819
3246,-29.82
3247,-29.817
3248,-29.815
3249,-29.823
3250,-29.83
3251,-29.831
3252,-29.847
3253,-29.854
3254,-29.865
3255,-29.869
3256,-29.869
3257,-29.877
3258,-29.885
3259,-29.886
3260,-29.89
3261,-29.9
3262,-29.909
3263,-29.916
3264,-29.922
3265,-29.924
3266,-29.928
3267,-29.936
3268,-29.94
3269,-29.934
3270,-29.949
3271,-29.965
3272,-29.98
3273,-29.985
3274,-29.985
3275,-29.981
3276,-29.972
3277,-29.963
3278,-29.953
3279,-29.953
3280,-29.951
3281,-29.947
3282,-29.945
3283,-29.939
3284,-29.938
3285,-29.934
3286,-29.913
3287,-29.886
3288,-29.866
3289,-29.853
3290,-29.846
3291,-29.835
3292,-29.811
3293,-29.792
3294,-29.79
3295,-29.776
3296,-29.768
3297,-29.764
3298,-29.757
3299,-29.742
3300,-29.733
3301,-29.724
3302,-29.722
3303,-29.715
3304,-29.713
3305,-29.722
3306,-29.717
3307,-29.716
3308,-29.72
3309,-29.731
3310,-29.74
3311,-29.749
3312,-29.745
3313,-29.734
3314,-29.719
3315,-29.696
3316,-29.68
3317,-29.652
3318,-29.635
3319,-29.609
3320,-29.588
3321,-29.563
3322,-29.535
3323,-29.506
3324,-29.478
3325,-29.453
3326,-29.429
3327,-29.409
3328,-29.395
3329,-29.384
3330,-29.359
3331,-29.325
3332,-29.303
3333,-29.279
3334,-29.256
3335,-29.229
3336,-29.2
3337,-29.163
3338,-29.121
3339,-29.084
3340,-29.054
3341,-29.034
3342,-29.009
3343,-28.989
3344,-28.963
3345,-28.942
3346,-28.924
3347,-28.904
3348,-28.893
3349,-28.875
3350,-28.86
3351,-28.852
3352,-28.838
3353,-28.808
3354,-28.775
3355,-28.742
3356,-28.709
3357,-28.678
3358,-28.643
3359,-28.608
3360,-28.578
3361,-28.549
3362,-28.517
3363,-28.487
3364,-28.458
3365,-28.431
3366,-28.405
3367,-28.374
3368,-28.337
3369,-28.303
3370,-28.274
3371,-28.253
3372,-28.228
3373,-28.2
3374,-28.166
3375,-28.133
3376,-28.107
3377,-28.09
3378,-28.07
3379,-28.061
3380,-28.052
3381,-28.033
3382,-28.025
3383,-28.013
3384,-28.006
3385,-27.999
3386,-27.98
3387,-27.959
3388,-27.937
3389,-27.913
3390,-27.894
3391,-27.868
3392,-27.833
3393,-27.787
3394,-27.736
3395,-27.676
3396,-27.62
3397,-27.568
3398,-27.53
3399,-27.491
3400,-27.462
3401,-27.441
3402,-27.411
3403,-27.367
3404,-27.332
3405,-27.295
3406,-27.266
3407,-27.242
3408,-27.213
3409,-27.179
3410,-27.139
3411,-27.096
3412,-27.061
3413,-27.015
3414,-26.979
3415,-26.945
3416,-26.906
3417,-26.883
3418,-26.849
3419,-26.811
3420,-26.775
3421,-26.742
3422,-26.701
3423,-26.659
3424,-26.615
3425,-26.569
3426,-26.528
3427,-26.493
3428,-26.452
3429,-26.406
3430,-26.362
3431,-26.316
3432,-26.267
3433,-26.225
3434,-26.19
3435,-26.16
3436,-26.125
3437,-26.082
3438,-26.038
3439,-25.991
3440,-25.942
3441,-25.904
3442,-25.868
3443,-25.831
3444,-25.796
3445,-25.76
3446,-25.729
3447,-25.696
3448,-25.657
3449,-25.618
3450,-25.569
3451,-25.516
3452,-25.457
3453,-25.403
3454,-25.347
3455,-25.29
3456,-25.238
3457,-25.197
3458,-25.14
3459,-25.087
3460,-25.041
3461,-24.989
3462,-24.941
3463,-24.9
3464,-24.864
3465,-24.835
3466,-24.793
3467,-24.756
3468,-24.713
3469,-24.675
3470,-24.633
3471,-24.603
3472,-24.557
3473,-24.512
3474,-24.459
3475,-24.405
3476,-24.348
3477,-24.294
3478,-24.241
3479,-24.195
3480,-24.154
3481,-24.107
3482,-24.067
3483,-24.027
3484,-23.988
3485,-23.94
3486,-23.889
3487,-23.847
3488,-23.803
3489,-23.758
3490,-23.717
3491,-23.676
3492,-23.635
3493,-23.596
3494,-23.555
3495,-23.509
3496,-23.456
3497,-23.403
3498,-23.351
3499,-23.314
3500,-23.269
3501,-23.226
3502,-23.188
3503,-23.145
3504,-23.11
3505,-23.078
3506,-23.033
3507,-22.998
3508,-22.959
3509,-22.916
3510,-22.873
3511,-22.829
3512,-22.779
3513,-22.721
3514,-22.668
3515,-22.618
3516,-22.561
3517,-22.515
3518,-22.48
3519,-22.44
3520,-22.399
3521,-22.353
3522,-22.312
3523,-22.273
3524,-22.228
3525,-22.18
3526,-22.131
3527,-22.086
3528,-22.042
3529,-21.99
3530,-21.942
3531,-21.889
3532,-21.832
3533,-21.787
3534,-21.735
3535,-21.679
3536,-21.634
3537,-21.592
3538,-21.55
3539,-21.511
3540,-21.466
3541,-21.421
3542,-21.369
3543,-21.317
3544,-21.261
3545,-21.201
3546,-21.147
3547,-21.1
3548,-21.049
3549,-20.998
3550,-20.947
3551,-20.904
3552,-20.854
3553,-20.802
3554,-20.743
3555,-20.695
3556,-20.646
3557,-20.593
3558,-20.539
3559,-20.488
3560,-20.434
3561,-20.386
3562,-20.322
3563,-20.264
3564,-20.21
3565,-20.151
3566,-20.094
3567,-20.041
3568,-19.99
3569,-19.939
3570,-19.895
3571,-19.852
3572,-19.813
3573,-19.775
3574,-19.733
3575,-19.69
3576,-19.648
3577,-19.606
3578,-19.567
3579,-19.528
3580,-19.488
3581,-19.441
3582,-19.395
3583,-19.347
3584,-19.299
3585,-19.254
3586,-19.207
3587,-19.16
3588,-19.106
3589,-19.05
3590,-19.001
3591,-18.943
3592,-18.885
3593,-18.839
3594,-18.788
3595,-18.736
3596,-18.686
3597,-18.633
3598,-18.58
3599,-18.529
3600,-18.482
3601,-18.436
3602,-18.379
3603,-18.323
3604,-18.267
3605,-18.208
3606,-18.149
3607,-18.098
3608,-18.044
3609,-17.992
3610,-17.933
3611,-17.873
3612,-17.815
3613,-17.754
3614,-17.699
3615,-17.645
3616,-17.598
3617,-17.545
3618,-17.485
3619,-17.422
3620,-17.361
3621,-17.301
3622,-17.25
3623,-17.205
3624,-17.157
3625,-17.106
3626,-17.051
3627,-17.001
3628,-16.945
3629,-16.881
3630,-16.821
3631,-16.763
3632,-16.709
3633,-16.657
3634,-16.609
3635,-16.552
3636,-16.502
3637,-16.452
3638,-16.406
3639,-16.359
3640,-16.314
3641,-16.266
3642,-16.215
3643,-16.158
3644,-16.111
3645,-16.058
3646,-16.006
3647,-15.96
3648,-15.916
3649,-15.874
3650,-15.828
3651,-15.779
3652,-15.728
3653,-15.676
3654,-15.624
3655,-15.565
3656,-15.509
3657,-15.451
3658,-15.388
3659,-15.325
3660,-15.268
3661,-15.211
3662,-15.155
3663,-15.103
3664,-15.046
3665,-14.993
3666,-14.944
3667,-14.894
3668,-14.831
3669,-14.772
3670,-14.714
3671,-14.661
3672,-14.6
3673,-14.552
3674,-14.505
3675,-14.456
3676,-14.403
3677,-14.354
3678,-14.306
3679,-14.257
3680,-14.203
3681,-14.146
3682,-14.081
3683,-14.024
3684,-13.981
3685,-13.937
3686,-13.889
3687,-13.83
3688,-13.778
3689,-13.727
3690,-13.665
3691,-13.605
3692,-13.545
3693,-13.504
3694,-13.46
3695,-13.411
3696,-13.363
3697,-13.317
3698,-13.278
3699,-13.237
3700,-13.196
3701,-13.145
3702,-13.098
3703,-13.057
3704,-13.01
3705,-12.956
3706,-12.904
3707,-12.855
3708,-12.818
3709,-12.777
3710,-12.737
3711,-12.695
3712,-12.651
3713,-12.611
3714,-12.573
3715,-12.525
3716,-12.478
3717,-12.431
3718,-12.397
3719,-12.365
3720,-12.331
3721,-12.296
3722,-12.265
3723,-12.223
3724,-12.186
3725,-12.153
3726,-12.112
3727,-12.073
3728,-12.036
3729,-11.993
3730,-11.945
3731,-11.9
3732,-11.855
3733,-11.806
3734,-11.746
3735,-11.677
3736,-11.619
3737,-11.56
3738,-11.498
3739,-11.44
3740,-11.382
3741,-11.33
3742,-11.28
3743,-11.225
3744,-11.166
3745,-11.11
3746,-11.052
3747,-10.993
3748,-10.935
3749,-10.873
3750,-10.819
3751,-10.77
3752,-10.725
3753,-10.681
3754,-10.639
3755,-10.594
3756,-10.55
3757,-10.503
3758,-10.464
3759,-10.421
3760,-10.376
3761,-10.331
3762,-10.284
3763,-10.238
3764,-10.19
3765,-10.14
3766,-10.099
3767,-10.056
3768,-10.013
3769,-9.9685
3770,-9.9209
3771,-9.8717
3772,-9.8083
3773,-9.75
3774,-9.6941
3775,-9.645
3776,-9.595
3777,-9.5449
3778,-9.4851
3779,-9.4278
3780,-9.3729
3781,-9.3188
3782,-9.2745
3783,-9.2324
3784,-9.1898
3785,-9.1415
3786,-9.0956
3787,-9.0466
3788,-9.0098
3789,-8.9674
3790,-8.926
3791,-8.8765
3792,-8.821
3793,-8.7681
3794,-8.7206
3795,-8.673
3796,-8.6304
3797,-8.5817
3798,-8.5325
3799,-8.4857
3800,-8.4443
3801,-8.4045
3802,-8.3515
3803,-8.3054
3804,-8.2595
3805,-8.2093
3806,-8.1584
3807,-8.1087
3808,-8.0663
3809,-8.016
3810,-7.9675
3811,-7.9206
3812,-7.8732
3813,-7.8333
3814,-7.7883
3815,-7.7401
3816,-7.6914
3817,-7.6431
3818,-7.5882
3819,-7.5342
3820,-7.4839
3821,-7.4383
3822,-7.3875
3823,-7.3293
3824,-7.2702
3825,-7.2165
3826,-7.1596
3827,-7.1014
3828,-7.0525
3829,-7.0141
3830,-6.9687
3831,-6.9175
3832,-6.8704
3833,-6.8267
3834,-6.7795
3835,-6.7409
3836,-6.7015
3837,-6.6666
3838,-6.6201
3839,-6.5716
3840,-6.5292
3841,-6.4922
3842,-6.4603
3843,-6.4259
3844,-6.3893
3845,-6.3562
3846,-6.321
3847,-6.2761
3848,-6.2249
3849,-6.1799
3850,-6.1286
3851,-6.0795
3852,-6.027
3853,-5.9779
3854,-5.9335
3855,-5.8911
3856,-5.8519
3857,-5.8104
3858,-5.7635
3859,-5.7244
3860,-5.6891
3861,-5.6427
3862,-5.6003
3863,-5.5614
3864,-5.5244
3865,-5.4812
3866,-5.4356
3867,-5.3952
3868,-5.3543
3869,-5.3105
3870,-5.2738
3871,-5.2348
3872,-5.1998
3873,-5.1589
3874,-5.1164
3875,-5.0737
3876,-5.0241
3877,-4.9732
3878,-4.9226
3879,-4.8831
3880,-4.8386
3881,-4.796
3882,-4.7506
3883,-4.7047
3884,-4.6632
3885,-4.6277
3886,-4.5943
3887,-4.5574
3888,-4.5174
3889,-4.4756
3890,-4.4358
3891,-4.3998
3892,-4.3628
3893,-4.3187
3894,-4.2852
3895,-4.2544
3896,-4.2186
3897,-4.1752
3898,-4.1277
3899,-4.0842
3900,-4.0473
3901,-4.0098
3902,-3.9758
3903,-3.943
3904,-3.9106
3905,-3.8768
3906,-3.8271
3907,-3.7772
3908,-3.7291
3909,-3.6863
3910,-3.6394
3911,-3.5925
3912,-3.5469
3913,-3.5025
3914,-3.4534
3915,-3.4045
3916,-3.3618
3917,-3.3271
3918,-3.2892
3919,-3.2467
3920,-3.2038
3921,-3.1678
3922,-3.1366
3923,-3.0984
3924,-3.0593
3925,-3.0251
3926,-2.9949
3927,-2.9662
3928,-2.9311
3929,-2.8928
3930,-2.8533
3931,-2.8115
3932,-2.7727
3933,-2.7342
3934,-2.6971
3935,-2.6578
3936,-2.6255
3937,-2.5907
3938,-2.5546
3939,-2.5233
3940,-2.4903
3941,-2.4525
3942,-2.4163
3943,-2.3793
3944,-2.3435
3945,-2.3062
3946,-2.268
3947,-2.2295
3948,-2.1815
3949,-2.1368
3950,-2.0886
3951,-2.0412
3952,-1.9899
3953,-1.9491
3954,-1.9132
3955,-1.8732
3956,-1.8287
3957,-1.7856
3958,-1.7423
3959,-1.7071
3960,-1.6746
3961,-1.6358
3962,-1.5974
3963,-1.5539
3964,-1.5134
3965,-1.4725
3966,-1.4293
3967,-1.3853
3968,-1.3436
3969,-1.2993
3970,-1.2545
3971,-1.211
3972,-1.1681
3973,-1.1309
3974,-1.093
3975,-1.0506
3976,-1.0092
3977,-0.97239
3978,-0.93987
3979,-0.90087
3980,-0.87662
3981,-0.83954
3982,-0.80755
3983,-0.77252
3984,-0.73455
3985,-0.69082
3986,-0.64683
3987,-0.60075
3988,-0.56377
3989,-0.53442
3990,-0.5035
3991,-0.46589
3992,-0.42396
3993,-0.38223
3994,-0.34391
3995,-0.30412
3996,-0.26401
3997,-0.22224
3998,-0.17922
3999,-0.13078
4000,-0.086624
4001,-0.043739
4002,-0.0031992
4003,0.029249
4004,0.055637
4005,0.08589
4006,0.11887
4007,0.14831
4008,0.18566
4009,0.22186
4010,0.26162
4011,0.30123
4012,0.34361
4013,0.37503
4014,0.40333
4015,0.43383
4016,0.46696
4017,0.50327
4018,0.54522
4019,0.5782
4020,0.61502
4021,0.65573
4022,0.69732
4023,0.73662
4024,0.76982
4025,0.80191
4026,0.83128
4027,0.86735
4028,0.90892
4029,0.94496
4030,0.98989
4031,1.0279
4032,1.0635
4033,1.1001
4034,1.1354
4035,1.1664
4036,1.1968
4037,1.2315
4038,1.2703
4039,1.3071
4040,1.3476
4041,1.3806
4042,1.4128
4043,1.4495
4044,1.4863
4045,1.5256
4046,1.5576
4047,1.59
4048,1.6159
4049,1.6416
4050,1.6764
4051,1.7066
4052,1.7358
4053,1.7597
4054,1.7908
4055,1.8218
4056,1.8562
4057,1.8907
4058,1.9254
4059,1.9591
4060,1.9863
4061,2.0076
4062,2.0385
4063,2.0755
4064,2.1055
4065,2.1366
4066,2.1676
4067,2.1941
4068,2.218
4069,2.2486
4070,2.2838
4071,2.3237
4072,2.3587
4073,2.3964
4074,2.4389
4075,2.4761
4076,2.5135
4077,2.5489
4078,2.5865
4079,2.6202
4080,2.6479
4081,2.6754
4082,2.71
4083,2.7411
4084,2.7707
4085,2.8059
4086,2.8337
4087,2.8565
4088,2.8744
4089,2.8892
4090,2.9153
4091,2.9453
4092,2.9732
4093,3.0008
4094,3.0333
4095,3.0615
4096,3.0928
4097,3.1241
4098,3.1518
4099,3.1719
4100,3.1928
4101,3.2218
4102,3.2517
4103,3.2829
4104,3.32
4105,3.3553
4106,3.3824
4107,3.4157
4108,3.4574
4109,3.4905
4110,3.5229
4111,3.5559
4112,3.5831
4113,3.6143
4114,3.6442
4115,3.6797
4116,3.7096
4117,3.7303
4118,3.7536
4119,3.7785
4120,3.8167
4121,3.8533
4122,3.8844
4123,3.9144
4124,3.9544
4125,3.9865
4126,4.0173
4127,4.0523
4128,4.0859
4129,4.1247
4130,4.1734
4131,4.2187
4132,4.2631
4133,4.3023
4134,4.3347
4135,4.3698
4136,4.4053
4137,4.4425
4138,4.4797
4139,4.5171
4140,4.5535
4141,4.5832
4142,4.6088
4143,4.6366
4144,4.6663
4145,4.6962
4146,4.7283
4147,4.7535
4148,4.7825
4149,4.8031
4150,4.8293
4151,4.8613
4152,4.8942
4153,4.9241
4154,4.9588
4155,4.9916
4156,5.0196
4157,5.0428
4158,5.0714
4159,5.0957
4160,5.1221
4161,5.1508
4162,5.1794
4163,5.2046
4164,5.2294
4165,5.2526
4166,5.2757
4167,5.3011
4168,5.3244
4169,5.3514
4170,5.3792
4171,5.404
4172,5.4302
4173,5.4529
4174,5.4762
4175,5.4973
4176,5.5129
4177,5.5321
4178,5.551
4179,5.5622
4180,5.5727
4181,5.5793
4182,5.6005
4183,5.6253
4184,5.6499
4185,5.6768
4186,5.7057
4187,5.7311
4188,5.7573
4189,5.7817
4190,5.8068
4191,5.8339
4192,5.8569
4193,5.8869
4194,5.9068
4195,5.9298
4196,5.951
4197,5.9724
4198,5.9899
4199,6.009
4200,6.0283
4201,6.0435
4202,6.0556
4203,6.0747
4204,6.0969
4205,6.116
4206,6.1349
4207,6.1488
4208,6.1639
4209,6.1834
4210,6.2011
4211,6.2219
4212,6.2398
4213,6.26
4214,6.2787
4215,6.2944
4216,6.3119
4217,6.3285
4218,6.3438
4219,6.3616
4220,6.3814
4221,6.3998
4222,6.414
4223,6.4263
4224,6.4366
4225,6.45
4226,6.4645
4227,6.482
4228,6.5033
4229,6.5304
4230,6.5528
4231,6.577
4232,6.6014
4233,6.6186
4234,6.6369
4235,6.6527
4236,6.6686
4237,6.6891
4238,6.7111
4239,6.7332
4240,6.7634
4241,6.7985
4242,6.8275
4243,6.8623
4244,6.8855
4245,6.911
4246,6.9436
4247,6.9797
4248,7.0119
4249,7.0497
4250,7.0877
4251,7.125
4252,7.1554
4253,7.1853
4254,7.2171
4255,7.2447
4256,7.2724
4257,7.2973
4258,7.3296
4259,7.36
4260,7.3825
4261,7.4031
4262,7.424
4263,7.4524
4264,7.4813
4265,7.5097
4266,7.5328
4267,7.5557
4268,7.5751
4269,7.593
4270,7.6075
4271,7.6201
4272,7.6375
4273,7.66
4274,7.6764
4275,7.6924
4276,7.7086
4277,7.7253
4278,7.737
4279,7.748
4280,7.764
4281,7.7847
4282,7.8045
4283,7.823
4284,7.8364
4285,7.8521
4286,7.866
4287,7.8851
4288,7.9012
4289,7.9217
4290,7.943
4291,7.966
4292,7.9889
4293,8.0141
4294,8.0385
4295,8.0583
4296,8.0809
4297,8.099
4298,8.1169
4299,8.1348
4300,8.1556
4301,8.1835
4302,8.2013
4303,8.2138
4304,8.2399
4305,8.2635
4306,8.283
4307,8.2991
4308,8.3184
4309,8.3373
4310,8.3593
4311,8.3815
4312,8.4054
4313,8.4281
4314,8.4473
4315,8.4655
4316,8.4896
4317,8.5118
4318,8.5301
4319,8.545
4320,8.5514
4321,8.5593
4322,8.5673
4323,8.5728
4324,8.583
4325,8.6001
4326,8.6205
4327,8.6368
4328,8.6567
4329,8.6749
4330,8.6973
4331,8.7193
4332,8.7413
4333,8.7612
4334,8.7872
4335,8.8064
4336,8.8207
4337,8.8371
4338,8.8596
4339,8.8829
4340,8.9023
4341,8.9199
4342,8.9376
4343,8.9572
4344,8.9731
4345,8.9865
4346,9
4347,9.0165
4348,9.0284
4349,9.0406
4350,9.0524
4351,9.0682
4352,9.0841
4353,9.0925
4354,9.0981
4355,9.1058
4356,9.1097
4357,9.1183
4358,9.1294
4359,9.1457
4360,9.1603
4361,9.1742
4362,9.191
4363,9.2026
4364,9.2166
4365,9.2295
4366,9.2443
4367,9.2606
4368,9.2753
4369,9.2845
4370,9.2967
4371,9.3065
4372,9.3086
4373,9.3171
4374,9.3282
4375,9.3399
4376,9.356
4377,9.3692
4378,9.3848
4379,9.3941
4380,9.4084
4381,9.4198
4382,9.4325
4383,9.4453
4384,9.4547
4385,9.4692
4386,9.4801
4387,9.4914
4388,9.5035
4389,9.5119
4390,9.5236
4391,9.528
4392,9.5318
4393,9.5399
4394,9.5548
4395,9.5699
4396,9.5853
4397,9.6005
4398,9.6086
4399,9.6159
4400,9.6245
4401,9.6297
4402,9.6376
4403,9.6491
4404,9.664
4405,9.6772
4406,9.6906
4407,9.7142
4408,9.7381
4409,9.7584
4410,9.7772
4411,9.7936
4412,9.8084
4413,9.829
4414,9.8483
4415,9.8635
4416,9.8832
4417,9.8994
4418,9.9263
4419,9.9464
4420,9.9597
4421,9.9695
4422,9.9774
4423,9.9865
4424,9.9989
4425,10.016
4426,10.033
4427,10.05
4428,10.059
4429,10.071
4430,10.084
4431,10.098
4432,10.112
4433,10.123
4434,10.132
4435,10.136
4436,10.142
4437,10.141
4438,10.144
4439,10.153
4440,10.162
4441,10.169
4442,10.176
4443,10.179
4444,10.179
4445,10.182
4446,10.182
4447,10.186
4448,10.191
4449,10.2
4450,10.202
4451,10.201
4452,10.204
4453,10.208
4454,10.211
4455,10.216
4456,10.216
4457,10.221
4458,10.229
4459,10.243
4460,10.254
4461,10.268
4462,10.284
4463,10.302
4464,10.318
4465,10.33
4466,10.342
4467,10.354
4468,10.366
4469,10.375
4470,10.384
4471,10.392
4472,10.398
4473,10.408
4474,10.42
4475,10.433
4476,10.441
4477,10.445
4478,10.449
4479,10.449
4480,10.458
4481,10.464
4482,10.476
4483,10.488
4484,10.493
4485,10.502
4486,10.519
4487,10.537
4488,10.551
4489,10.563
4490,10.576
4491,10.589
4492,10.607
4493,10.612
4494,10.62
4495,10.628
4496,10.633
4497,10.635
4498,10.64
4499,10.647
4500,10.65
4501,10.657
4502,10.665
4503,10.669
4504,10.671
4505,10.683
4506,10.691
4507,10.699
4508,10.714
4509,10.727
4510,10.735
4511,10.747
4512,10.761
4513,10.768
4514,10.772
4515,10.776
4516,10.78
4517,10.786
4518,10.79
4519,10.791
4520,10.793
4521,10.792
4522,10.795
4523,10.803
4524,10.804
4525,10.804
4526,10.814
4527,10.827
4528,10.841
4529,10.849
4530,10.857
4531,10.867
4532,10.875
4533,10.881
4534,10.887
4535,10.893
4536,10.897
4537,10.901
4538,10.902
4539,10.899
4540,10.904
4541,10.907
4542,10.915
4543,10.914
4544,10.922
4545,10.935
4546,10.944
4547,10.952
4548,10.961
4549,10.969
4550,10.972
4551,10.977
4552,10.986
4553,11.003
4554,11.016
4555,11.033
4556,11.052
4557,11.067
4558,11.082
4559,11.093
4560,11.102
4561,11.114
4562,11.125
4563,11.139
4564,11.153
4565,11.169
4566,11.187
4567,11.204
4568,11.216
4569,11.226
4570,11.241
4571,11.251
4572,11.265
4573,11.279
4574,11.295
4575,11.306
4576,11.316
4577,11.325
4578,11.335
4579,11.341
4580,11.348
4581,11.359
4582,11.363
4583,11.367
4584,11.368
4585,11.369
4586,11.37
4587,11.372
4588,11.374
4589,11.378
4590,11.386
4591,11.393
4592,11.401
4593,11.405
4594,11.411
4595,11.421
4596,11.426
4597,11.431
4598,11.438
4599,11.445
4600,11.452
4601,11.461
4602,11.475
4603,11.49
4604,11.503
4605,11.514
4606,11.523
4607,11.528
4608,11.542
4609,11.555
4610,11.575
4611,11.591
4612,11.601
4613,11.614
4614,11.624
4615,11.631
4616,11.642
4617,11.651
4618,11.659
4619,11.668
4620,11.67
4621,11.671
4622,11.674
4623,11.672
4624,11.669
4625,11.674
4626,11.684
4627,11.697
4628,11.713
4629,11.719
4630,11.729
4631,11.736
4632,11.746
4633,11.759
4634,11.771
4635,11.782
4636,11.796
4637,11.808
4638,11.818
4639,11.832
4640,11.844
4641,11.849
4642,11.854
4643,11.859
4644,11.863
4645,11.865
4646,11.872
4647,11.877
4648,11.884
4649,11.895
4650,11.906
4651,11.92
4652,11.93
4653,11.94
4654,11.946
4655,11.955
4656,11.965
4657,11.982
4658,11.994
4659,12.004
4660,12.013
4661,12.018
4662,12.021
4663,12.024
4664,12.03
4665,12.032
4666,12.033
4667,12.031
4668,12.031
4669,12.026
4670,12.023
4671,12.025
4672,12.028
4673,12.037
4674,12.05
4675,12.064
4676,12.079
4677,12.088
4678,12.1
4679,12.117
4680,12.135
4681,12.147
4682,12.163
4683,12.168
4684,12.177
4685,12.181
4686,12.188
4687,12.194
4688,12.202
4689,12.211
4690,12.221
4691,12.226
4692,12.229
4693,12.239
4694,12.247
4695,12.255
4696,12.264
4697,12.272
4698,12.285
4699,12.302
4700,12.314
4701,12.323
4702,12.335
4703,12.345
4704,12.352
4705,12.357
4706,12.355
4707,12.358
4708,12.363
4709,12.37
4710,12.373
4711,12.379
4712,12.395
4713,12.406
4714,12.414
4715,12.423
4716,12.432
4717,12.44
4718,12.448
4719,12.461
4720,12.472
4721,12.485
4722,12.491
4723,12.497
4724,12.502
4725,12.505
4726,12.512
4727,12.522
4728,12.53
4729,12.536
4730,12.546
4731,12.552
4732,12.567
4733,12.579
4734,12.594
4735,12.61
4736,12.624
4737,12.636
4738,12.644
4739,12.65
4740,12.652
4741,12.659
4742,12.662
4743,12.672
4744,12.673
4745,12.676
4746,12.672
4747,12.666
4748,12.663
4749,12.663
4750,12.666
4751,12.672
4752,12.682
4753,12.687
4754,12.691
4755,12.698
4756,12.699
4757,12.702
4758,12.703
4759,12.705
4760,12.707
4761,12.706
4762,12.711
4763,12.714
4764,12.715
4765,12.718
4766,12.724
4767,12.729
4768,12.739
4769,12.75
4770,12.756
4771,12.758
4772,12.762
4773,12.763
4774,12.766
4775,12.767
4776,12.77
4777,12.776
4778,12.785
4779,12.798
4780,12.808
4781,12.814
4782,12.82
4783,12.831
4784,12.842
4785,12.849
4786,12.853
4787,12.853
4788,12.854
4789,12.852
4790,12.851
4791,12.845
4792,12.839
4793,12.838
4794,12.843
4795,12.848
4796,12.856
4797,12.863
4798,12.871
4799,12.873
4800,12.87
4801,12.871
4802,12.875
4803,12.874
4804,12.876
4805,12.871
4806,12.87
4807,12.867
4808,12.862
4809,12.861
4810,12.863
4811,12.868
4812,12.87
4813,12.87
4814,12.869
4815,12.872
4816,12.88
4817,12.883
4818,12.888
4819,12.889
4820,12.895
4821,12.9
4822,12.908
4823,12.91
4824,12.91
4825,12.916
4826,12.922
4827,12.936
4828,12.954
4829,12.975
4830,12.989
4831,12.997
4832,13.003
4833,13.004
4834,13.008
4835,13.008
4836,13.016
4837,13.027
4838,13.031
4839,13.034
4840,13.034
4841,13.038
4842,13.039
4843,13.041
4844,13.04
4845,13.037
4846,13.037
4847,13.035
4848,13.027
4849,13.024
4850,13.028
4851,13.031
4852,13.035
4853,13.045
4854,13.059
4855,13.071
4856,13.084
4857,13.102
4858,13.112
4859,13.122
4860,13.132
4861,13.141
4862,13.145
4863,13.149
4864,13.153
4865,13.158
4866,13.161
4867,13.167
4868,13.176
4869,13.181
4870,13.187
4871,13.198
4872,13.204
4873,13.208
4874,13.212
4875,13.216
4876,13.218
4877,13.216
4878,13.212
4879,13.209
4880,13.206
4881,13.206
4882,13.206
4883,13.206
4884,13.213
4885,13.219
4886,13.223
4887,13.231
4888,13.242
4889,13.257
4890,13.27
4891,13.278
4892,13.286
4893,13.29
4894,13.297
4895,13.302
4896,13.304
4897,13.305
4898,13.311
4899,13.317
4900,13.323
4901,13.325
4902,13.332
4903,13.342
4904,13.353
4905,13.361
4906,13.365
4907,13.379
4908,13.394
4909,13.403
4910,13.414
4911,13.421
4912,13.429
4913,13.439
4914,13.453
4915,13.469
4916,13.475
4917,13.481
4918,13.486
4919,13.49
4920,13.493
4921,13.499
4922,13.506
4923,13.518
4924,13.525
4925,13.533
4926,13.531
4927,13.534
4928,13.536
4929,13.537
4930,13.546
4931,13.551
4932,13.564
4933,13.577
4934,13.592
4935,13.606
4936,13.621
4937,13.635
4938,13.649
4939,13.663
4940,13.679
4941,13.693
4942,13.703
4943,13.708
4944,13.716
4945,13.719
4946,13.719
4947,13.717
4948,13.716
4949,13.713
4950,13.709
4951,13.711
4952,13.711
4953,13.719
4954,13.729
4955,13.742
4956,13.75
4957,13.758
4958,13.765
4959,13.772
4960,13.775
4961,13.786
4962,13.793
4963,13.797
4964,13.801
4965,13.805
4966,13.812
4967,13.817
4968,13.827
4969,13.828
4970,13.829
4971,13.833
4972,13.833
4973,13.844
4974,13.856
4975,13.865
4976,13.873
4977,13.879
4978,13.885
4979,13.888
4980,13.887
4981,13.89
4982,13.894
4983,13.903
4984,13.908
4985,13.909
4986,13.915
4987,13.92
4988,13.926
4989,13.926
4990,13.923
4991,13.922
4992,13.928
4993,13.934
4994,13.944
4995,13.952
4996,13.959
4997,13.965
4998,13.976
4999,13.987
5000,13.999
5001,14.004
5002,14.004
5003,14.007
5004,14.006
5005,14.013
5006,14.024
5007,14.034
5008,14.038
5009,14.037
5010,14.047
5011,14.058
5012,14.064
5013,14.073
5014,14.082
5015,14.094
5016,14.112
5017,14.123
5018,14.134
5019,14.147
5020,14.158
5021,14.168
5022,14.172
5023,14.175
5024,14.178
5025,14.185
5026,14.197
5027,14.212
5028,14.229
5029,14.246
5030,14.261
5031,14.271
5032,14.284
5033,14.297
5034,14.309
5035,14.321
5036,14.329
5037,14.333
5038,14.34
5039,14.341
5040,14.342
5041,14.35
5042,14.359
5043,14.368
5044,14.374
5045,14.389
5046,14.405
5047,14.414
5048,14.423
5049,14.437
5050,14.448
5051,14.458
5052,14.467
5053,14.477
5054,14.488
5055,14.498
5056,14.51
5057,14.518
5058,14.529
5059,14.544
5060,14.556
5061,14.571
5062,14.586
5063,14.604
5064,14.624
5065,14.644
5066,14.667
5067,14.685
5068,14.698
5069,14.708
5070,14.717
5071,14.728
5072,14.737
5073,14.744
5074,14.752
5075,14.757
5076,14.769
5077,14.779
5078,14.785
5079,14.788
5080,14.795
5081,14.804
5082,14.814
5083,14.818
5084,14.825
5085,14.836
5086,14.853
5087,14.871
5088,14.881
5089,14.889
5090,14.893
5091,14.891
5092,14.892
5093,14.89
5094,14.893
5095,14.898
5096,14.902
5097,14.91
5098,14.915
5099,14.918
5100,14.922
5101,14.925
5102,14.926
5103,14.925
5104,14.928
5105,14.935
5106,14.938
5107,14.947
5108,14.955
5109,14.967
5110,14.984
5111,14.993
5112,15.002
5113,15.01
5114,15.018
5115,15.025
5116,15.029
5117,15.034
5118,15.037
5119,15.044
5120,15.05
5121,15.054
5122,15.061
5123,15.068
5124,15.071
5125,15.079
5126,15.083
5127,15.083
5128,15.084
5129,15.083
5130,15.088
5131,15.094
5132,15.097
5133,15.102
5134,15.106
5135,15.111
5136,15.118
5137,15.126
5138,15.135
5139,15.144
5140,15.148
5141,15.153
5142,15.163
5143,15.179
5144,15.197
5145,15.207
5146,15.212
5147,15.212
5148,15.214
5149,15.217
5150,15.229
5151,15.242
5152,15.25
5153,15.264
5154,15.267
5155,15.273
5156,15.277
5157,15.286
5158,15.295
5159,15.301
5160,15.307
5161,15.31
5162,15.316
5163,15.325
5164,15.332
5165,15.343
5166,15.354
5167,15.364
5168,15.374
5169,15.38
5170,15.383
5171,15.392
5172,15.402
5173,15.414
5174,15.421
5175,15.425
5176,15.432
5177,15.437
5178,15.442
5179,15.442
5180,15.44
5181,15.439
5182,15.444
5183,15.444
5184,15.443
5185,15.448
5186,15.448
5187,15.449
5188,15.451
5189,15.453
5190,15.452
5191,15.449
5192,15.44
5193,15.434
5194,15.43
5195,15.432
5196,15.436
5197,15.439
5198,15.45
5199,15.459
5200,15.466
5201,15.472
5202,15.481
5203,15.49
5204,15.5
5205,15.51
5206,15.523
5207,15.527
5208,15.531
5209,15.533
5210,15.539
5211,15.545
5212,15.549
5213,15.548
5214,15.55
5215,15.549
5216,15.549
5217,15.554
5218,15.563
5219,15.571
5220,15.576
5221,15.583
5222,15.593
5223,15.602
5224,15.61
5225,15.613
5226,15.615
5227,15.619
5228,15.623
5229,15.627
5230,15.631
5231,15.64
5232,15.652
5233,15.66
5234,15.667
5235,15.674
5236,15.683
5237,15.687
5238,15.699
5239,15.713
5240,15.726
5241,15.736
5242,15.746
5243,15.754
5244,15.762
5245,15.765
5246,15.768
5247,15.78
5248,15.798
5249,15.813
5250,15.825
5251,15.834
5252,15.842
5253,15.844
5254,15.842
5255,15.842
5256,15.851
5257,15.854
5258,15.86
5259,15.866
5260,15.872
5261,15.887
5262,15.903
5263,15.919
5264,15.93
5265,15.94
5266,15.948
5267,15.954
5268,15.959
5269,15.96
5270,15.967
5271,15.978
5272,15.993
5273,16.001
5274,16.007
5275,16.023
5276,16.041
5277,16.053
5278,16.066
5279,16.072
5280,16.076
5281,16.075
5282,16.073
5283,16.073
5284,16.077
5285,16.085
5286,16.093
5287,16.105
5288,16.119
5289,16.132
5290,16.145
5291,16.152
5292,16.157
5293,16.163
5294,16.174
5295,16.179
5296,16.188
5297,16.197
5298,16.211
5299,16.224
5300,16.231
5301,16.242
5302,16.258
5303,16.268
5304,16.278
5305,16.285
5306,16.296
5307,16.307
5308,16.323
5309,16.334
5310,16.35
5311,16.366
5312,16.375
5313,16.392
5314,16.408
5315,16.414
5316,16.422
5317,16.429
5318,16.439
5319,16.456
5320,16.477
5321,16.5
5322,16.526
5323,16.552
5324,16.569
5325,16.584
5326,16.595
5327,16.611
5328,16.626
5329,16.643
5330,16.66
5331,16.673
5332,16.674
5333,16.678
5334,16.681
5335,16.685
5336,16.69
5337,16.687
5338,16.685
5339,16.684
5340,16.689
5341,16.698
5342,16.71
5343,16.717
5344,16.721
5345,16.728
5346,16.734
5347,16.745
5348,16.751
5349,16.76
5350,16.769
5351,16.779
5352,16.795
5353,16.806
5354,16.817
5355,16.825
5356,16.837
5357,16.847
5358,16.857
5359,16.871
5360,16.882
5361,16.895
5362,16.902
5363,16.908
5364,16.91
5365,16.904
5366,16.905
5367,16.91
5368,16.916
5369,16.928
5370,16.934
5371,16.936
5372,16.949
5373,16.959
5374,16.968
5375,16.974
5376,16.978
5377,16.983
5378,16.996
5379,17.005
5380,17.006
5381,17.008
5382,17.003
5383,17.003
5384,17.003
5385,17.012
5386,17.015
5387,17.022
5388,17.026
5389,17.036
5390,17.052
5391,17.068
5392,17.08
5393,17.092
5394,17.103
5395,17.115
5396,17.123
5397,17.125
5398,17.13
5399,17.132
5400,17.145
5401,17.146
5402,17.144
5403,17.15
5404,17.152
5405,17.156
5406,17.154
5407,17.148
5408,17.146
5409,17.145
5410,17.138
5411,17.136
5412,17.14
5413,17.142
5414,17.148
5415,17.153
5416,17.162
5417,17.174
5418,17.188
5419,17.199
5420,17.208
5421,17.22
5422,17.228
5423,17.227
5424,17.231
5425,17.235
5426,17.24
5427,17.244
5428,17.243
5429,17.242
5430,17.245
5431,17.253
5432,17.262
5433,17.271
5434,17.277
5435,17.294
5436,17.311
5437,17.323
5438,17.332
5439,17.345
5440,17.361
5441,17.377
5442,17.394
5443,17.415
5444,17.435
5445,17.448
5446,17.455
5447,17.458
5448,17.469
5449,17.485
5450,17.49
5451,17.498
5452,17.507
5453,17.517
5454,17.528
5455,17.533
5456,17.537
5457,17.538
5458,17.545
5459,17.554
5460,17.562
5461,17.569
5462,17.582
5463,17.594
5464,17.601
5465,17.607
5466,17.608
5467,17.611
5468,17.62
5469,17.627
5470,17.631
5471,17.63
5472,17.626
5473,17.624
5474,17.62
5475,17.623
5476,17.628
5477,17.636
5478,17.635
5479,17.633
5480,17.637
5481,17.638
5482,17.641
5483,17.65
5484,17.655
5485,17.666
5486,17.681
5487,17.692
5488,17.705
5489,17.716
5490,17.731
5491,17.738
5492,17.744
5493,17.745
5494,17.758
5495,17.772
5496,17.78
5497,17.788
5498,17.794
5499,17.799
5500,17.796
5501,17.797
5502,17.799
5503,17.797
5504,17.798
5505,17.799
5506,17.804
5507,17.806
5508,17.806
5509,17.812
5510,17.818
5511,17.821
5512,17.828
5513,17.838
5514,17.846
5515,17.855
5516,17.866
5517,17.873
5518,17.879
5519,17.883
5520,17.89
5521,17.905
5522,17.923
5523,17.943
5524,17.963
5525,17.983
5526,18.006
5527,18.027
5528,18.046
5529,18.062
5530,18.071
5531,18.076
5532,18.079
5533,18.077
5534,18.079
5535,18.086
5536,18.094
5537,18.098
5538,18.109
5539,18.124
5540,18.142
5541,18.158
5542,18.172
5543,18.186
5544,18.196
5545,18.21
5546,18.221
5547,18.232
5548,18.239
5549,18.24
5550,18.242
5551,18.253
5552,18.266
5553,18.277
5554,18.285
5555,18.29
5556,18.298
5557,18.313
5558,18.327
5559,18.342
5560,18.35
5561,18.357
5562,18.373
5563,18.384
5564,18.395
5565,18.408
5566,18.421
5567,18.439
5568,18.458
5569,18.482
5570,18.499
5571,18.518
5572,18.537
5573,18.545
5574,18.553
5575,18.561
5576,18.566
5577,18.571
5578,18.577
5579,18.579
5580,18.578
5581,18.581
5582,18.58
5583,18.579
5584,18.58
5585,18.58
5586,18.573
5587,18.572
5588,18.564
5589,18.56
5590,18.561
5591,18.556
5592,18.556
5593,18.557
5594,18.556
5595,18.56
5596,18.559
5597,18.555
5598,18.558
5599,18.564
5600,18.574
5601,18.579
5602,18.585
5603,18.598
5604,18.612
5605,18.619
5606,18.62
5607,18.628
5608,18.636
5609,18.653
5610,18.668
5611,18.678
5612,18.68
5613,18.683
5614,18.689
5615,18.696
5616,18.705
5617,18.712
5618,18.713
5619,18.716
5620,18.717
5621,18.716
5622,18.724
5623,18.73
5624,18.737
5625,18.744
5626,18.753
5627,18.761
5628,18.776
5629,18.786
5630,18.798
5631,18.809
5632,18.814
5633,18.821
5634,18.83
5635,18.849
5636,18.864
5637,18.879
5638,18.896
5639,18.911
5640,18.922
5641,18.936
5642,18.953
5643,18.971
5644,18.985
5645,18.995
5646,19.008
5647,19.014
5648,19.015
5649,19.015
5650,19.017
5651,19.026
5652,19.034
5653,19.045
5654,19.056
5655,19.067
5656,19.079
5657,19.09
5658,19.1
5659,19.11
5660,19.118
5661,19.123
5662,19.135
5663,19.143
5664,19.148
5665,19.155
5666,19.163
5667,19.175
5668,19.188
5669,19.197
5670,19.204
5671,19.21
5672,19.21
5673,19.211
5674,19.215
5675,19.219
5676,19.219
5677,19.222
5678,19.229
5679,19.239
5680,19.249
5681,19.257
5682,19.273
5683,19.29
5684,19.308
5685,19.333
5686,19.349
5687,19.351
5688,19.352
5689,19.357
5690,19.367
5691,19.373
5692,19.383
5693,19.388
5694,19.388
5695,19.391
5696,19.403
5697,19.412
5698,19.413
5699,19.419
5700,19.428
5701,19.435
5702,19.447
5703,19.462
5704,19.476
5705,19.49
5706,19.506
5707,19.521
5708,19.526
5709,19.531
5710,19.538
5711,19.54
5712,19.548
5713,19.555
5714,19.557
5715,19.555
5716,19.554
5717,19.552
5718,19.551
5719,19.551
5720,19.55
5721,19.552
5722,19.554
5723,19.557
5724,19.564
5725,19.57
5726,19.582
5727,19.6
5728,19.61
5729,19.616
5730,19.631
5731,19.644
5732,19.655
5733,19.675
5734,19.693
5735,19.709
5736,19.716
5737,19.723
5738,19.729
5739,19.737
5740,19.735
5741,19.735
5742,19.743
5743,19.749
5744,19.757
5745,19.763
5746,19.771
5747,19.776
5748,19.781
5749,19.794
5750,19.807
5751,19.818
5752,19.829
5753,19.835
5754,19.84
5755,19.845
5756,19.855
5757,19.864
5758,19.873
5759,19.884
5760,19.898
5761,19.909
5762,19.918
5763,19.923
5764,19.93
5765,19.929
5766,19.923
5767,19.925
5768,19.931
5769,19.935
5770,19.933
5771,19.932
5772,19.936
5773,19.94
5774,19.949
5775,19.958
5776,19.967
5777,19.979
5778,19.992
5779,20.008
5780,20.026
5781,20.041
5782,20.049
5783,20.058
5784,20.07
5785,20.082
5786,20.089
5787,20.097
5788,20.108
5789,20.11
5790,20.113
5791,20.117
5792,20.114
5793,20.117
5794,20.114
5795,20.116
5796,20.122
5797,20.125
5798,20.138
5799,20.151
5800,20.169
5801,20.181
5802,20.2
5803,20.22
5804,20.237
5805,20.254
5806,20.271
5807,20.293
5808,20.316
5809,20.334
5810,20.351
5811,20.373
5812,20.388
5813,20.403
5814,20.419
5815,20.43
5816,20.446
5817,20.454
5818,20.462
5819,20.471
5820,20.475
5821,20.475
5822,20.475
5823,20.467
5824,20.471
5825,20.479
5826,20.493
5827,20.497
5828,20.499
5829,20.5
5830,20.507
5831,20.511
5832,20.511
5833,20.508
5834,20.511
5835,20.508
5836,20.512
5837,20.519
5838,20.522
5839,20.525
5840,20.525
5841,20.525
5842,20.532
5843,20.537
5844,20.546
5845,20.556
5846,20.567
5847,20.583
5848,20.595
5849,20.607
5850,20.622
5851,20.634
5852,20.649
5853,20.66
5854,20.67
5855,20.678
5856,20.692
5857,20.702
5858,20.712
5859,20.725
5860,20.742
5861,20.756
5862,20.776
5863,20.783
5864,20.789
5865,20.795
5866,20.8
5867,20.807
5868,20.817
5869,20.822
5870,20.822
5871,20.83
5872,20.838
5873,20.848
5874,20.857
5875,20.866
5876,20.877
5877,20.889
5878,20.901
5879,20.91
5880,20.92
5881,20.933
5882,20.951
5883,20.963
5884,20.976
5885,20.989
5886,21.005
5887,21.019
5888,21.037
5889,21.049
5890,21.054
5891,21.062
5892,21.076
5893,21.091
5894,21.108
5895,21.116
5896,21.136
5897,21.149
5898,21.156
5899,21.157
5900,21.157
5901,21.159
5902,21.16
5903,21.163
5904,21.162
5905,21.168
5906,21.179
5907,21.196
5908,21.209
5909,21.221
5910,21.228
5911,21.229
5912,21.239
5913,21.244
5914,21.253
5915,21.253
5916,21.268
5917,21.285
5918,21.293
5919,21.3
5920,21.303
5921,21.305
5922,21.302
5923,21.301
5924,21.294
5925,21.289
5926,21.294
5927,21.311
5928,21.326
5929,21.334
5930,21.338
5931,21.334
5932,21.338
5933,21.335
5934,21.332
5935,21.338
5936,21.343
5937,21.348
5938,21.354
5939,21.367
5940,21.377
5941,21.388
5942,21.393
5943,21.396
5944,21.394
5945,21.389
5946,21.395
5947,21.396
5948,21.4
5949,21.408
5950,21.41
5951,21.41
5952,21.417
5953,21.426
5954,21.438
5955,21.454
5956,21.467
5957,21.486
5958,21.496
5959,21.508
5960,21.523
5961,21.534
5962,21.54
5963,21.548
5964,21.56
5965,21.573
5966,21.587
5967,21.593
5968,21.599
5969,21.597
5970,21.601
5971,21.607
5972,21.612
5973,21.62
5974,21.628
5975,21.645
5976,21.652
5977,21.661
5978,21.672
5979,21.679
5980,21.689
5981,21.695
5982,21.702
5983,21.709
5984,21.717
5985,21.724
5986,21.731
5987,21.73
5988,21.736
5989,21.743
5990,21.751
5991,21.762
5992,21.774
5993,21.785
5994,21.794
5995,21.8
5996,21.815
5997,21.828
5998,21.837
5999,21.85
6000,21.858
6001,21.86
6002,21.855
6003,21.851
6004,21.849
6005,21.838
6006,21.825
6007,21.816
6008,21.812
6009,21.808
6010,21.799
6011,21.8
6012,21.808
6013,21.812
6014,21.819
6015,21.83
6016,21.843
6017,21.861
6018,21.878
6019,21.894
6020,21.911
6021,21.925
6022,21.94
6023,21.951
6024,21.963
6025,21.979
6026,21.997
6027,22.015
6028,22.026
6029,22.026
6030,22.03
6031,22.033
6032,22.035
6033,22.038
6034,22.04
6035,22.036
6036,22.032
6037,22.032
6038,22.039
6039,22.043
6040,22.051
6041,22.054
6042,22.051
6043,22.055
6044,22.059
6045,22.065
6046,22.077
6047,22.096
6048,22.105
6049,22.108
6050,22.116
6051,22.121
6052,22.125
6053,22.132
6054,22.142
6055,22.152
6056,22.162
6057,22.184
6058,22.196
6059,22.207
6060,22.21
6061,22.213
6062,22.215
6063,22.217
6064,22.218
6065,22.218
6066,22.217
6067,22.211
6068,22.211
6069,22.211
6070,22.21
6071,22.212
6072,22.218
6073,22.221
6074,22.221
6075,22.231
6076,22.241
6077,22.248
6078,22.258
6079,22.266
6080,22.281
6081,22.297
6082,22.308
6083,22.319
6084,22.328
6085,22.343
6086,22.357
6087,22.37
6088,22.382
6089,22.393
6090,22.404
6091,22.412
6092,22.425
6093,22.44
6094,22.447
6095,22.462
6096,22.476
6097,22.487
6098,22.496
6099,22.504
6100,22.516
6101,22.523
6102,22.533
6103,22.537
6104,22.546
6105,22.559
6106,22.575
6107,22.597
6108,22.621
6109,22.644
6110,22.663
6111,22.671
6112,22.674
6113,22.676
6114,22.675
6115,22.674
6116,22.671
6117,22.668
6118,22.668
6119,22.668
6120,22.672
6121,22.676
6122,22.687
6123,22.704
6124,22.715
6125,22.726
6126,22.747
6127,22.769
6128,22.788
6129,22.807
6130,22.823
6131,22.836
6132,22.851
6133,22.862
6134,22.873
6135,22.884
6136,22.892
6137,22.906
6138,22.914
6139,22.924
6140,22.935
6141,22.939
6142,22.94
6143,22.947
6144,22.957
6145,22.965
6146,22.973
6147,22.984
6148,22.988
6149,22.988
6150,22.982
6151,22.974
6152,22.975
6153,22.975
6154,22.979
6155,22.986
6156,22.995
6157,22.999
6158,23.009
6159,23.024
6160,23.028
6161,23.033
6162,23.044
6163,23.053
6164,23.066
6165,23.075
6166,23.081
6167,23.083
6168,23.085
6169,23.094
6170,23.099
6171,23.096
6172,23.097
6173,23.107
6174,23.119
6175,23.124
6176,23.127
6177,23.121
6178,23.117
6179,23.116
6180,23.121
6181,23.125
6182,23.13
6183,23.142
6184,23.149
6185,23.163
6186,23.167
6187,23.164
6188,23.166
6189,23.163
6190,23.156
6191,23.154
6192,23.157
6193,23.166
6194,23.175
6195,23.189
6196,23.195
6197,23.195
6198,23.19
6199,23.196
6200,23.204
6201,23.21
6202,23.208
6203,23.209
6204,23.211
6205,23.214
6206,23.22
6207,23.226
6208,23.221
6209,23.22
6210,23.219
6211,23.222
6212,23.231
6213,23.238
6214,23.244
6215,23.253
6216,23.259
6217,23.259
6218,23.266
6219,23.278
6220,23.289
6221,23.298
6222,23.303
6223,23.304
6224,23.308
6225,23.317
6226,23.327
6227,23.335
6228,23.343
6229,23.352
6230,23.364
6231,23.373
6232,23.382
6233,23.391
6234,23.396
6235,23.401
6236,23.414
6237,23.426
6238,23.435
6239,23.439
6240,23.435
6241,23.434
6242,23.442
6243,23.45
6244,23.456
6245,23.464
6246,23.478
6247,23.491
6248,23.505
6249,23.526
6250,23.529
6251,23.534
6252,23.531
6253,23.531
6254,23.539
6255,23.553
6256,23.567
6257,23.578
6258,23.589
6259,23.597
6260,23.602
6261,23.605
6262,23.607
6263,23.611
6264,23.616
6265,23.62
6266,23.625
6267,23.635
6268,23.64
6269,23.651
6270,23.664
6271,23.667
6272,23.673
6273,23.678
6274,23.684
6275,23.685
6276,23.686
6277,23.69
6278,23.691
6279,23.695
6280,23.701
6281,23.707
6282,23.717
6283,23.723
6284,23.733
6285,23.745
6286,23.751
6287,23.772
6288,23.797
6289,23.817
6290,23.826
6291,23.836
6292,23.841
6293,23.85
6294,23.858
6295,23.866
6296,23.878
6297,23.893
6298,23.9
6299,23.899
6300,23.905
6301,23.913
6302,23.929
6303,23.955
6304,23.973
6305,23.986
6306,24.004
6307,24.016
6308,24.03
6309,24.046
6310,24.059
6311,24.071
6312,24.087
6313,24.101
6314,24.111
6315,24.123
6316,24.135
6317,24.144
6318,24.158
6319,24.174
6320,24.186
6321,24.204
6322,24.216
6323,24.23
6324,24.24
6325,24.245
6326,24.252
6327,24.264
6328,24.266
6329,24.275
6330,24.287
6331,24.295
6332,24.308
6333,24.324
6334,24.343
6335,24.356
6336,24.372
6337,24.385
6338,24.397
6339,24.41
6340,24.417
6341,24.419
6342,24.432
6343,24.444
6344,24.464
6345,24.49
6346,24.512
6347,24.531
6348,24.546
6349,24.565
6350,24.586
6351,24.602
6352,24.614
6353,24.618
6354,24.626
6355,24.634
6356,24.643
6357,24.658
6358,24.673
6359,24.69
6360,24.707
6361,24.723
6362,24.743
6363,24.772
6364,24.802
6365,24.83
6366,24.845
6367,24.862
6368,24.87
6369,24.876
6370,24.878
6371,24.878
6372,24.874
6373,24.87
6374,24.876
6375,24.885
6376,24.902
6377,24.915
6378,24.93
6379,24.939
6380,24.948
6381,24.953
6382,24.958
6383,24.957
6384,24.968
6385,24.978
6386,24.988
6387,25.002
6388,25.022
6389,25.032
6390,25.033
6391,25.027
6392,25.021
6393,25.015
6394,25.011
6395,25.003
6396,24.992
6397,24.983
6398,24.981
6399,24.981
6400,24.978
6401,24.982
6402,24.987
6403,24.995
6404,25.004
6405,25.009
6406,25.014
6407,25.021
6408,25.031
6409,25.043
6410,25.047
6411,25.052
6412,25.059
6413,25.064
6414,25.075
6415,25.092
6416,25.109
6417,25.123
6418,25.138
6419,25.155
6420,25.17
6421,25.177
6422,25.191
6423,25.203
6424,25.218
6425,25.217
6426,25.215
6427,25.215
6428,25.222
6429,25.225
6430,25.23
6431,25.236
6432,25.241
6433,25.242
6434,25.238
6435,25.233
6436,25.232
6437,25.227
6438,25.223
6439,25.221
6440,25.228
6441,25.24
6442,25.244
6443,25.251
6444,25.261
6445,25.268
6446,25.27
6447,25.272
6448,25.275
6449,25.273
6450,25.274
6451,25.279
6452,25.28
6453,25.283
6454,25.283
6455,25.288
6456,25.293
6457,25.298
6458,25.304
6459,25.307
6460,25.3
6461,25.298
6462,25.306
6463,25.313
6464,25.318
6465,25.321
6466,25.32
6467,25.317
6468,25.307
6469,25.306
6470,25.31
6471,25.32
6472,25.331
6473,25.337
6474,25.34
6475,25.347
6476,25.359
6477,25.366
6478,25.368
6479,25.378
6480,25.386
6481,25.396
6482,25.411
6483,25.421
6484,25.44
6485,25.464
6486,25.491
6487,25.51
6488,25.525
6489,25.538
6490,25.544
6491,25.553
6492,25.556
6493,25.556
6494,25.558
6495,25.562
6496,25.563
6497,25.562
6498,25.553
6499,25.545
6500,25.546
6501,25.548
6502,25.548
6503,25.554
6504,25.56
6505,25.565
6506,25.571
6507,25.572
6508,25.576
6509,25.581
6510,25.602
6511,25.617
6512,25.627
6513,25.634
6514,25.644
6515,25.651
6516,25.657
6517,25.657
6518,25.664
6519,25.667
6520,25.667
6521,25.673
6522,25.669
6523,25.659
6524,25.651
6525,25.648
6526,25.643
6527,25.647
6528,25.643
6529,25.636
6530,25.627
6531,25.626
6532,25.63
6533,25.638
6534,25.647
6535,25.658
6536,25.665
6537,25.666
6538,25.669
6539,25.667
6540,25.664
6541,25.669
6542,25.672
6543,25.67
6544,25.668
6545,25.664
6546,25.665
6547,25.666
6548,25.667
6549,25.675
6550,25.68
6551,25.681
6552,25.687
6553,25.692
6554,25.701
6555,25.717
6556,25.728
6557,25.738
6558,25.753
6559,25.772
6560,25.793
6561,25.813
6562,25.825
6563,25.832
6564,25.837
6565,25.843
6566,25.851
6567,25.867
6568,25.877
6569,25.884
6570,25.888
6571,25.895
6572,25.91
6573,25.918
6574,25.923
6575,25.924
6576,25.924
6577,25.932
6578,25.937
6579,25.946
6580,25.954
6581,25.968
6582,25.985
6583,26.002
6584,26.017
6585,26.027
6586,26.039
6587,26.062
6588,26.074
6589,26.085
6590,26.091
6591,26.104
6592,26.117
6593,26.122
6594,26.124
6595,26.134
6596,26.148
6597,26.152
6598,26.156
6599,26.161
6600,26.175
6601,26.193
6602,26.208
6603,26.22
6604,26.24
6605,26.252
6606,26.262
6607,26.266
6608,26.275
6609,26.285
6610,26.296
6611,26.31
6612,26.317
6613,26.322
6614,26.333
6615,26.348
6616,26.363
6617,26.368
6618,26.376
6619,26.38
6620,26.39
6621,26.4
6622,26.412
6623,26.425
6624,26.438
6625,26.439
6626,26.442
6627,26.446
6628,26.455
6629,26.456
6630,26.463
6631,26.466
6632,26.465
6633,26.482
6634,26.499
6635,26.508
6636,26.514
6637,26.518
6638,26.518
6639,26.522
6640,26.524
6641,26.532
6642,26.544
6643,26.545
6644,26.555
6645,26.558
6646,26.559
6647,26.558
6648,26.559
6649,26.562
6650,26.572
6651,26.586
6652,26.605
6653,26.612
6654,26.614
6655,26.624
6656,26.638
6657,26.654
6658,26.671
6659,26.685
6660,26.694
6661,26.7
6662,26.703
6663,26.706
6664,26.707
6665,26.713
6666,26.726
6667,26.743
6668,26.767
6669,26.793
6670,26.809
6671,26.825
6672,26.835
6673,26.85
6674,26.862
6675,26.871
6676,26.883
6677,26.886
6678,26.888
6679,26.888
6680,26.884
6681,26.884
6682,26.893
6683,26.898
6684,26.899
6685,26.904
6686,26.907
6687,26.904
6688,26.904
6689,26.904
6690,26.909
6691,26.908
6692,26.909
6693,26.912
6694,26.917
6695,26.918
6696,26.913
6697,26.911
6698,26.911
6699,26.914
6700,26.917
6701,26.927
6702,26.925
6703,26.932
6704,26.938
6705,26.946
6706,26.95
6707,26.956
6708,26.956
6709,26.961
6710,26.968
6711,26.98
6712,26.98
6713,26.983
6714,26.993
6715,27.004
6716,27.016
6717,27.025
6718,27.034
6719,27.046
6720,27.06
6721,27.068
6722,27.073
6723,27.09
6724,27.107
6725,27.122
6726,27.138
6727,27.146
6728,27.16
6729,27.176
6730,27.188
6731,27.201
6732,27.21
6733,27.22
6734,27.223
6735,27.238
6736,27.246
6737,27.255
6738,27.266
6739,27.275
6740,27.274
6741,27.28
6742,27.284
6743,27.288
6744,27.293
6745,27.304
6746,27.32
6747,27.326
6748,27.331
6749,27.341
6750,27.352
6751,27.362
6752,27.372
6753,27.385
6754,27.393
6755,27.405
6756,27.412
6757,27.42
6758,27.424
6759,27.427
6760,27.432
6761,27.433
6762,27.43
6763,27.431
6764,27.44
6765,27.444
6766,27.46
6767,27.47
6768,27.482
6769,27.497
6770,27.507
6771,27.518
6772,27.53
6773,27.544
6774,27.553
6775,27.562
6776,27.567
6777,27.575
6778,27.579
6779,27.583
6780,27.594
6781,27.593
6782,27.601
6783,27.612
6784,27.623
6785,27.638
6786,27.651
6787,27.659
6788,27.668
6789,27.677
6790,27.682
6791,27.68
6792,27.686
6793,27.69
6794,27.69
6795,27.691
6796,27.688
6797,27.684
6798,27.676
6799,27.68
6800,27.694
6801,27.71
6802,27.721
6803,27.729
6804,27.731
6805,27.733
6806,27.731
6807,27.731
6808,27.739
6809,27.747
6810,27.755
6811,27.761
6812,27.77
6813,27.773
6814,27.775
6815,27.783
6816,27.793
6817,27.805
6818,27.816
6819,27.845
6820,27.873
6821,27.896
6822,27.914
6823,27.927
6824,27.941
6825,27.949
6826,27.959
6827,27.97
6828,27.984
6829,27.995
6830,27.999
6831,28.009
6832,28.01
6833,28.006
6834,28.005
6835,28.007
6836,28.011
6837,28.013
6838,28.016
6839,28.02
6840,28.011
6841,27.996
6842,27.988
6843,27.977
6844,27.972
6845,27.968
6846,27.966
6847,27.964
6848,27.96
6849,27.952
6850,27.948
6851,27.95
6852,27.954
6853,27.954
6854,27.957
6855,27.959
6856,27.962
6857,27.963
6858,27.968
6859,27.978
6860,27.986
6861,27.997
6862,28.008
6863,28.015
6864,28.021
6865,28.026
6866,28.033
6867,28.036
6868,28.034
6869,28.034
6870,28.037
6871,28.049
6872,28.063
6873,28.088
6874,28.105
6875,28.113
6876,28.115
6877,28.113
6878,28.118
6879,28.124
6880,28.132
6881,28.142
6882,28.147
6883,28.146
6884,28.149
6885,28.147
6886,28.153
6887,28.155
6888,28.156
6889,28.154
6890,28.161
6891,28.166
6892,28.168
6893,28.165
6894,28.167
6895,28.168
6896,28.174
6897,28.173
6898,28.175
6899,28.182
6900,28.176
6901,28.174
6902,28.178
6903,28.177
6904,28.177
6905,28.176
6906,28.179
6907,28.185
6908,28.197
6909,28.2
6910,28.205
6911,28.205
6912,28.205
6913,28.21
6914,28.218
6915,28.218
6916,28.221
6917,28.239
6918,28.242
6919,28.246
6920,28.248
6921,28.252
6922,28.251
6923,28.258
6924,28.261
6925,28.264
6926,28.266
6927,28.269
6928,28.274
6929,28.28
6930,28.281
6931,28.286
6932,28.295
6933,28.308
6934,28.318
6935,28.333
6936,28.342
6937,28.349
6938,28.352
6939,28.363
6940,28.379
6941,28.401
6942,28.421
6943,28.435
6944,28.441
6945,28.452
6946,28.457
6947,28.461
6948,28.462
6949,28.467
6950,28.475
6951,28.484
6952,28.495
6953,28.5
6954,28.508
6955,28.517
6956,28.525
6957,28.534
6958,28.541
6959,28.551
6960,28.554
6961,28.556
6962,28.562
6963,28.561
6964,28.569
6965,28.573
6966,28.574
6967,28.574
6968,28.573
6969,28.569
6970,28.563
6971,28.561
6972,28.563
6973,28.57
6974,28.58
6975,28.589
6976,28.592
6977,28.595
6978,28.61
6979,28.616
6980,28.626
6981,28.64
6982,28.651
6983,28.658
6984,28.67
6985,28.68
6986,28.685
6987,28.673
6988,28.673
6989,28.672
6990,28.668
6991,28.678
6992,28.686
6993,28.692
6994,28.704
6995,28.704
6996,28.702
6997,28.698
6998,28.699
6999,28.699
7000,28.701
7001,28.705
7002,28.709
7003,28.724
7004,28.737
7005,28.744
7006,28.751
7007,28.753
7008,28.755
7009,28.755
7010,28.757
7011,28.765
7012,28.758
7013,28.746
7014,28.733
7015,28.718
7016,28.711
7017,28.704
7018,28.695
7019,28.691
7020,28.684
7021,28.683
7022,28.678
7023,28.68
7024,28.688
7025,28.7
7026,28.705
7027,28.71
7028,28.705
7029,28.699
7030,28.693
7031,28.685
7032,28.681
7033,28.69
7034,28.7
7035,28.706
7036,28.713
7037,28.729
7038,28.747
7039,28.754
7040,28.767
7041,28.772
7042,28.774
7043,28.779
7044,28.788
7045,28.8
7046,28.809
7047,28.82
7048,28.829
7049,28.836
7050,28.843
7051,28.85
7052,28.853
7053,28.856
7054,28.866
7055,28.87
7056,28.876
7057,28.882
7058,28.89
7059,28.901
7060,28.91
7061,28.92
7062,28.936
7063,28.951
7064,28.963
7065,28.975
7066,28.995
7067,29.003
7068,29.013
7069,29.023
7070,29.029
7071,29.032
7072,29.042
7073,29.044
7074,29.05
7075,29.062
7076,29.072
7077,29.081
7078,29.084
7079,29.08
7080,29.082
7081,29.081
7082,29.088
7083,29.095
7084,29.103
7085,29.104
7086,29.109
7087,29.117
7088,29.135
7089,29.156
7090,29.171
7091,29.176
7092,29.18
7093,29.177
7094,29.17
7095,29.167
7096,29.174
7097,29.174
7098,29.176
7099,29.174
7100,29.172
7101,29.175
7102,29.177
7103,29.187
7104,29.199
7105,29.208
7106,29.216
7107,29.228
7108,29.23
7109,29.233
7110,29.233
7111,29.233
7112,29.232
7113,29.23
7114,29.232
7115,29.235
7116,29.241
7117,29.246
7118,29.261
7119,29.275
7120,29.287
7121,29.3
7122,29.31
7123,29.319
7124,29.324
7125,29.331
7126,29.339
7127,29.342
7128,29.342
7129,29.338
7130,29.341
7131,29.341
7132,29.344
7133,29.351
7134,29.366
7135,29.38
7136,29.396
7137,29.402
7138,29.406
7139,29.412
7140,29.418
7141,29.424
7142,29.426
7143,29.437
7144,29.451
7145,29.459
7146,29.465
7147,29.475
7148,29.481
7149,29.484
7150,29.484
7151,29.496
7152,29.505
7153,29.515
7154,29.519
7155,29.514
7156,29.508
7157,29.504
7158,29.507
7159,29.5
7160,29.498
7161,29.495
7162,29.492
7163,29.491
7164,29.491
7165,29.489
7166,29.49
7167,29.504
7168,29.514
7169,29.523
7170,29.538
7171,29.548
7172,29.554
7173,29.569
7174,29.579
7175,29.586
7176,29.599
7177,29.612
7178,29.617
7179,29.618
7180,29.623
7181,29.629
7182,29.64
7183,29.641
7184,29.641
7185,29.643
7186,29.648
7187,29.66
7188,29.672
7189,29.681
7190,29.679
7191,29.679
7192,29.686
7193,29.688
7194,29.698
7195,29.715
7196,29.733
7197,29.75
7198,29.772
7199,29.795
7200,29.812
7201,29.818
7202,29.823
7203,29.821
7204,29.817
7205,29.802
7206,29.791
7207,29.793
7208,29.797
7209,29.807
7210,29.807
7211,29.805
7212,29.817
7213,29.831
7214,29.839
7215,29.836
7216,29.84
7217,29.851
7218,29.859
7219,29.866
7220,29.878
7221,29.897
7222,29.917
7223,29.932
7224,29.934
7225,29.931
7226,29.928
7227,29.922
7228,29.92
7229,29.909
7230,29.895
7231,29.875
7232,29.863
7233,29.855
7234,29.852
7235,29.855
7236,29.864
7237,29.874
7238,29.887
7239,29.897
7240,29.909
7241,29.924
7242,29.945
7243,29.955
7244,29.963
7245,29.972
7246,29.987
7247,30.001
7248,30.016
7249,30.027
7250,30.036
7251,30.049
7252,30.056
7253,30.063
7254,30.068
7255,30.072
7256,30.074
7257,30.086
7258,30.088
7259,30.095
7260,30.098
7261,30.1
7262,30.097
7263,30.088
7264,30.077
7265,30.066
7266,30.062
7267,30.063
7268,30.062
7269,30.062
7270,30.072
7271,30.087
7272,30.089
7273,30.093
7274,30.092
7275,30.096
7276,30.105
7277,30.105
7278,30.111
7279,30.124
7280,30.13
7281,30.138
7282,30.143
7283,30.138
7284,30.135
7285,30.135
7286,30.137
7287,30.141
7288,30.143
7289,30.152
7290,30.167
7291,30.173
7292,30.182
7293,30.188
7294,30.192
7295,30.193
7296,30.197
7297,30.2
7298,30.2
7299,30.206
7300,30.204
7301,30.209
7302,30.21
7303,30.207
7304,30.203
7305,30.203
7306,30.201
7307,30.2
7308,30.203
7309,30.209
7310,30.207
7311,30.205
7312,30.199
7313,30.195
7314,30.191
7315,30.197
7316,30.201
7317,30.204
7318,30.211
7319,30.211
7320,30.215
7321,30.212
7322,30.213
7323,30.213
7324,30.217
7325,30.212
7326,30.207
7327,30.204
7328,30.197
7329,30.189
7330,30.18
7331,30.166
7332,30.149
7333,30.131
7334,30.113
7335,30.095
7336,30.094
7337,30.088
7338,30.09
7339,30.099
7340,30.11
7341,30.115
7342,30.123
7343,30.133
7344,30.145
7345,30.156
7346,30.166
7347,30.174
7348,30.182
7349,30.193
7350,30.201
7351,30.203
7352,30.207
7353,30.208
7354,30.212
7355,30.208
7356,30.197
7357,30.188
7358,30.172
7359,30.16
7360,30.149
7361,30.152
7362,30.141
7363,30.135
7364,30.135
7365,30.137
7366,30.143
7367,30.149
7368,30.153
7369,30.163
7370,30.164
7371,30.167
7372,30.165
7373,30.164
7374,30.164
7375,30.173
7376,30.176
7377,30.185
7378,30.2
7379,30.217
7380,30.224
7381,30.235
7382,30.24
7383,30.244
7384,30.241
7385,30.238
7386,30.238
7387,30.236
7388,30.229
7389,30.233
7390,30.222
7391,30.214
7392,30.201
7393,30.196
7394,30.2
7395,30.213
7396,30.224
7397,30.229
7398,30.24
7399,30.251
7400,30.264
7401,30.268
7402,30.267
7403,30.268
7404,30.26
7405,30.254
7406,30.252
7407,30.247
7408,30.248
7409,30.247
7410,30.249
7411,30.246
7412,30.243
7413,30.244
7414,30.245
7415,30.254
7416,30.261
7417,30.275
7418,30.287
7419,30.292
7420,30.293
7421,30.292
7422,30.283
7423,30.273
7424,30.276
7425,30.281
7426,30.286
7427,30.291
7428,30.292
7429,30.295
7430,30.303
7431,30.314
7432,30.326
7433,30.33
7434,30.331
7435,30.335
7436,30.333
7437,30.335
7438,30.327
7439,30.332
7440,30.337
7441,30.341
7442,30.335
7443,30.333
7444,30.329
7445,30.326
7446,30.316
7447,30.31
7448,30.311
7449,30.312
7450,30.319
7451,30.332
7452,30.345
7453,30.355
7454,30.36
7455,30.369
7456,30.385
7457,30.398
7458,30.419
7459,30.434
7460,30.446
7461,30.451
7462,30.452
7463,30.45
7464,30.45
7465,30.459
7466,30.47
7467,30.479
7468,30.49
7469,30.502
7470,30.514
7471,30.524
7472,30.528
7473,30.525
7474,30.521
7475,30.513
7476,30.512
7477,30.512
7478,30.51
7479,30.51
7480,30.508
7481,30.51
7482,30.506
7483,30.501
7484,30.506
7485,30.508
7486,30.514
7487,30.512
7488,30.508
7489,30.505
7490,30.512
7491,30.516
7492,30.518
7493,30.52
7494,30.521
7495,30.524
7496,30.528
7497,30.537
7498,30.553
7499,30.567
7500,30.574
7501,30.586
7502,30.593
7503,30.605
7504,30.612
7505,30.612
7506,30.615
7507,30.619
7508,30.623
7509,30.634
7510,30.652
7511,30.662
7512,30.672
7513,30.689
7514,30.707
7515,30.729
7516,30.752
7517,30.769
7518,30.784
7519,30.792
7520,30.802
7521,30.806
7522,30.812
7523,30.82
7524,30.831
7525,30.836
7526,30.836
7527,30.838
7528,30.846
7529,30.854
7530,30.859
7531,30.856
7532,30.864
7533,30.864
7534,30.866
7535,30.864
7536,30.866
7537,30.876
7538,30.889
7539,30.901
7540,30.914
7541,30.922
7542,30.933
7543,30.939
7544,30.95
7545,30.958
7546,30.958
7547,30.956
7548,30.952
7549,30.952
7550,30.955
7551,30.957
7552,30.96
7553,30.958
7554,30.959
7555,30.956
7556,30.955
7557,30.956
7558,30.956
7559,30.955
7560,30.955
7561,30.952
7562,30.948
7563,30.948
7564,30.956
7565,30.964
7566,30.974
7567,30.972
7568,30.967
7569,30.971
7570,30.969
7571,30.966
7572,30.968
7573,30.963
7574,30.969
7575,30.979
7576,30.985
7577,30.988
7578,30.984
7579,30.969
7580,30.959
7581,30.948
7582,30.928
7583,30.914
7584,30.897
7585,30.883
7586,30.872
7587,30.864
7588,30.862
7589,30.87
7590,30.873
7591,30.873
7592,30.87
7593,30.871
7594,30.873
7595,30.869
7596,30.866
7597,30.869
7598,30.865
7599,30.86
7600,30.853
7601,30.846
7602,30.84
7603,30.836
7604,30.83
7605,30.825
7606,30.826
7607,30.827
7608,30.827
7609,30.827
7610,30.827
7611,30.825
7612,30.82
7613,30.824
7614,30.832
7615,30.846
7616,30.861
7617,30.874
7618,30.886
7619,30.897
7620,30.909
7621,30.925
7622,30.943
7623,30.953
7624,30.968
7625,30.987
7626,31.006
7627,31.026
7628,31.041
7629,31.052
7630,31.065
7631,31.067
7632,31.064
7633,31.063
7634,31.062
7635,31.061
7636,31.06
7637,31.059
7638,31.065
7639,31.065
7640,31.069
7641,31.074
7642,31.083
7643,31.096
7644,31.108
7645,31.114
7646,31.112
7647,31.107
7648,31.103
7649,31.104
7650,31.106
7651,31.109
7652,31.117
7653,31.114
7654,31.114
7655,31.114
7656,31.123
7657,31.126
7658,31.126
7659,31.134
7660,31.143
7661,31.155
7662,31.162
7663,31.162
7664,31.164
7665,31.165
7666,31.164
7667,31.169
7668,31.168
7669,31.164
7670,31.161
7671,31.158
7672,31.165
7673,31.162
7674,31.161
7675,31.157
7676,31.15
7677,31.146
7678,31.146
7679,31.152
7680,31.149
7681,31.142
7682,31.141
7683,31.144
7684,31.153
7685,31.169
7686,31.176
7687,31.187
7688,31.198
7689,31.198
7690,31.194
7691,31.186
7692,31.182
7693,31.188
7694,31.192
7695,31.199
7696,31.201
7697,31.205
7698,31.209
7699,31.219
7700,31.23
7701,31.237
7702,31.24
7703,31.24
7704,31.238
7705,31.245
7706,31.255
7707,31.263
7708,31.271
7709,31.283
7710,31.288
7711,31.289
7712,31.295
7713,31.296
7714,31.304
7715,31.315
7716,31.316
7717,31.313
7718,31.307
7719,31.301
7720,31.304
7721,31.307
7722,31.31
7723,31.307
7724,31.31
7725,31.316
7726,31.313
7727,31.32
7728,31.324
7729,31.333
7730,31.348
7731,31.358
7732,31.37
7733,31.38
7734,31.393
7735,31.407
7736,31.408
7737,31.414
7738,31.42
7739,31.42
7740,31.412
7741,31.413
7742,31.413
7743,31.414
7744,31.416
7745,31.417
7746,31.42
7747,31.429
7748,31.438
7749,31.444
7750,31.448
7751,31.461
7752,31.47
7753,31.475
7754,31.48
7755,31.485
7756,31.486
7757,31.481
7758,31.48
7759,31.475
7760,31.468
7761,31.467
7762,31.463
7763,31.462
7764,31.458
7765,31.462
7766,31.465
7767,31.477
7768,31.478
7769,31.47
7770,31.469
7771,31.466
7772,31.465
7773,31.459
7774,31.444
7775,31.431
7776,31.41
7777,31.39
7778,31.378
7779,31.369
7780,31.359
7781,31.352
7782,31.353
7783,31.352
7784,31.348
7785,31.343
7786,31.35
7787,31.353
7788,31.363
7789,31.369
7790,31.375
7791,31.376
7792,31.378
7793,31.379
7794,31.381
7795,31.39
7796,31.404
7797,31.413
7798,31.429
7799,31.44
7800,31.449
7801,31.455
7802,31.459
7803,31.469
7804,31.475
7805,31.482
7806,31.487
7807,31.494
7808,31.5
7809,31.508
7810,31.513
7811,31.518
7812,31.521
7813,31.522
7814,31.524
7815,31.53
7816,31.529
7817,31.53
7818,31.531
7819,31.532
7820,31.524
7821,31.516
7822,31.512
7823,31.508
7824,31.506
7825,31.497
7826,31.497
7827,31.502
7828,31.505
7829,31.503
7830,31.505
7831,31.507
7832,31.505
7833,31.503
7834,31.506
7835,31.511
7836,31.513
7837,31.523
7838,31.535
7839,31.551
7840,31.569
7841,31.583
7842,31.59
7843,31.586
7844,31.589
7845,31.59
7846,31.589
7847,31.585
7848,31.576
7849,31.567
7850,31.568
7851,31.565
7852,31.565
7853,31.562
7854,31.552
7855,31.547
7856,31.54
7857,31.535
7858,31.536
7859,31.533
7860,31.533
7861,31.53
7862,31.529
7863,31.533
7864,31.544
7865,31.554
7866,31.564
7867,31.571
7868,31.569
7869,31.573
7870,31.578
7871,31.577
7872,31.573
7873,31.575
7874,31.573
7875,31.575
7876,31.58
7877,31.583
7878,31.581
7879,31.582
7880,31.582
7881,31.572
7882,31.565
7883,31.552
7884,31.548
7885,31.552
7886,31.552
7887,31.551
7888,31.547
7889,31.546
7890,31.54
7891,31.538
7892,31.527
7893,31.524
7894,31.523
7895,31.528
7896,31.536
7897,31.557
7898,31.581
7899,31.6
7900,31.61
7901,31.621
7902,31.632
7903,31.642
7904,31.644
7905,31.651
7906,31.663
7907,31.668
7908,31.664
7909,31.663
7910,31.66
7911,31.652
7912,31.647
7913,31.643
7914,31.643
7915,31.642
7916,31.648
7917,31.654
7918,31.653
7919,31.659
7920,31.662
7921,31.665
7922,31.666
7923,31.671
7924,31.672
7925,31.669
7926,31.668
7927,31.669
7928,31.676
7929,31.681
7930,31.69
7931,31.7
7932,31.711
7933,31.721
7934,31.733
7935,31.737
7936,31.74
7937,31.75
7938,31.753
7939,31.756
7940,31.754
7941,31.751
7942,31.752
7943,31.754
7944,31.753
7945,31.756
7946,31.755
7947,31.751
7948,31.747
7949,31.735
7950,31.733
7951,31.729
7952,31.724
7953,31.724
7954,31.723
7955,31.716
7956,31.714
7957,31.709
7958,31.707
7959,31.705
7960,31.704
7961,31.711
7962,31.718
7963,31.733
7964,31.737
7965,31.739
7966,31.742
7967,31.748
7968,31.749
7969,31.753
7970,31.766
7971,31.779
7972,31.784
7973,31.783
7974,31.791
7975,31.798
7976,31.808
7977,31.822
7978,31.834
7979,31.841
7980,31.84
7981,31.844
7982,31.847
7983,31.842
7984,31.838
7985,31.842
7986,31.847
7987,31.849
7988,31.846
7989,31.838
7990,31.84
7991,31.852
7992,31.858
7993,31.859
7994,31.855
7995,31.846
7996,31.837
7997,31.824
7998,31.821
7999,31.82
8000,31.816
