timestamp,mouse_x
1,0
2,0
3,0
4,0
5,0
6,0
7,0
8,0
9,0
10,0
11,0
12,0
13,0
14,0
15,0
16,0
17,0
18,0
19,0
20,0
21,0
22,0
23,0
24,0
25,0
26,0
27,0
28,0
29,0
30,0
31,0
32,0
33,0
34,0
35,0
36,0
37,0
38,0
39,0
40,0
41,0
42,0
43,0
44,0
45,0
46,0
47,0
48,0
49,0
50,0
51,0
52,0
53,0
54,0
55,0
56,0
57,0
58,0
59,0
60,0
61,0
62,0
63,0
64,0
65,0
66,0
67,0
68,0
69,0
70,0
71,0
72,0
73,0
74,0
75,0
76,0
77,0
78,0
79,0
80,0
81,0
82,0
83,0
84,0
85,0
86,0
87,0
88,0
89,0
90,0
91,0
92,0
93,0
94,0
95,0
96,0
97,0
98,0
99,0
100,0
101,0
102,0
103,0
104,0
105,0
106,0
107,0
108,0
109,0
110,0
111,0
112,0
113,0
114,0
115,0
116,0
117,0
118,0
119,0
120,0
121,0
122,0
123,0
124,0
125,0
126,0
127,0
128,0
129,0
130,0
131,0
132,0
133,0
134,0
135,0
136,0
137,0
138,0
139,0
140,0
141,0
142,0
143,0
144,0
145,0
146,0
147,0
148,0
149,0
150,0
151,0
152,0
153,0
154,0
155,0
156,0
157,0
158,0
159,0
160,0
161,0
162,0
163,0
164,0
165,0
166,0
167,0
168,0
169,0
170,0
171,0
172,0
173,0
174,0
175,0
176,0
177,0
178,0
179,0
180,0
181,0
182,0
183,0
184,0
185,0
186,0
187,0
188,0
189,0
190,0
191,0
192,0
193,0
194,0
195,0
196,0
197,0
198,0
199,0
200,0
201,0
202,0
203,0
204,0
205,0
206,0
207,0
208,0
209,0
210,0
211,0
212,0
213,0
214,0
215,0
216,0
217,0
218,0
219,0
220,0
221,0
222,0
223,0
224,0
225,0
226,0
227,0
228,0
229,0
230,0
231,0
232,0
233,0
234,0
235,0
236,0
237,0
238,0
239,0
240,0
241,0
242,0
243,0
244,0
245,0
246,0
247,0
248,0
249,0
250,0
251,0
252,0
253,0
254,0
255,0
256,0
257,0
258,0
259,0
260,0
261,0
262,0
263,0
264,0
265,0
266,0
267,0
268,0
269,0
270,0
271,0
272,0
273,0
274,0
275,0
276,0
277,0
278,0
279,0
280,0
281,0
282,0
283,0
284,0
285,0
286,0
287,0
288,0
289,0
290,0
291,0
292,0
293,0
294,0
295,0
296,0
297,0
298,0
299,0
300,0
301,0
302,0
303,0
304,0
305,0
306,0
307,0
308,0
309,0
310,0
311,0
312,0
313,0
314,0
315,0
316,0
317,0
318,0
319,0
320,0
321,0
322,0
323,0
324,0
325,0
326,0
327,0
328,0
329,0
330,0
331,0
332,0
333,0
334,0
335,0
336,0
337,0
338,0
339,0
340,0
341,0
342,0
343,0
344,0
345,0
346,0
347,0
348,0
349,0
350,0
351,0
352,0
353,0
354,0
355,0
356,0
357,0
358,0
359,0
360,0
361,0
362,0
363,0
364,0
365,0
366,0
367,0
368,0
369,0
370,0
371,0
372,0
373,0
374,0
375,0
376,0
377,0
378,0
379,0
380,0
381,0
382,0
383,0
384,0
385,0
386,0
387,0
388,0
389,0
390,0
391,0
392,0
393,0
394,0
395,0
396,0
397,0
398,0
399,0
400,0
401,0
402,0
403,0
404,0
405,0
406,0
407,0
408,0
409,0
410,0
411,0
412,0
413,0
414,0
415,0
416,0
417,0
418,0
419,0
420,0
421,0
422,0
423,0
424,0
425,0
426,0
427,0
428,0
429,0
430,0
431,0
432,0
433,0
434,0
435,0
436,0
437,0
438,0
439,0
440,0
441,0
442,0
443,0
444,0
445,0
446,0
447,0
448,0
449,0
450,0
451,0
452,0
453,0
454,0
455,0
456,0
457,0
458,0
459,0
460,0
461,0
462,0
463,0
464,0
465,0
466,0
467,0
468,0
469,0
470,0
471,0
472,0
473,0
474,0
475,0
476,0
477,0
478,0
479,0
480,0
481,0
482,0
483,0
484,0
485,0
486,0
487,0
488,0
489,0
490,0
491,0
492,0
493,0
494,0
495,0
496,0
497,0
498,0
499,0
500,0
501,0
502,0
503,0
504,0
505,0
506,0
507,0
508,0
509,0
510,0
511,0
512,0
513,0
514,0
515,0
516,0
517,0
518,0
519,0
520,0
521,0
522,0
523,0
524,0
525,0
526,0
527,0
528,0
529,0
530,0
531,0
532,0
533,0
534,0
535,0
536,0
537,0
538,0
539,0
540,0
541,0
542,0
543,0
544,0
545,0
546,0
547,0
548,0
549,0
550,0
551,0
552,0
553,0
554,0
555,0
556,0
557,0
558,0
559,0
560,0
561,0
562,0
563,0
564,0
565,0
566,0
567,0
568,0
569,0
570,0
571,0
572,0
573,0
574,0
575,0
576,0
577,0
578,0
579,0
580,0
581,0
582,0
583,0
584,0
585,0
586,0
587,0
588,0
589,0
590,0
591,0
592,0
593,0
594,0
595,0
596,0
597,0
598,0
599,0
600,0
601,0
602,0
603,0
604,0
605,0
606,0
607,0
608,0
609,0
610,0
611,0
612,0
613,0
614,0
615,0
616,0
617,0
618,0
619,0
620,0
621,0
622,0
623,0
624,0
625,0
626,0
627,0
628,0
629,0
630,0
631,0
632,0
633,0
634,0
635,0
636,0
637,0
638,0
639,0
640,0
641,0
642,0
643,0
644,0
645,0
646,0
647,0
648,0
649,0
650,0
651,0
652,0
653,0
654,0
655,0
656,0
657,0
658,0
659,0
660,0
661,0
662,0
663,0
664,0
665,0
666,0
667,0
668,0
669,0
670,0
671,0
672,0
673,0
674,0
675,0
676,0
677,0
678,0
679,0
680,0
681,0
682,0
683,0
684,0
685,0
686,0
687,0
688,0
689,0
690,0
691,0
692,0
693,0
694,0
695,0
696,0
697,0
698,0
699,0
700,0
701,0
702,0
703,0
704,0
705,0
706,0
707,0
708,0
709,0
710,0
711,0
712,0
713,0
714,0
715,0
716,0
717,0
718,0
719,0
720,0
721,0
722,0
723,0
724,0
725,0
726,0
727,0
728,0
729,0
730,0
731,0
732,0
733,0
734,0
735,0
736,0
737,0
738,0
739,0
740,0
741,0
742,0
743,0
744,0
745,0
746,0
747,0
748,0
749,0
750,0
751,0
752,0
753,0
754,0
755,0
756,0
757,0
758,0
759,0
760,0
761,0
762,0
763,0
764,0
765,0
766,0
767,0
768,0
769,0
770,0
771,0
772,0
773,0
774,0
775,0
776,0
777,0
778,0
779,0
780,0
781,0
782,0
783,0
784,0
785,0
786,0
787,0
788,0
789,0
790,0
791,0
792,0
793,0
794,0
795,0
796,0
797,0
798,0
799,0
800,0
801,0
802,0
803,0
804,0
805,0
806,0
807,0
808,0
809,0
810,0
811,0
812,0
813,0
814,0
815,0
816,0
817,0
818,0
819,0
820,0
821,0
822,0
823,0
824,0
825,0
826,0
827,0
828,0
829,0
830,0
831,0
832,0
833,0
834,0
835,0
836,0
837,0
838,0
839,0
840,0
841,0
842,0
843,0
844,0
845,0
846,0
847,0
848,0
849,0
850,0
851,0
852,0
853,0
854,0
855,0
856,0
857,0
858,0
859,0
860,0
861,0
862,0
863,0
864,0
865,0
866,0
867,0
868,0
869,0
870,0
871,0
872,0
873,0
874,0
875,0
876,0
877,0
878,0
879,0
880,0
881,0
882,0
883,0
884,0
885,0
886,0
887,0
888,0
889,0
890,0
891,0
892,0
893,0
894,0
895,0
896,0
897,0
898,0
899,0
900,0
901,0
902,0
903,0
904,0
905,0
906,0
907,0
908,0
909,0
910,0
911,0
912,0
913,0
914,0
915,0
916,0
917,0
918,0
919,0
920,0
921,0
922,0
923,0
924,0
925,0
926,0
927,0
928,0
929,0
930,0
931,0
932,0
933,0
934,0
935,0
936,0
937,0
938,0
939,0
940,0
941,0
942,0
943,0
944,0
945,0
946,0
947,0
948,0
949,0
950,0
951,0
952,0
953,0
954,0
955,0
956,0
957,0
958,0
959,0
960,0
961,0
962,0
963,0
964,0
965,0
966,0
967,0
968,0
969,0
970,0
971,0
972,0
973,0
974,0
975,0
976,0
977,0
978,0
979,0
980,0
981,0
982,0
983,0
984,0
985,0
986,0
987,0
988,0
989,0
990,0
991,0
992,0
993,0
994,0
995,0
996,0
997,0
998,0
999,0
1000,0
1001,0
1002,0
1003,0
1004,0
1005,0
1006,0
1007,0
1008,0
1009,0
1010,0
1011,0
1012,0
1013,0
1014,0
1015,0
1016,0
1017,0
1018,0
1019,0
1020,0
1021,0
1022,0
1023,0
1024,0
1025,0
1026,0
1027,0
1028,0
1029,0
1030,0
1031,0
1032,0
1033,0
1034,0
1035,0
1036,0
1037,0
1038,0
1039,0
1040,0
1041,0
1042,0
1043,0
1044,0
1045,0
1046,0
1047,0
1048,0
1049,0
1050,0
1051,0
1052,0
1053,0
1054,0
1055,0
1056,0
1057,0
1058,0
1059,0
1060,0
1061,0
1062,0
1063,0
1064,0
1065,0
1066,0
1067,0
1068,0
1069,0
1070,0
1071,0
1072,0
1073,0
1074,0
1075,0
1076,0
1077,0
1078,0
1079,0
1080,0
1081,0
1082,0
1083,0
1084,0
1085,0
1086,0
1087,0
1088,0
1089,0
1090,0
1091,0
1092,0
1093,0
1094,0
1095,0
1096,0
1097,0
1098,0
1099,0
1100,0
1101,0
1102,0
1103,0
1104,0
1105,0
1106,0
1107,0
1108,0
1109,0
1110,0
1111,0
1112,0
1113,0
1114,0
1115,0
1116,0
1117,0
1118,0
1119,0
1120,0
1121,0
1122,0
1123,0
1124,0
1125,0
1126,0
1127,0
1128,0
1129,0
1130,0
1131,0
1132,0
1133,0
1134,0
1135,0
1136,0
1137,0
1138,0
1139,0
1140,0
1141,0
1142,0
1143,0
1144,0
1145,0
1146,0
1147,0
1148,0
1149,0
1150,0
1151,0
1152,0
1153,0
1154,0
1155,0
1156,0
1157,0
1158,0
1159,0
1160,0
1161,0
1162,0
1163,0
1164,0
1165,0
1166,0
1167,0
1168,0
1169,0
1170,0
1171,0
1172,0
1173,0
1174,0
1175,0
1176,0
1177,0
1178,0
1179,0
1180,0
1181,0
1182,0
1183,0
1184,0
1185,0
1186,0
1187,0
1188,0
1189,0
1190,0
1191,0
1192,0
1193,0
1194,0
1195,0
1196,0
1197,0
1198,0
1199,0
1200,0
1201,0
1202,0
1203,0
1204,0
1205,0
1206,0
1207,0
1208,0
1209,0
1210,0
1211,0
1212,0
1213,0
1214,0
1215,0
1216,0
1217,0
1218,0
1219,0
1220,0
1221,0
1222,0
1223,0
1224,0
1225,0
1226,0
1227,0
1228,0
1229,0
1230,0
1231,0
1232,0
1233,0
1234,0
1235,0
1236,0
1237,0
1238,0
1239,0
1240,0
1241,0
1242,0
1243,0
1244,0
1245,0
1246,0
1247,0
1248,0
1249,0
1250,0
1251,0
1252,0
1253,0
1254,0
1255,0
1256,0
1257,0
1258,0
1259,0
1260,0
1261,0
1262,0
1263,0
1264,0
1265,0
1266,0
1267,0
1268,0
1269,0
1270,0
1271,0
1272,0
1273,0
1274,0
1275,0
1276,0
1277,0
1278,0
1279,0
1280,0
1281,0
1282,0
1283,0
1284,0
1285,0
1286,0
1287,0
1288,0
1289,0
1290,0
1291,0
1292,0
1293,0
1294,0
1295,0
1296,0
1297,0
1298,0
1299,0
1300,0
1301,0
1302,0
1303,0
1304,0
1305,0
1306,0
1307,0
1308,0
1309,0
1310,0
1311,0
1312,0
1313,0
1314,0
1315,0
1316,0
1317,0
1318,0
1319,0
1320,0
1321,0
1322,0
1323,0
1324,0
1325,0
1326,0
1327,0
1328,0
1329,0
1330,0
1331,0
1332,0
1333,0
1334,0
1335,0
1336,0
1337,0
1338,0
1339,0
1340,0
1341,0
1342,0
1343,0
1344,0
1345,0
1346,0
1347,0
1348,0
1349,0
1350,0
1351,0
1352,0
1353,0
1354,0
1355,0
1356,0
1357,0
1358,0
1359,0
1360,0
1361,0
1362,0
1363,0
1364,0
1365,0
1366,0
1367,0
1368,0
1369,0
1370,0
1371,0
1372,0
1373,0
1374,0
1375,0
1376,0
1377,0
1378,0
1379,0
1380,0
1381,0
1382,0
1383,0
1384,0
1385,0
1386,0
1387,0
1388,0
1389,0
1390,0
1391,0
1392,0
1393,0
1394,0
1395,0
1396,0
1397,0
1398,0
1399,0
1400,0
1401,0
1402,0
1403,0
1404,0
1405,0
1406,0
1407,0
1408,0
1409,0
1410,0
1411,0
1412,0
1413,0
1414,0
1415,0
1416,0
1417,0
1418,0
1419,0
1420,0
1421,0
1422,0
1423,0
1424,0
1425,0
1426,0
1427,0
1428,0
1429,0
1430,0
1431,0
1432,0
1433,0
1434,0
1435,0
1436,0
1437,0
1438,0
1439,0
1440,0
1441,0
1442,0
1443,0
1444,0
1445,0
1446,0
1447,0
1448,0
1449,0
1450,0
1451,0
1452,0
1453,0
1454,0
1455,0
1456,0
1457,0
1458,0
1459,0
1460,0
1461,0
1462,0
1463,0
1464,0
1465,0
1466,0
1467,0
1468,0
1469,0
1470,0
1471,0
1472,0
1473,0
1474,0
1475,0
1476,0
1477,0
1478,0
1479,0
1480,0
1481,0
1482,0
1483,0
1484,0
1485,0
1486,0
1487,0
1488,0
1489,0
1490,0
1491,0
1492,0
1493,0
1494,0
1495,0
1496,0
1497,0
1498,0
1499,0
1500,0
1501,0
1502,0
1503,0
1504,0
1505,0
1506,0
1507,0
1508,0
1509,0
1510,0
1511,0
1512,0
1513,0
1514,0
1515,0
1516,0
1517,0
1518,0
1519,0
1520,0
1521,0
1522,0
1523,0
1524,0
1525,0
1526,0
1527,0
1528,0
1529,0
1530,0
1531,0
1532,0
1533,0
1534,0
1535,0
1536,0
1537,0
1538,0
1539,0
1540,0
1541,0
1542,0
1543,0
1544,0
1545,0
1546,0
1547,0
1548,0
1549,0
1550,0
1551,0
1552,0
1553,0
1554,0
1555,0
1556,0
1557,0
1558,0
1559,0
1560,0
1561,0
1562,0
1563,0
1564,0
1565,0
1566,0
1567,0
1568,0
1569,0
1570,0
1571,0
1572,0
1573,0
1574,0
1575,0
1576,0
1577,0
1578,0
1579,0
1580,0
1581,0
1582,0
1583,0
1584,0
1585,0
1586,0
1587,0
1588,0
1589,0
1590,0
1591,0
1592,0
1593,0
1594,0
1595,0
1596,0
1597,0
1598,0
1599,0
1600,0
1601,0
1602,0
1603,0
1604,0
1605,0
1606,0
1607,0
1608,0
1609,0
1610,0
1611,0
1612,0
1613,0
1614,0
1615,0
1616,0
1617,0
1618,0
1619,0
1620,0
1621,0
1622,0
1623,0
1624,0
1625,0
1626,0
1627,0
1628,0
1629,0
1630,0
1631,0
1632,0
1633,0
1634,0
1635,0
1636,0
1637,0
1638,0
1639,0
1640,0
1641,0
1642,0
1643,0
1644,0
1645,0
1646,0
1647,0
1648,0
1649,0
1650,0
1651,0
1652,0
1653,0
1654,0
1655,0
1656,0
1657,0
1658,0
1659,0
1660,0
1661,0
1662,0
1663,0
1664,0
1665,0
1666,0
1667,0
1668,0
1669,0
1670,0
1671,0
1672,0
1673,0
1674,0
1675,0
1676,0
1677,0
1678,0
1679,0
1680,0
1681,0
1682,0
1683,0
1684,0
1685,0
1686,0
1687,0
1688,0
1689,0
1690,0
1691,0
1692,0
1693,0
1694,0
1695,0
1696,0
1697,0
1698,0
1699,0
1700,0
1701,0
1702,0
1703,0
1704,0
1705,0
1706,0
1707,0
1708,0
1709,0
1710,0
1711,0
1712,0
1713,0
1714,0
1715,0
1716,0
1717,0
1718,0
1719,0
1720,0
1721,0
1722,0
1723,0
1724,0
1725,0
1726,0
1727,0
1728,0
1729,0
1730,0
1731,0
1732,0
1733,0
1734,0
1735,0
1736,0
1737,0
1738,0
1739,0
1740,0
1741,0
1742,0
1743,0
1744,0
1745,0
1746,0
1747,0
1748,0
1749,0
1750,0
1751,0
1752,0
1753,0
1754,0
1755,0
1756,0
1757,0
1758,0
1759,0
1760,0
1761,0
1762,0
1763,0
1764,0
1765,0
1766,0
1767,0
1768,0
1769,0
1770,0
1771,0
1772,0
1773,0
1774,0
1775,0
1776,0
1777,0
1778,0
1779,0
1780,0
1781,0
1782,0
1783,0
1784,0
1785,0
1786,0
1787,0
1788,0
1789,0
1790,0
1791,0
1792,0
1793,0
1794,0
1795,0
1796,0
1797,0
1798,0
1799,0
1800,0
1801,0
1802,0
1803,0
1804,0
1805,0
1806,0
1807,0
1808,0
1809,0
1810,0
1811,0
1812,0
1813,0
1814,0
1815,0
1816,0
1817,0
1818,0
1819,0
1820,0
1821,0
1822,0
1823,0
1824,0
1825,0
1826,0
1827,0
1828,0
1829,0
1830,0
1831,0
1832,0
1833,0
1834,0
1835,0
1836,0
1837,0
1838,0
1839,0
1840,0
1841,0
1842,0
1843,0
1844,0
1845,0
1846,0
1847,0
1848,0
1849,0
1850,0
1851,0
1852,0
1853,0
1854,0
1855,0
1856,0
1857,0
1858,0
1859,0
1860,0
1861,0
1862,0
1863,0
1864,0
1865,0
1866,0
1867,0
1868,0
1869,0
1870,0
1871,0
1872,0
1873,0
1874,0
1875,0
1876,0
1877,0
1878,0
1879,0
1880,0
1881,0
1882,0
1883,0
1884,0
1885,0
1886,0
1887,0
1888,0
1889,0
1890,0
1891,0
1892,0
1893,0
1894,0
1895,0
1896,0
1897,0
1898,0
1899,0
1900,0
1901,0
1902,0
1903,0
1904,0
1905,0
1906,0
1907,0
1908,0
1909,0
1910,0
1911,0
1912,0
1913,0
1914,0
1915,0
1916,0
1917,0
1918,0
1919,0
1920,0
1921,0
1922,0
1923,0
1924,0
1925,0
1926,0
1927,0
1928,0
1929,0
1930,0
1931,0
1932,0
1933,0
1934,0
1935,0
1936,0
1937,0
1938,0
1939,0
1940,0
1941,0
1942,0
1943,0
1944,0
1945,0
1946,0
1947,0
1948,0
1949,0
1950,0
1951,0
1952,0
1953,0
1954,0
1955,0
1956,0
1957,0
1958,0
1959,0
1960,0
1961,0
1962,0
1963,0
1964,0
1965,0
1966,0
1967,0
1968,0
1969,0
1970,0
1971,0
1972,0
1973,0
1974,0
1975,0
1976,0
1977,0
1978,0
1979,0
1980,0
1981,0
1982,0
1983,0
1984,0
1985,0
1986,0
1987,0
1988,0
1989,0
1990,0
1991,0
1992,0
1993,0
1994,0
1995,0
1996,0
1997,0
1998,0
1999,0
2000,0
2001,0
2002,0
2003,0
2004,0
2005,0
2006,0
2007,0
2008,0
2009,0
2010,0
2011,0
2012,0
2013,0
2014,0
2015,0
2016,0
2017,0
2018,0
2019,0
2020,0
2021,0
2022,0
2023,0
2024,0
2025,0
2026,0
2027,0
2028,0
2029,0
2030,0
2031,0
2032,0
2033,0
2034,0
2035,0
2036,0
2037,0
2038,0
2039,0
2040,0
2041,0
2042,0
2043,0
2044,0
2045,0
2046,0
2047,0
2048,0
2049,0
2050,0
2051,0
2052,0
2053,0
2054,0
2055,0
2056,0
2057,0
2058,0
2059,0
2060,0
2061,0
2062,0
2063,0
2064,0
2065,0
2066,0
2067,0
2068,0
2069,0
2070,0
2071,0
2072,0
2073,0
2074,0
2075,0
2076,0
2077,0
2078,0
2079,0
2080,0
2081,0
2082,0
2083,0
2084,0
2085,0
2086,0
2087,0
2088,0
2089,0
2090,0
2091,0
2092,0
2093,0
2094,0
2095,0
2096,0
2097,0
2098,0
2099,0
2100,0
2101,0
2102,0
2103,0
2104,0
2105,0
2106,0
2107,0
2108,0
2109,0
2110,0
2111,0
2112,0
2113,0
2114,0
2115,0
2116,0
2117,0
2118,0
2119,0
2120,0
2121,0
2122,0
2123,0
2124,0
2125,0
2126,0
2127,0
2128,0
2129,0
2130,0
2131,0
2132,0
2133,0
2134,0
2135,0
2136,0
2137,0
2138,0
2139,0
2140,0
2141,0
2142,0
2143,0
2144,0
2145,0
2146,0
2147,0
2148,0
2149,0
2150,0
2151,0
2152,0
2153,0
2154,0
2155,0
2156,0
2157,0
2158,0
2159,0
2160,0
2161,0
2162,0
2163,0
2164,0
2165,0
2166,0
2167,0
2168,0
2169,0
2170,0
2171,0
2172,0
2173,0
2174,0
2175,0
2176,0
2177,0
2178,0
2179,0
2180,0
2181,0
2182,0
2183,0
2184,0
2185,0
2186,0
2187,0
2188,0
2189,0
2190,0
2191,0
2192,0
2193,0
2194,0
2195,0
2196,0
2197,0
2198,0
2199,0
2200,0
2201,0
2202,0
2203,0
2204,0
2205,0
2206,0
2207,0
2208,0
2209,0
2210,0
2211,0
2212,0
2213,0
2214,0
2215,0
2216,0
2217,0
2218,0
2219,0
2220,0
2221,0
2222,0
2223,0
2224,0
2225,0
2226,0
2227,0
2228,0
2229,0
2230,0
2231,0
2232,0
2233,0
2234,0
2235,0
2236,0
2237,0
2238,0
2239,0
2240,0
2241,0
2242,0
2243,0
2244,0
2245,0
2246,0
2247,0
2248,0
2249,0
2250,0
2251,0
2252,0
2253,0
2254,0
2255,0
2256,0
2257,0
2258,0
2259,0
2260,0
2261,0
2262,0
2263,0
2264,0
2265,0
2266,0
2267,0
2268,0
2269,0
2270,0
2271,0
2272,0
2273,0
2274,0
2275,0
2276,0
2277,0
2278,0
2279,0
2280,0
2281,0
2282,0
2283,0
2284,0
2285,0
2286,0
2287,0
2288,0
2289,0
2290,0
2291,0
2292,0
2293,0
2294,0
2295,0
2296,0
2297,0
2298,0
2299,0
2300,0
2301,0
2302,0
2303,0
2304,0
2305,0
2306,0
2307,0
2308,0
2309,0
2310,0
2311,0
2312,0
2313,0
2314,0
2315,0
2316,0
2317,0
2318,0
2319,0
2320,0
2321,0
2322,0
2323,0
2324,0
2325,0
2326,0
2327,0
2328,0
2329,0
2330,0
2331,0
2332,0
2333,0
2334,0
2335,0
2336,0
2337,0
2338,0
2339,0
2340,0
2341,0
2342,0
2343,0
2344,0
2345,0
2346,0
2347,0
2348,0
2349,0
2350,0
2351,0
2352,0
2353,0
2354,0
2355,0
2356,0
2357,0
2358,0
2359,0
2360,0
2361,0
2362,0
2363,0
2364,0
2365,0
2366,0
2367,0
2368,0
2369,0
2370,0
2371,0
2372,0
2373,0
2374,0
2375,0
2376,0
2377,0
2378,0
2379,0
2380,0
2381,0
2382,0
2383,0
2384,0
2385,0
2386,0
2387,0
2388,0
2389,0
2390,0
2391,0
2392,0
2393,0
2394,0
2395,0
2396,0
2397,0
2398,0
2399,0
2400,0
2401,0
2402,0
2403,0
2404,0
2405,0
2406,0
2407,0
2408,0
2409,0
2410,0
2411,0
2412,0
2413,0
2414,0
2415,0
2416,0
2417,0
2418,0
2419,0
2420,0
2421,0
2422,0
2423,0
2424,0
2425,0
2426,0
2427,0
2428,0
2429,0
2430,0
2431,0
2432,0
2433,0
2434,0
2435,0
2436,0
2437,0
2438,0
2439,0
2440,0
2441,0
2442,0
2443,0
2444,0
2445,0
2446,0
2447,0
2448,0
2449,0
2450,0
2451,0
2452,0
2453,0
2454,0
2455,0
2456,0
2457,0
2458,0
2459,0
2460,0
2461,0
2462,0
2463,0
2464,0
2465,0
2466,0
2467,0
2468,0
2469,0
2470,0
2471,0
2472,0
2473,0
2474,0
2475,0
2476,0
2477,0
2478,0
2479,0
2480,0
2481,0
2482,0
2483,0
2484,0
2485,0
2486,0
2487,0
2488,0
2489,0
2490,0
2491,0
2492,0
2493,0
2494,0
2495,0
2496,0
2497,0
2498,0
2499,0
2500,0
2501,0
2502,0
2503,0
2504,0
2505,0
2506,0
2507,0
2508,0
2509,0
2510,0
2511,0
2512,0
2513,0
2514,0
2515,0
2516,0
2517,0
2518,0
2519,0
2520,0
2521,0
2522,0
2523,0
2524,0
2525,0
2526,0
2527,0
2528,0
2529,0
2530,0
2531,0
2532,0
2533,0
2534,0
2535,0
2536,0
2537,0
2538,0
2539,0
2540,0
2541,0
2542,0
2543,0
2544,0
2545,0
2546,0
2547,0
2548,0
2549,0
2550,0
2551,0
2552,0
2553,0
2554,0
2555,0
2556,0
2557,0
2558,0
2559,0
2560,0
2561,0
2562,0
2563,0
2564,0
2565,0
2566,0
2567,0
2568,0
2569,0
2570,0
2571,0
2572,0
2573,0
2574,0
2575,0
2576,0
2577,0
2578,0
2579,0
2580,0
2581,0
2582,0
2583,0
2584,0
2585,0
2586,0
2587,0
2588,0
2589,0
2590,0
2591,0
2592,0
2593,0
2594,0
2595,0
2596,0
2597,0
2598,0
2599,0
2600,0
2601,0
2602,0
2603,0
2604,0
2605,0
2606,0
2607,0
2608,0
2609,0
2610,0
2611,0
2612,0
2613,0
2614,0
2615,0
2616,0
2617,0
2618,0
2619,0
2620,0
2621,0
2622,0
2623,0
2624,0
2625,0
2626,0
2627,0
2628,0
2629,0
2630,0
2631,0
2632,0
2633,0
2634,0
2635,0
2636,0
2637,0
2638,0
2639,0
2640,0
2641,0
2642,0
2643,0
2644,0
2645,0
2646,0
2647,0
2648,0
2649,0
2650,0
2651,0
2652,0
2653,0
2654,0
2655,0
2656,0
2657,0
2658,0
2659,0
2660,0
2661,0
2662,0
2663,0
2664,0
2665,0
2666,0
2667,0
2668,0
2669,0
2670,0
2671,0
2672,0
2673,0
2674,0
2675,0
2676,0
2677,0
2678,0
2679,0
2680,0
2681,0
2682,0
2683,0
2684,0
2685,0
2686,0
2687,0
2688,0
2689,0
2690,0
2691,0
2692,0
2693,0
2694,0
2695,0
2696,0
2697,0
2698,0
2699,0
2700,0
2701,0
2702,0
2703,0
2704,0
2705,0
2706,0
2707,0
2708,0
2709,0
2710,0
2711,0
2712,0
2713,0
2714,0
2715,0
2716,0
2717,0
2718,0
2719,0
2720,0
2721,0
2722,0
2723,0
2724,0
2725,0
2726,0
2727,0
2728,0
2729,0
2730,0
2731,0
2732,0
2733,0
2734,0
2735,0
2736,0
2737,0
2738,0
2739,0
2740,0
2741,0
2742,0
2743,0
2744,0
2745,0
2746,0
2747,0
2748,0
2749,0
2750,0
2751,0
2752,0
2753,0
2754,0
2755,0
2756,0
2757,0
2758,0
2759,0
2760,0
2761,0
2762,0
2763,0
2764,0
2765,0
2766,0
2767,0
2768,0
2769,0
2770,0
2771,0
2772,0
2773,0
2774,0
2775,0
2776,0
2777,0
2778,0
2779,0
2780,0
2781,0
2782,0
2783,0
2784,0
2785,0
2786,0
2787,0
2788,0
2789,0
2790,0
2791,0
2792,0
2793,0
2794,0
2795,0
2796,0
2797,0
2798,0
2799,0
2800,0
2801,0
2802,0
2803,0
2804,0
2805,0
2806,0
2807,0
2808,0
2809,0
2810,0
2811,0
2812,0
2813,0
2814,0
2815,0
2816,0
2817,0
2818,0
2819,0
2820,0
2821,0
2822,0
2823,0
2824,0
2825,0
2826,0
2827,0
2828,0
2829,0
2830,0
2831,0
2832,0
2833,0
2834,0
2835,0
2836,0
2837,0
2838,0
2839,0
2840,0
2841,0
2842,0
2843,0
2844,0
2845,0
2846,0
2847,0
2848,0
2849,0
2850,0
2851,0
2852,0
2853,0
2854,0
2855,0
2856,0
2857,0
2858,0
2859,0
2860,0
2861,0
2862,0
2863,0
2864,0
2865,0
2866,0
2867,0
2868,0
2869,0
2870,0
2871,0
2872,0
2873,0
2874,0
2875,0
2876,0
2877,0
2878,0
2879,0
2880,0
2881,0
2882,0
2883,0
2884,0
2885,0
2886,0
2887,0
2888,0
2889,0
2890,0
2891,0
2892,0
2893,0
2894,0
2895,0
2896,0
2897,0
2898,0
2899,0
2900,0
2901,0
2902,0
2903,0
2904,0
2905,0
2906,0
2907,0
2908,0
2909,0
2910,0
2911,0
2912,0
2913,0
2914,0
2915,0
2916,0
2917,0
2918,0
2919,0
2920,0
2921,0
2922,0
2923,0
2924,0
2925,0
2926,0
2927,0
2928,0
2929,0
2930,0
2931,0
2932,0
2933,0
2934,0
2935,0
2936,0
2937,0
2938,0
2939,0
2940,0
2941,0
2942,0
2943,0
2944,0
2945,0
2946,0
2947,0
2948,0
2949,0
2950,0
2951,0
2952,0
2953,0
2954,0
2955,0
2956,0
2957,0
2958,0
2959,0
2960,0
2961,0
2962,0
2963,0
2964,0
2965,0
2966,0
2967,0
2968,0
2969,0
2970,0
2971,0
2972,0
2973,0
2974,0
2975,0
2976,0
2977,0
2978,0
2979,0
2980,0
2981,0
2982,0
2983,0
2984,0
2985,0
2986,0
2987,0
2988,0
2989,0
2990,0
2991,0
2992,0
2993,0
2994,0
2995,0
2996,0
2997,0
2998,0
2999,0
3000,0
3001,0
3002,0
3003,0
3004,0
3005,0
3006,-3.2521
3007,-7.0376
3008,-12.188
3009,-15.131
3010,-18.639
3011,-21.841
3012,-23.731
3013,-27.835
3014,-30.106
3015,-35.341
3016,-42.568
3017,-49.49
3018,-54.918
3019,-61.166
3020,-68.614
3021,-76.792
3022,-83.801
3023,-89.707
3024,-97.319
3025,-107.3
3026,-116.5
3027,-123.95
3028,-128.76
3029,-135.5
3030,-140.5
3031,-148.6
3032,-154.54
3033,-160.85
3034,-165.36
3035,-167.91
3036,-171.56
3037,-174.61
3038,-177.03
3039,-179.67
3040,-181.88
3041,-184.57
3042,-187.64
3043,-188.88
3044,-191.28
3045,-193.74
3046,-196.62
3047,-201.48
3048,-206.49
3049,-211.09
3050,-214.83
3051,-220.43
3052,-225.07
3053,-229.17
3054,-233.01
3055,-235.55
3056,-237.69
3057,-239.67
3058,-242.58
3059,-246.67
3060,-250.95
3061,-256.79
3062,-263.6
3063,-267.78
3064,-275.11
3065,-281.8
3066,-286.06
3067,-289.22
3068,-292.58
3069,-298.93
3070,-303.39
3071,-308.23
3072,-313.29
3073,-318.81
3074,-325.66
3075,-330.11
3076,-334.05
3077,-338.19
3078,-341.4
3079,-345.12
3080,-348.46
3081,-352.3
3082,-355.4
3083,-357.94
3084,-359.91
3085,-363.02
3086,-365.78
3087,-370.07
3088,-373.93
3089,-379.72
3090,-385.51
3091,-389.64
3092,-390
3093,-389.67
3094,-389.17
3095,-389.15
3096,-389.78
3097,-391.31
3098,-394.91
3099,-399.71
3100,-405.9
3101,-412.2
3102,-415.78
3103,-419.6
3104,-422.02
3105,-425.84
3106,-429.11
3107,-432.45
3108,-436.91
3109,-441.14
3110,-444.08
3111,-447.92
3112,-449.43
3113,-450.1
3114,-450.44
3115,-451.33
3116,-453.02
3117,-455.53
3118,-460.06
3119,-461.85
3120,-464.83
3121,-467.18
3122,-470.26
3123,-474.14
3124,-477.24
3125,-480.26
3126,-483.98
3127,-486.03
3128,-488.15
3129,-490.67
3130,-494.47
3131,-497.39
3132,-499.35
3133,-502.2
3134,-505.34
3135,-508.29
3136,-510.75
3137,-512.48
3138,-515.13
3139,-517.34
3140,-521.55
3141,-524.66
3142,-528.15
3143,-532.82
3144,-535.86
3145,-536.92
3146,-537.08
3147,-538.13
3148,-537.66
3149,-539.73
3150,-541.94
3151,-544.61
3152,-546.44
3153,-548.33
3154,-550.75
3155,-552.82
3156,-554.94
3157,-555.26
3158,-556.6
3159,-558.78
3160,-560.24
3161,-562.82
3162,-565.38
3163,-565.81
3164,-566.45
3165,-568.7
3166,-569.52
3167,-570.65
3168,-571.99
3169,-571.76
3170,-571.38
3171,-571.41
3172,-572.97
3173,-573.57
3174,-573.69
3175,-574.32
3176,-574.06
3177,-574.35
3178,-574.13
3179,-574.16
3180,-574.27
3181,-575.1
3182,-576.79
3183,-576.82
3184,-575.31
3185,-574.1
3186,-573.4
3187,-573.03
3188,-572.88
3189,-573.34
3190,-573.18
3191,-573.09
3192,-573.97
3193,-574.83
3194,-575.75
3195,-577.56
3196,-579.27
3197,-581.02
3198,-581.55
3199,-584.76
3200,-585.65
3201,-587.47
3202,-588.69
3203,-589.04
3204,-591.47
3205,-592.6
3206,-596.27
3207,-599.81
3208,-602.01
3209,-603.05
3210,-606.16
3211,-607.71
3212,-609.61
3213,-610.64
3214,-613.85
3215,-615.74
3216,-615.57
3217,-615.83
3218,-616.44
3219,-617.01
3220,-617.92
3221,-617.3
3222,-615.37
3223,-613.38
3224,-611.21
3225,-608.99
3226,-607.83
3227,-606.07
3228,-604.56
3229,-604.25
3230,-603.37
3231,-601.9
3232,-601.33
3233,-599.6
3234,-598.59
3235,-598.53
3236,-597.67
3237,-597.5
3238,-596.85
3239,-596.58
3240,-598.03
3241,-598.39
3242,-599.87
3243,-601.31
3244,-602.37
3245,-601.63
3246,-601.29
3247,-600.34
3248,-599.93
3249,-600.54
3250,-600.72
3251,-601.23
3252,-603.38
3253,-604.81
3254,-605.81
3255,-606.5
3256,-605.15
3257,-602.75
3258,-600.1
3259,-596.99
3260,-595.73
3261,-595.06
3262,-595.21
3263,-596.62
3264,-597.71
3265,-600.03
3266,-602.23
3267,-605.95
3268,-608.74
3269,-610.34
3270,-612.93
3271,-613.51
3272,-615.85
3273,-615.93
3274,-614.49
3275,-612.98
3276,-611.81
3277,-610.38
3278,-610.38
3279,-609.77
3280,-609.38
3281,-609.1
3282,-609.36
3283,-608.59
3284,-608.55
3285,-608.16
3286,-608
3287,-608.86
3288,-609.04
3289,-609.73
3290,-609.37
3291,-610.32
3292,-611.99
3293,-612.42
3294,-611.93
3295,-610.89
3296,-610.18
3297,-610.02
3298,-610.81
3299,-609.62
3300,-609.44
3301,-609.3
3302,-606.74
3303,-604.32
3304,-604.21
3305,-605.17
3306,-605.96
3307,-606.3
3308,-604.3
3309,-603.59
3310,-603.75
3311,-603.43
3312,-603.21
3313,-603.6
3314,-604.19
3315,-605.03
3316,-605.94
3317,-605.84
3318,-606.37
3319,-604.32
3320,-602.78
3321,-599.97
3322,-600.31
3323,-601.78
3324,-604.09
3325,-606.79
3326,-609.18
3327,-611.3
3328,-611.36
3329,-610.61
3330,-609.95
3331,-609.72
3332,-610.33
3333,-610.91
3334,-613.82
3335,-617.58
3336,-620.72
3337,-622.16
3338,-623.66
3339,-627.75
3340,-629.71
3341,-629.44
3342,-626.78
3343,-626.34
3344,-624.56
3345,-619.89
3346,-617.36
3347,-616.48
3348,-616.3
3349,-616.99
3350,-617.5
3351,-616.38
3352,-615.37
3353,-612.48
3354,-610.81
3355,-610.06
3356,-608.59
3357,-607.21
3358,-607.96
3359,-608.4
3360,-609.54
3361,-609.36
3362,-608.89
3363,-608.04
3364,-608.13
3365,-608.21
3366,-610.06
3367,-609.3
3368,-609.3
3369,-608.4
3370,-607.26
3371,-607.13
3372,-607.54
3373,-606.98
3374,-607.02
3375,-605.56
3376,-604.49
3377,-605.88
3378,-607.74
3379,-608.47
3380,-608.53
3381,-607.96
3382,-606.19
3383,-603.03
3384,-602.08
3385,-601.03
3386,-601.79
3387,-603.32
3388,-603.12
3389,-602.69
3390,-601.91
3391,-600.91
3392,-601.75
3393,-602.31
3394,-602.69
3395,-602.18
3396,-602.61
3397,-601.93
3398,-600.6
3399,-598.36
3400,-595.37
3401,-593.37
3402,-590.88
3403,-588.62
3404,-587.84
3405,-588.36
3406,-589.11
3407,-588.81
3408,-589.57
3409,-589.36
3410,-588.28
3411,-587.25
3412,-586.81
3413,-586.15
3414,-585.74
3415,-586.7
3416,-588.04
3417,-587.71
3418,-587.59
3419,-586.17
3420,-586
3421,-586.69
3422,-587.27
3423,-588.37
3424,-588.89
3425,-589.82
3426,-590.53
3427,-591.24
3428,-592.07
3429,-591.94
3430,-591.32
3431,-590.69
3432,-590.93
3433,-589.16
3434,-587.3
3435,-585.24
3436,-583.33
3437,-581.9
3438,-581.78
3439,-581.39
3440,-582.13
3441,-581.71
3442,-580.86
3443,-578.38
3444,-578.75
3445,-579.51
3446,-578.19
3447,-576.45
3448,-574.19
3449,-572.02
3450,-571.53
3451,-570.15
3452,-568.41
3453,-567.15
3454,-567.6
3455,-567.67
3456,-569.82
3457,-571.46
3458,-573.58
3459,-571.77
3460,-569.91
3461,-568.75
3462,-567.16
3463,-565.72
3464,-563.9
3465,-561.96
3466,-562.07
3467,-562.4
3468,-562.28
3469,-562.26
3470,-560.75
3471,-559.6
3472,-557.11
3473,-554.66
3474,-552.82
3475,-551.66
3476,-550.11
3477,-549.52
3478,-549.14
3479,-549.1
3480,-549.71
3481,-548.72
3482,-545.97
3483,-544.29
3484,-542.14
3485,-540.52
3486,-538.44
3487,-536.86
3488,-533.24
3489,-530.29
3490,-528.35
3491,-527.52
3492,-525.58
3493,-523.89
3494,-520.15
3495,-517.24
3496,-516.66
3497,-515.63
3498,-515.61
3499,-514.61
3500,-512.31
3501,-511.07
3502,-510.86
3503,-511.89
3504,-512.52
3505,-513.89
3506,-514.63
3507,-515.33
3508,-516.31
3509,-516.52
3510,-516.32
3511,-515.31
3512,-514.88
3513,-514.43
3514,-512.79
3515,-512.59
3516,-512.86
3517,-513.05
3518,-513.34
3519,-513.68
3520,-514.13
3521,-513.58
3522,-511.65
3523,-510.78
3524,-511.59
3525,-509.22
3526,-505.79
3527,-503.42
3528,-501.22
3529,-499.25
3530,-497.61
3531,-496.49
3532,-496.54
3533,-496.02
3534,-495.99
3535,-494.79
3536,-494.55
3537,-494.51
3538,-493.69
3539,-493.12
3540,-491.75
3541,-489.47
3542,-487.57
3543,-485.51
3544,-482.4
3545,-480.43
3546,-478.23
3547,-476.92
3548,-476.08
3549,-474.28
3550,-470.28
3551,-467.05
3552,-464.69
3553,-463.03
3554,-460.98
3555,-458.99
3556,-457.88
3557,-457.53
3558,-457.33
3559,-457.84
3560,-459.15
3561,-459.62
3562,-459.48
3563,-457.94
3564,-456.13
3565,-454.13
3566,-452.55
3567,-450.23
3568,-448.13
3569,-447.15
3570,-446.19
3571,-445.18
3572,-445.92
3573,-445.79
3574,-446.75
3575,-448.31
3576,-450.02
3577,-450.5
3578,-451.97
3579,-453.14
3580,-454.6
3581,-456.13
3582,-457.65
3583,-459.87
3584,-461.32
3585,-463.06
3586,-465.51
3587,-466.44
3588,-465.65
3589,-464.21
3590,-461.81
3591,-459.96
3592,-457.85
3593,-454.95
3594,-453.65
3595,-453.08
3596,-451.01
3597,-448.42
3598,-445.91
3599,-443.91
3600,-442.11
3601,-440.35
3602,-438.88
3603,-437.8
3604,-436.93
3605,-435.63
3606,-433.55
3607,-432.16
3608,-430.04
3609,-428.24
3610,-427.22
3611,-427.59
3612,-427.55
3613,-426.02
3614,-426.03
3615,-426.08
3616,-425.81
3617,-424.85
3618,-423.97
3619,-424.51
3620,-423.92
3621,-423.07
3622,-421.47
3623,-421.51
3624,-421.15
3625,-419.78
3626,-418.61
3627,-416.99
3628,-414.79
3629,-414.27
3630,-413.72
3631,-414.37
3632,-415.41
3633,-416.31
3634,-416.16
3635,-414.85
3636,-413.6
3637,-412.33
3638,-410.72
3639,-411.57
3640,-412.08
3641,-412.04
3642,-413.3
3643,-413.38
3644,-413.18
3645,-411.9
3646,-411.99
3647,-412.98
3648,-412.74
3649,-412.12
3650,-410.85
3651,-410.71
3652,-409.89
3653,-409.33
3654,-408.53
3655,-407.87
3656,-406.6
3657,-405.62
3658,-404.43
3659,-402.94
3660,-401.29
3661,-400.14
3662,-399.26
3663,-397.58
3664,-396.68
3665,-395.74
3666,-394.08
3667,-392.1
3668,-389.73
3669,-386.73
3670,-385.22
3671,-385.08
3672,-384.15
3673,-382.12
3674,-379.51
3675,-378.02
3676,-376.19
3677,-373.48
3678,-370.07
3679,-367.88
3680,-366.75
3681,-364.92
3682,-363.61
3683,-362.32
3684,-361.76
3685,-361.12
3686,-360.35
3687,-358.04
3688,-355.71
3689,-353.72
3690,-351.27
3691,-349.11
3692,-346.69
3693,-344.51
3694,-344.42
3695,-344.44
3696,-344.92
3697,-346.01
3698,-346.32
3699,-345.33
3700,-343.99
3701,-343.25
3702,-341.95
3703,-340.42
3704,-340.01
3705,-339.48
3706,-339.27
3707,-337.66
3708,-335.74
3709,-334.6
3710,-334.23
3711,-333.49
3712,-332.59
3713,-331.67
3714,-330.76
3715,-329.72
3716,-328.85
3717,-327.58
3718,-326.77
3719,-326.61
3720,-326.56
3721,-325.29
3722,-324.54
3723,-324.25
3724,-323.13
3725,-322.39
3726,-320.06
3727,-317.05
3728,-314.1
3729,-312.08
3730,-312.04
3731,-312.53
3732,-312.03
3733,-310.66
3734,-308.39
3735,-305.99
3736,-303.99
3737,-302.48
3738,-301.52
3739,-300.36
3740,-298.72
3741,-297.21
3742,-297.41
3743,-298.26
3744,-299.08
3745,-300.78
3746,-300.81
3747,-301.45
3748,-302.57
3749,-303.15
3750,-303.11
3751,-304.02
3752,-305.92
3753,-307.27
3754,-308.16
3755,-309.03
3756,-310.14
3757,-312
3758,-312.28
3759,-312.09
3760,-312.86
3761,-313.69
3762,-314.77
3763,-315.8
3764,-316.55
3765,-315.96
3766,-315.77
3767,-315.91
3768,-316.06
3769,-315.2
3770,-313.66
3771,-313.55
3772,-314.61
3773,-314.8
3774,-314.57
3775,-313.39
3776,-312.59
3777,-312.73
3778,-311.77
3779,-310.87
3780,-309.61
3781,-307.96
3782,-306.62
3783,-304.99
3784,-303.79
3785,-303.86
3786,-305.7
3787,-307.16
3788,-306.34
3789,-305.72
3790,-306.67
3791,-306.45
3792,-305.59
3793,-304.58
3794,-302.93
3795,-301.46
3796,-300.81
3797,-300.59
3798,-300.36
3799,-300.58
3800,-300.73
3801,-301.02
3802,-299.92
3803,-299.37
3804,-298.81
3805,-298.12
3806,-298.05
3807,-297.58
3808,-297.55
3809,-297.75
3810,-297.11
3811,-296.77
3812,-297.6
3813,-297.99
3814,-299.41
3815,-299.21
3816,-299.69
3817,-299.76
3818,-300.25
3819,-300.42
3820,-300.46
3821,-299.91
3822,-296.83
3823,-293.13
3824,-291.28
3825,-289.61
3826,-287.86
3827,-285.73
3828,-285.86
3829,-286.75
3830,-288.18
3831,-289.81
3832,-289.71
3833,-288.7
3834,-287.38
3835,-286.65
3836,-286.61
3837,-286.26
3838,-285.69
3839,-284.66
3840,-284.17
3841,-283.9
3842,-283.59
3843,-282.77
3844,-282.22
3845,-281
3846,-279.69
3847,-277.96
3848,-275.71
3849,-273.87
3850,-272.4
3851,-270.81
3852,-269.83
3853,-268.8
3854,-268.81
3855,-269.64
3856,-270.93
3857,-271.07
3858,-270.78
3859,-269.95
3860,-269.62
3861,-267.69
3862,-264.84
3863,-262.79
3864,-261.5
3865,-260.91
3866,-259.76
3867,-259.11
3868,-259.95
3869,-259.36
3870,-258.37
3871,-257.49
3872,-256.71
3873,-256.89
3874,-256.81
3875,-257.16
3876,-258.28
3877,-257.92
3878,-258.06
3879,-258.55
3880,-257.85
3881,-256.93
3882,-255.7
3883,-253.93
3884,-251.92
3885,-249.31
3886,-247.66
3887,-246.5
3888,-244.83
3889,-243.78
3890,-242.95
3891,-243.14
3892,-242.97
3893,-242.56
3894,-242.38
3895,-241.49
3896,-239.87
3897,-238.46
3898,-237.09
3899,-235.84
3900,-234.27
3901,-233.38
3902,-232.39
3903,-231.17
3904,-230.46
3905,-229.67
3906,-228.69
3907,-227.67
3908,-227.71
3909,-227.73
3910,-227.33
3911,-227.07
3912,-227.5
3913,-227.86
3914,-226.69
3915,-225.65
3916,-225.61
3917,-225.43
3918,-225.28
3919,-224.93
3920,-224.17
3921,-223.12
3922,-222.18
3923,-221.48
3924,-220.96
3925,-220.36
3926,-220.84
3927,-219.54
3928,-217.85
3929,-217.17
3930,-216.59
3931,-215.72
3932,-215.27
3933,-215.87
3934,-216.01
3935,-216.46
3936,-218.02
3937,-217.35
3938,-216.3
3939,-215.22
3940,-214.26
3941,-212.83
3942,-211.46
3943,-211.02
3944,-209.72
3945,-208.17
3946,-206.94
3947,-206.33
3948,-205.76
3949,-204.35
3950,-204.2
3951,-204.31
3952,-204.41
3953,-205.55
3954,-206.09
3955,-207.32
3956,-207.12
3957,-206.3
3958,-205.57
3959,-206.17
3960,-206.03
3961,-205.27
3962,-204.6
3963,-203.83
3964,-201.75
3965,-200.48
3966,-198.05
3967,-195.67
3968,-192.88
3969,-191.4
3970,-188.47
3971,-185.23
3972,-181.81
3973,-179.15
3974,-177.5
3975,-175.92
3976,-175.17
3977,-174.16
3978,-174.02
3979,-173.52
3980,-173.82
3981,-173.04
3982,-172.13
3983,-171.11
3984,-170.02
3985,-169.19
3986,-167.94
3987,-166.44
3988,-166.16
3989,-165.42
3990,-164.29
3991,-163.46
3992,-162.94
3993,-163.14
3994,-163.51
3995,-164.51
3996,-165.07
3997,-166.28
3998,-167.84
3999,-170.75
4000,-173.48
4001,-175.29
4002,-176.81
4003,-177.65
4004,-178.45
4005,-178.86
4006,-177.64
4007,-175.63
4008,-173.28
4009,-171.9
4010,-170.87
4011,-170.22
4012,-169.25
4013,-168.43
4014,-168.07
4015,-166.68
4016,-165.72
4017,-165.14
4018,-164.22
4019,-162.78
4020,-162.18
4021,-161.61
4022,-161.05
4023,-160.25
4024,-159.31
4025,-158.05
4026,-156.8
4027,-155.78
4028,-152.89
4029,-152.02
4030,-150.9
4031,-150.03
4032,-149.79
4033,-150.15
4034,-150.11
4035,-150.75
4036,-150.35
4037,-149.51
4038,-148.6
4039,-148.01
4040,-145.98
4041,-144.37
4042,-143.18
4043,-140.97
4044,-139.1
4045,-137.57
4046,-135.8
4047,-134.18
4048,-131.89
4049,-128.68
4050,-124.67
4051,-120.59
4052,-118.14
4053,-116.47
4054,-114.41
4055,-112.08
4056,-110.31
4057,-109.41
4058,-108.98
4059,-107.75
4060,-106.23
4061,-103.73
4062,-101.18
4063,-99.976
4064,-98.441
4065,-96.14
4066,-94.048
4067,-91.67
4068,-91.443
4069,-92.326
4070,-92.642
4071,-92.599
4072,-92.031
4073,-90.962
4074,-88.729
4075,-87.292
4076,-85.768
4077,-85.145
4078,-84.418
4079,-83.541
4080,-83.613
4081,-83.081
4082,-81.818
4083,-80.352
4084,-77.997
4085,-73.569
4086,-69.367
4087,-65.602
4088,-63.307
4089,-60.708
4090,-58.352
4091,-55.236
4092,-53.241
4093,-52.009
4094,-50.921
4095,-50.624
4096,-49.821
4097,-48.687
4098,-47.905
4099,-47.393
4100,-46.137
4101,-45.922
4102,-44.83
4103,-44.568
4104,-45.139
4105,-44.501
4106,-43.447
4107,-43.263
4108,-42.117
4109,-41.261
4110,-40.482
4111,-38.78
4112,-37.687
4113,-36.673
4114,-35.78
4115,-35.467
4116,-35.03
4117,-34.917
4118,-34.536
4119,-34.311
4120,-34.513
4121,-35.556
4122,-36.767
4123,-37.447
4124,-36.844
4125,-36.1
4126,-37.368
4127,-39.73
4128,-40.26
4129,-40.189
4130,-40.824
4131,-40.325
4132,-38.897
4133,-37.958
4134,-37.425
4135,-36.466
4136,-35.555
4137,-33.907
4138,-32.154
4139,-30.04
4140,-27.359
4141,-25.3
4142,-22.038
4143,-19.461
4144,-16.767
4145,-14.969
4146,-12.427
4147,-10.308
4148,-9.8286
4149,-9.1018
4150,-8.6926
4151,-8.4751
4152,-7.8499
4153,-7.9888
4154,-7.7803
4155,-7.9845
4156,-7.1407
4157,-5.5016
4158,-3.495
4159,-1.4131
4160,0.55966
4161,3.196
4162,5.0199
4163,6.5846
4164,8.0014
4165,9.7126
4166,12.339
4167,15.826
4168,20.337
4169,22.517
4170,23.917
4171,23.169
4172,22.158
4173,20.513
4174,20.315
4175,21.337
4176,22.747
4177,25.17
4178,27.116
4179,29.467
4180,31.042
4181,31.038
4182,31.142
4183,32.075
4184,32.184
4185,32.01
4186,33.415
4187,33.708
4188,34.277
4189,34.976
4190,36.92
4191,38.624
4192,40.991
4193,41.696
4194,42.32
4195,42.874
4196,43.384
4197,44.063
4198,44.544
4199,44.497
4200,44.419
4201,44.207
4202,44.392
4203,45.048
4204,45.553
4205,48.101
4206,50.044
4207,51.791
4208,54.067
4209,55.824
4210,58.183
4211,60.954
4212,63.243
4213,64.528
4214,65.784
4215,66.87
4216,68.611
4217,69.17
4218,70.487
4219,72.427
4220,72.911
4221,73.412
4222,74.859
4223,75.299
4224,75.751
4225,76.942
4226,78.865
4227,80.552
4228,82.611
4229,84.021
4230,84.493
4231,85.537
4232,86.455
4233,86.419
4234,86.89
4235,87.904
4236,89.006
4237,89.327
4238,89.568
4239,89.388
4240,90.242
4241,90.323
4242,91.032
4243,91.786
4244,92.588
4245,93.836
4246,95.288
4247,96.456
4248,97.948
4249,98.893
4250,100.26
4251,102.68
4252,104.84
4253,106.32
4254,107.03
4255,107.17
4256,108.43
4257,110.08
4258,111.95
4259,112.97
4260,113.39
4261,113.73
4262,113.68
4263,114.16
4264,115.93
4265,118.24
4266,120.24
4267,122.65
4268,124.77
4269,126.2
4270,127.99
4271,129.07
4272,131.16
4273,132.23
4274,133.72
4275,134.94
4276,136.1
4277,136.75
4278,137.13
4279,136.93
4280,136.75
4281,137.11
4282,136.57
4283,135.55
4284,136.68
4285,138.43
4286,139.56
4287,141.07
4288,141.36
4289,141.96
4290,143.44
4291,142.86
4292,142.95
4293,142.35
4294,141.11
4295,141.03
4296,141.34
4297,141.34
4298,140.63
4299,140.2
4300,140.77
4301,140.77
4302,139.89
4303,138.61
4304,138.58
4305,139.4
4306,140.14
4307,142.7
4308,145.28
4309,147.81
4310,149.47
4311,150.92
4312,153.25
4313,155.08
4314,155.68
4315,155.24
4316,154.67
4317,153.72
4318,152.91
4319,151.96
4320,151.18
4321,150.57
4322,150.72
4323,151.85
4324,152.43
4325,152.81
4326,153.11
4327,153.7
4328,154.03
4329,154.92
4330,154.95
4331,155.5
4332,156.07
4333,156.47
4334,157.52
4335,157.97
4336,159.89
4337,159.93
4338,159.99
4339,160.36
4340,161.09
4341,161.84
4342,163.04
4343,164.18
4344,164.66
4345,164.52
4346,164.33
4347,164.21
4348,165.03
4349,165.27
4350,164.93
4351,165.3
4352,165.57
4353,165.47
4354,166.35
4355,166.7
4356,167.19
4357,167.07
4358,167.17
4359,167.05
4360,167.77
4361,168.21
4362,168.87
4363,168.22
4364,168.39
4365,168.14
4366,168.15
4367,168.1
4368,167.68
4369,167.1
4370,166.43
4371,166.34
4372,165.63
4373,165.3
4374,164.52
4375,164.97
4376,165.15
4377,165.47
4378,165.99
4379,166.7
4380,166.55
4381,165.38
4382,164.57
4383,163.7
4384,163.45
4385,163.07
4386,162.78
4387,161.33
4388,160.85
4389,160.96
4390,160.59
4391,159.82
4392,158.89
4393,158.21
4394,157.78
4395,157.58
4396,157.19
4397,157.18
4398,157.44
4399,158.08
4400,158.83
4401,159
4402,159.61
4403,161
4404,163.23
4405,163.97
4406,163.97
4407,164.02
4408,164
4409,165.21
4410,164.99
4411,164.74
4412,164.52
4413,164.91
4414,164.77
4415,164.89
4416,165.2
4417,165.87
4418,165.96
4419,165.47
4420,166.06
4421,166.92
4422,167.71
4423,168.33
4424,169.67
4425,170.01
4426,169.28
4427,169.04
4428,169.22
4429,168.94
4430,169.13
4431,170.17
4432,170.61
4433,170.02
4434,169.29
4435,168.63
4436,168.39
4437,168.89
4438,169.32
4439,169.68
4440,171.83
4441,175.38
4442,178.95
4443,183.03
4444,184.79
4445,185.14
4446,185.28
4447,185.61
4448,186.36
4449,186.17
4450,186.46
4451,187.25
4452,187.76
4453,187.24
4454,187.37
4455,186.53
4456,186.07
4457,186.31
4458,186.76
4459,188.68
4460,190.17
4461,191.45
4462,193.21
4463,195.28
4464,198.07
4465,200.41
4466,201.39
4467,202.59
4468,202.44
4469,202.41
4470,201.86
4471,201.64
4472,201.12
4473,200.81
4474,201.33
4475,201.63
4476,202.31
4477,203.17
4478,202.79
4479,202.15
4480,201.78
4481,202.16
4482,202.74
4483,203.24
4484,202.98
4485,202.48
4486,203.38
4487,204.04
4488,205.75
4489,208.09
4490,210.29
4491,212.35
4492,215.24
4493,217.05
4494,218.09
4495,218.92
4496,219.8
4497,221.42
4498,221.81
4499,222.21
4500,222.53
4501,222.37
4502,223.52
4503,224.05
4504,224.75
4505,225.27
4506,225.98
4507,226.24
4508,225.88
4509,225.23
4510,224.82
4511,224.84
4512,224.73
4513,224.5
4514,224.02
4515,223.63
4516,222.2
4517,221.28
4518,220.68
4519,219.97
4520,220.5
4521,220.73
4522,222.09
4523,222.93
4524,223.36
4525,223.89
4526,224.44
4527,225.24
4528,225.33
4529,224.94
4530,223.81
4531,222.55
4532,221.38
4533,220.59
4534,219.97
4535,219.19
4536,218.99
4537,219.2
4538,221.04
4539,221.9
4540,222.03
4541,221.65
4542,220.7
4543,220.7
4544,219.99
4545,220.17
4546,221.08
4547,221.61
4548,223.43
4549,225.06
4550,226.72
4551,227.38
4552,227.55
4553,227.87
4554,227.61
4555,227.69
4556,227.58
4557,227.88
4558,228.4
4559,229.29
4560,230.43
4561,230.78
4562,231.93
4563,234.99
4564,235.1
4565,235.23
4566,236.42
4567,236.51
4568,236.45
4569,237.82
4570,238.62
4571,238.21
4572,236.73
4573,235.65
4574,235.05
4575,234.21
4576,234.1
4577,235.13
4578,237.36
4579,238.69
4580,238.92
4581,238.59
4582,238.84
4583,238.94
4584,238.43
4585,239.02
4586,239.48
4587,239.02
4588,238.93
4589,238.71
4590,238.21
4591,237.86
4592,238.47
4593,239.18
4594,240.18
4595,241
4596,241.57
4597,241.19
4598,240.76
4599,240.82
4600,240.54
4601,239.04
4602,237.71
4603,236.98
4604,236.47
4605,235.94
4606,235.42
4607,234.67
4608,234.49
4609,234.21
4610,234.59
4611,234.36
4612,234.63
4613,234.88
4614,236.29
4615,237.19
4616,237.23
4617,238.05
4618,239.29
4619,241.71
4620,244.04
4621,245.38
4622,247.04
4623,248.03
4624,248.64
4625,249.36
4626,249.53
4627,249.69
4628,250.39
4629,251.93
4630,253.93
4631,255.72
4632,258.27
4633,259.21
4634,259.66
4635,260.16
4636,260.91
4637,260.97
4638,263.43
4639,264.89
4640,265.89
4641,266.39
4642,266.66
4643,265.97
4644,265.83
4645,265.61
4646,265.9
4647,266.83
4648,268.41
4649,269.31
4650,272.15
4651,274.77
4652,278.13
4653,280.07
4654,281.78
4655,283.33
4656,283.28
4657,282.68
4658,281.34
4659,280.35
4660,280.61
4661,280.59
4662,280.32
4663,280.57
4664,281.44
4665,281.81
4666,281.85
4667,281.95
4668,280.92
4669,279.74
4670,278.28
4671,277.76
4672,277.89
4673,277.7
4674,277.94
4675,279.88
4676,281.29
4677,281.8
4678,283.52
4679,285.06
4680,287.42
4681,288.95
4682,291.12
4683,293.13
4684,294.05
4685,294.1
4686,292.93
4687,292.87
4688,292.1
4689,291.49
4690,292.38
4691,293.08
4692,293.09
4693,292.98
4694,292.56
4695,291.6
4696,290.58
4697,289.21
4698,288.64
4699,288.04
4700,287.64
4701,287.51
4702,286.46
4703,286.32
4704,286.18
4705,286.39
4706,287.56
4707,287.36
4708,286.96
4709,286.28
4710,285.65
4711,285.43
4712,286.13
4713,285.98
4714,285.39
4715,284.91
4716,284.87
4717,285.17
4718,285.88
4719,286.6
4720,285.68
4721,284.84
4722,285.76
4723,286.15
4724,287.44
4725,289.08
4726,291.44
4727,293.61
4728,294.81
4729,296.57
4730,297.29
4731,298.06
4732,300.01
4733,302.6
4734,304.72
4735,307.49
4736,309.51
4737,310.65
4738,311.9
4739,312.64
4740,312.32
4741,310.84
4742,309.05
4743,307.61
4744,305.89
4745,303.44
4746,301.45
4747,300.15
4748,298.94
4749,298.51
4750,298.7
4751,300.4
4752,300.97
4753,302.13
4754,303.79
4755,305.86
4756,309.22
4757,311.27
4758,311.34
4759,311.73
4760,311.29
4761,311
4762,311.92
4763,312.81
4764,312.24
4765,311.02
4766,309.82
4767,309.43
4768,310.39
4769,311.18
4770,312.82
4771,313.4
4772,314.27
4773,313.54
4774,313.07
4775,311.85
4776,310.2
4777,308.83
4778,307.6
4779,307.04
4780,306.32
4781,306.6
4782,307.23
4783,307.85
4784,309.25
4785,311.59
4786,314.14
4787,315.72
4788,315.51
4789,315.39
4790,315.84
4791,317.46
4792,318.29
4793,319.39
4794,322.08
4795,323.23
4796,323.93
4797,324.02
4798,323.6
4799,324.08
4800,324.07
4801,323.74
4802,323.96
4803,324.88
4804,325
4805,324.44
4806,323.9
4807,323.66
4808,323.48
4809,323.8
4810,324.62
4811,324.84
4812,325.5
4813,326.15
4814,326.17
4815,326.53
4816,328.89
4817,330.41
4818,332.22
4819,332.09
4820,332.26
4821,335.09
4822,335.75
4823,334.75
4824,333.99
4825,334.01
4826,334.21
4827,335.2
4828,337.63
4829,339.74
4830,340.05
4831,339.85
4832,339.38
4833,338.69
4834,337.9
4835,337.39
4836,336.03
4837,335
4838,333.62
4839,332.2
4840,330.78
4841,329.67
4842,328.62
4843,328.16
4844,329.03
4845,330.06
4846,330.51
4847,331.32
4848,333.47
4849,336.8
4850,339.37
4851,340.94
4852,342.19
4853,342.63
4854,342.71
4855,341.44
4856,339.98
4857,338.6
4858,337.52
4859,336.45
4860,335.03
4861,333.41
4862,331.9
4863,330.31
4864,328.61
4865,328.51
4866,329.02
4867,329.93
4868,330.33
4869,329.45
4870,328.61
4871,328.27
4872,329.51
4873,330.94
4874,332
4875,333.54
4876,336.11
4877,337.44
4878,337.85
4879,339.2
4880,340.27
4881,341.35
4882,342.69
4883,343.55
4884,345.79
4885,348.03
4886,350.21
4887,353.66
4888,356.48
4889,359.55
4890,362.26
4891,363.72
4892,364.26
4893,366.81
4894,368.23
4895,371.02
4896,374.55
4897,378.14
4898,380.26
4899,380.61
4900,382.2
4901,384.36
4902,385.36
4903,385.12
4904,384.3
4905,383.49
4906,382.53
4907,381.88
4908,382.11
4909,382.22
4910,382.15
4911,382.23
4912,383.72
4913,387.04
4914,388.81
4915,391.21
4916,394.48
4917,396.06
4918,398.8
4919,400.92
4920,402.72
4921,402.32
4922,401.58
4923,400.36
4924,399.79
4925,400.16
4926,399.57
4927,398.29
4928,399.03
4929,400.51
4930,402.48
4931,401.99
4932,402.77
4933,403.64
4934,404.23
4935,403.68
4936,403.19
4937,402.9
4938,403.58
4939,405.96
4940,407.61
4941,407.73
4942,407.41
4943,405.77
4944,403.85
4945,401.61
4946,400.71
4947,400.06
4948,399.96
4949,400.36
4950,401.4
4951,402.61
4952,403.97
4953,405.64
4954,405.69
4955,406.8
4956,407.33
4957,408.18
4958,408.18
4959,408.36
4960,408
4961,407.43
4962,407.95
4963,408.31
4964,407.34
4965,405.85
4966,404.67
4967,404.66
4968,405.32
4969,405.86
4970,405.64
4971,406.11
4972,406.61
4973,406.62
4974,407.08
4975,409.13
4976,411.91
4977,414.87
4978,416.43
4979,418.32
4980,421.09
4981,421.58
4982,422.19
4983,423.1
4984,422.78
4985,423
4986,422.56
4987,421.17
4988,419.12
4989,417.3
4990,415.46
4991,414.05
4992,412.87
4993,410.77
4994,409.34
4995,408.94
4996,407.29
4997,406.36
4998,405.23
4999,404.58
5000,403.97
5001,405.11
5002,405.82
5003,405.23
5004,405.78
5005,406.83
5006,406.35
5007,406.33
5008,407.6
5009,409.45
5010,409.63
5011,410.02
5012,410.33
5013,411.92
5014,413.03
5015,413.34
5016,413.66
5017,415.2
5018,416.2
5019,416.67
5020,417.38
5021,417.34
5022,416.31
5023,416.21
5024,415.44
5025,416.03
5026,416.21
5027,418.1
5028,419.83
5029,421.15
5030,422.73
5031,422.78
5032,423.41
5033,423.66
5034,425.58
5035,427.59
5036,428.62
5037,428.98
5038,431.47
5039,432.91
5040,434.3
5041,434.88
5042,438.5
5043,440.65
5044,443.3
5045,446.68
5046,449.3
5047,450.48
5048,450.82
5049,450.87
5050,451.28
5051,451.85
5052,452.51
5053,452.83
5054,454.03
5055,456.81
5056,459.28
5057,461.68
5058,463.8
5059,466.12
5060,468.46
5061,472.17
5062,474.76
5063,477.41
5064,477.97
5065,477.84
5066,478.23
5067,478.69
5068,478.14
5069,476.55
5070,475.05
5071,475.02
5072,476.28
5073,476.58
5074,475.9
5075,474.73
5076,472.96
5077,471.15
5078,469.55
5079,467.74
5080,466.68
5081,465.83
5082,465.42
5083,464.11
5084,462.7
5085,461.96
5086,461.11
5087,459.59
5088,458.4
5089,457.85
5090,458.56
5091,459.96
5092,461.87
5093,463.34
5094,464.27
5095,464.4
5096,465.92
5097,466.24
5098,465.4
5099,464.71
5100,463.54
5101,463.64
5102,463.18
5103,464.14
5104,464.74
5105,463.26
5106,461.2
5107,458.92
5108,458.63
5109,460.47
5110,461.95
5111,463.71
5112,465.51
5113,467.39
5114,468.71
5115,470.72
5116,472.22
5117,473.69
5118,475.2
5119,476.28
5120,479.23
5121,479.63
5122,478.87
5123,478.23
5124,477.6
5125,478.7
5126,479.41
5127,479.54
5128,480.72
5129,480.56
5130,480.48
5131,479.41
5132,479.04
5133,478.86
5134,478.89
5135,478.26
5136,477.38
5137,476.33
5138,475.13
5139,474.11
5140,472.98
5141,470.78
5142,469.17
5143,469.09
5144,469.08
5145,468.45
5146,466.98
5147,467.43
5148,467.86
5149,467.81
5150,467.31
5151,468.98
5152,468.95
5153,469.18
5154,471.23
5155,475.02
5156,478.16
5157,480.82
5158,484.79
5159,487.17
5160,490.67
5161,494.53
5162,497.66
5163,499.83
5164,501.34
5165,503.91
5166,507.24
5167,509.16
5168,510.77
5169,510.27
5170,510.35
5171,509.63
5172,507.41
5173,504.08
5174,502.06
5175,499.89
5176,499.11
5177,498.27
5178,499.41
5179,499.47
5180,499.35
5181,498.63
5182,498.16
5183,497.11
5184,497
5185,496.31
5186,494.65
5187,494.58
5188,495.23
5189,494.79
5190,493.75
5191,492.57
5192,490.72
5193,488.82
5194,486.8
5195,485.54
5196,484.38
5197,483.36
5198,483.43
5199,483.74
5200,485.11
5201,485.58
5202,485.8
5203,485.55
5204,483.89
5205,482.23
5206,481.56
5207,481.92
5208,480.48
5209,479.19
5210,479.47
5211,480.44
5212,481.81
5213,483.55
5214,484.81
5215,484.2
5216,482.65
5217,481.79
5218,481.13
5219,480.93
5220,481.75
5221,481.16
5222,480.22
5223,480.46
5224,480.63
5225,480.48
5226,480.17
5227,481.32
5228,483.26
5229,484.5
5230,486.37
5231,486.89
5232,487.78
5233,489.95
5234,491.3
5235,491.68
5236,491.52
5237,492.38
5238,491.31
5239,491.08
5240,492.34
5241,496.21
5242,496.74
5243,496.42
5244,496.36
5245,497.1
5246,497.71
5247,498.95
5248,498.35
5249,496.92
5250,494.51
5251,491.73
5252,488.8
5253,486.33
5254,485.21
5255,483.84
5256,481.85
5257,481.39
5258,481.19
5259,480.84
5260,479.93
5261,478.45
5262,478.26
5263,477.62
5264,478.35
5265,477.68
5266,476.21
5267,475.82
5268,475.7
5269,476.54
5270,477.93
5271,477.93
5272,478.92
5273,478.83
5274,478.66
5275,477.85
5276,477.32
5277,476.88
5278,476.06
5279,476
5280,475.11
5281,475.04
5282,475.72
5283,476.96
5284,478.47
5285,480.94
5286,484.37
5287,487.47
5288,489.49
5289,490.35
5290,490.39
5291,489.27
5292,488.22
5293,489.57
5294,491.81
5295,493.12
5296,495.17
5297,496.38
5298,498.28
5299,498.36
5300,498.72
5301,498.92
5302,499.94
5303,499.42
5304,498.25
5305,497.2
5306,496.83
5307,496.28
5308,495.31
5309,494.27
5310,493.78
5311,494.05
5312,493.08
5313,493.89
5314,495.27
5315,495.95
5316,496.76
5317,496.67
5318,496.21
5319,498.67
5320,502.17
5321,505.24
5322,508.33
5323,511.03
5324,512.4
5325,513.04
5326,514.4
5327,514.62
5328,515.38
5329,515.78
5330,516.4
5331,516.68
5332,518.03
5333,518.39
5334,518.34
5335,518.15
5336,517.78
5337,517.34
5338,514.55
5339,513.18
5340,511.29
5341,510.09
5342,508.03
5343,506.57
5344,505.66
5345,506.06
5346,504.79
5347,503.41
5348,503.05
5349,502.33
5350,502.84
5351,502.52
5352,503.09
5353,504.98
5354,506.31
5355,508.54
5356,508.77
5357,510.03
5358,510.74
5359,510.33
5360,508.24
5361,506.26
5362,504.43
5363,502.93
5364,501.75
5365,500.86
5366,500.13
5367,499.71
5368,499.54
5369,500.69
5370,502.06
5371,503.12
5372,502.21
5373,501.44
5374,501.99
5375,502.22
5376,502.41
5377,503.44
5378,503.22
5379,502.35
5380,501.07
5381,500.51
5382,498.88
5383,497.41
5384,496.92
5385,496.43
5386,495.52
5387,494.79
5388,494.91
5389,495.24
5390,494.84
5391,493.16
5392,492.55
5393,491.23
5394,490.97
5395,491.06
5396,492.09
5397,492.28
5398,491.57
5399,491.62
5400,490.91
5401,489.54
5402,489.4
5403,490.03
5404,490.74
5405,490.84
5406,490.61
5407,491.12
5408,490.85
5409,492.05
5410,493.15
5411,494.42
5412,495.04
5413,496.91
5414,498.53
5415,500.32
5416,500.13
5417,501.27
5418,502.74
5419,503.31
5420,504.67
5421,504.87
5422,503.77
5423,503.44
5424,504.14
5425,504.95
5426,504.56
5427,504.73
5428,504.8
5429,503.49
5430,500.88
5431,499.29
5432,499.03
5433,498.43
5434,497.95
5435,498.7
5436,501.31
5437,502.16
5438,502.86
5439,502.88
5440,502.3
5441,501.77
5442,501.8
5443,500
5444,499.26
5445,499.56
5446,499.02
5447,499.28
5448,497.96
5449,496.03
5450,494.04
5451,491.49
5452,490.5
5453,489.15
5454,488.54
5455,489.07
5456,489.05
5457,488.64
5458,486.5
5459,484.86
5460,482.27
5461,479.82
5462,477.97
5463,476.15
5464,474.84
5465,473.71
5466,472.61
5467,472.5
5468,472.93
5469,474.41
5470,475.6
5471,476.26
5472,474.75
5473,472.88
5474,471.22
5475,470
5476,469.05
5477,469.28
5478,469.58
5479,468.38
5480,466.59
5481,464.08
5482,461.97
5483,460.16
5484,459.44
5485,459.84
5486,459.03
5487,458.48
5488,459.57
5489,461.13
5490,461.17
5491,460.53
5492,461.3
5493,461.66
5494,461.9
5495,462.24
5496,463.77
5497,464.02
5498,464.5
5499,466.28
5500,467.04
5501,469.23
5502,470.31
5503,470.92
5504,472.45
5505,473.18
5506,473.53
5507,472.9
5508,471.84
5509,473.08
5510,473.99
5511,474.86
5512,475.56
5513,477.45
5514,480.42
5515,481.6
5516,482.68
5517,485.21
5518,486.01
5519,485.69
5520,484.59
5521,483.49
5522,483.26
5523,483.94
5524,484.47
5525,485.78
5526,487.67
5527,489.8
5528,491.79
5529,493.06
5530,495.62
5531,497.13
5532,499.2
5533,499.86
5534,500.89
5535,501.49
5536,502.28
5537,501.81
5538,502.3
5539,502.76
5540,503.34
5541,503.13
5542,503.05
5543,503.77
5544,505.37
5545,507.5
5546,509.27
5547,512.45
5548,514.74
5549,517.3
5550,519.36
5551,519.92
5552,519.81
5553,518.48
5554,518.64
5555,518.28
5556,518.73
5557,519.51
5558,521.53
5559,522.41
5560,523.34
5561,521.82
5562,520.98
5563,520.67
5564,521.11
5565,521.3
5566,521.52
5567,522.27
5568,523.18
5569,523.24
5570,522.01
5571,521.81
5572,521.43
5573,521.98
5574,523.45
5575,522.63
5576,522.94
5577,524.79
5578,526.49
5579,528.21
5580,528.92
5581,530.36
5582,532.78
5583,536.42
5584,538.83
5585,541.44
5586,542.72
5587,543.16
5588,543.27
5589,543.82
5590,543.82
5591,543.71
5592,544.78
5593,545.8
5594,546.56
5595,547.3
5596,548.13
5597,549.25
5598,549.9
5599,550.63
5600,551.19
5601,552.3
5602,552.87
5603,555
5604,556.87
5605,558.19
5606,560.52
5607,560.62
5608,561
5609,562.12
5610,564.44
5611,566.99
5612,569.62
5613,571.78
5614,573.14
5615,574.76
5616,576.14
5617,577.79
5618,579.21
5619,582.35
5620,583.74
5621,586.09
5622,590.21
5623,592.66
5624,594.5
5625,597.07
5626,596.83
5627,597.26
5628,597.4
5629,597.22
5630,597.49
5631,599.34
5632,600.86
5633,602.22
5634,603.68
5635,603.71
5636,604.29
5637,604.71
5638,605.74
5639,605.59
5640,607.02
5641,605.62
5642,605.18
5643,604.48
5644,602.88
5645,602.49
5646,602.61
5647,601.76
5648,600.54
5649,599.57
5650,600.22
5651,599.05
5652,598.15
5653,596.89
5654,597.46
5655,597.73
5656,595.28
5657,594.25
5658,592.54
5659,591.5
5660,590.97
5661,590.58
5662,590.85
5663,591.25
5664,591.08
5665,592.58
5666,593.46
5667,594.74
5668,595.81
5669,596.22
5670,597.91
5671,599.1
5672,599.36
5673,599.59
5674,599.31
5675,597.85
5676,595.68
5677,594.61
5678,594.01
5679,594.6
5680,593.47
5681,590.19
5682,586.73
5683,584.56
5684,582.72
5685,581.78
5686,580.25
5687,578.74
5688,577.25
5689,577.24
5690,578.42
5691,579.43
5692,579.77
5693,581.46
5694,582.12
5695,581.87
5696,580.73
5697,579.07
5698,577.75
5699,577.35
5700,576.78
5701,577.32
5702,578.69
5703,580.92
5704,581.41
5705,582.35
5706,582.64
5707,584.17
5708,585.33
5709,586.35
5710,587.57
5711,589.14
5712,590.37
5713,590.48
5714,589.88
5715,589.2
5716,589.41
5717,589.57
5718,588.78
5719,588.25
5720,587.31
5721,586.53
5722,585.06
5723,584.75
5724,585.41
5725,586.65
5726,587.02
5727,587.85
5728,589.68
5729,592.25
5730,595.48
5731,597.8
5732,600.72
5733,604.5
5734,607.94
5735,609.01
5736,610.17
5737,612.17
5738,613.25
5739,614.86
5740,615.26
5741,616.14
5742,616.27
5743,615.98
5744,616.68
5745,617.3
5746,615.68
5747,615.52
5748,614.84
5749,614.29
5750,613.55
5751,613.5
5752,613.74
5753,614.11
5754,614.81
5755,615.32
5756,617.06
5757,618.46
5758,619.41
5759,620.05
5760,618.89
5761,617.23
5762,615.41
5763,613.31
5764,612.33
5765,611.18
5766,610.5
5767,607.68
5768,605.79
5769,605.91
5770,605.5
5771,606.58
5772,607.37
5773,607.49
5774,607.08
5775,608.04
5776,608.42
5777,607.63
5778,608.75
5779,610.81
5780,613.62
5781,614.82
5782,617.29
5783,620.5
5784,623.95
5785,626.25
5786,628.76
5787,630.34
5788,630.87
5789,631.79
5790,632.89
5791,632.78
5792,632.48
5793,633.31
5794,632.97
5795,632.17
5796,631.69
5797,631.74
5798,631.88
5799,630.63
5800,628.18
5801,626.23
5802,625.19
5803,625.34
5804,623.93
5805,621.67
5806,620.26
5807,619.2
5808,618.25
5809,616.18
5810,614.5
5811,612.95
5812,613.32
5813,614.23
5814,616.5
5815,617.77
5816,617.95
5817,617.78
5818,616.91
5819,616.66
5820,616.21
5821,617.32
5822,616.56
5823,615.74
5824,614.05
5825,613.69
5826,614.17
5827,613.78
5828,613.47
5829,612.8
5830,612.35
5831,612.59
5832,612.18
5833,611.85
5834,612.13
5835,612.65
5836,612.78
5837,612.13
5838,611.63
5839,609.96
5840,609.12
5841,609.05
5842,609.47
5843,608.69
5844,606.04
5845,603.3
5846,600.33
5847,598.63
5848,597.81
5849,597.57
5850,598.64
5851,599.74
5852,600.22
5853,601.49
5854,599.96
5855,599.05
5856,598.9
5857,599.93
5858,601.51
5859,602.16
5860,602.22
5861,601.92
5862,601.5
5863,601.48
5864,601.59
5865,601.11
5866,601.85
5867,601.6
5868,601.79
5869,603.01
5870,603.09
5871,601.76
5872,601.03
5873,601.59
5874,603.83
5875,605.16
5876,604.04
5877,602.47
5878,600.83
5879,598.56
5880,594.93
5881,591.77
5882,588.21
5883,585.04
5884,583.6
5885,582.63
5886,582.3
5887,581.38
5888,580.01
5889,578.28
5890,579.41
5891,580.7
5892,581.16
5893,580.78
5894,580.26
5895,580.06
5896,579.21
5897,580.53
5898,581.57
5899,580.82
5900,579.31
5901,578.79
5902,581.09
5903,581.5
5904,581.95
5905,581.51
5906,581.08
5907,580.04
5908,579.45
5909,579.68
5910,577.3
5911,575.61
5912,573.68
5913,572.26
5914,571.51
5915,571.67
5916,571.24
5917,570.04
5918,570.93
5919,571.12
5920,572.5
5921,575.42
5922,577.88
5923,579.55
5924,579.64
5925,578.02
5926,578.02
5927,578.69
5928,578.67
5929,576.92
5930,577.33
5931,579.36
5932,581.52
5933,583.51
5934,585.3
5935,587.2
5936,588.86
5937,590.96
5938,591.89
5939,591.39
5940,590.95
5941,589.5
5942,589.11
5943,587.64
5944,585.61
5945,583.24
5946,582.22
5947,581.27
5948,580.96
5949,580.46
5950,581.19
5951,581.07
5952,582.12
5953,583.63
5954,583.94
5955,584.66
5956,586.92
5957,589.03
5958,591.69
5959,594.64
5960,597.08
5961,599.76
5962,599.49
5963,599.21
5964,600.4
5965,601.05
5966,600.5
5967,599.54
5968,598.26
5969,599.18
5970,601.19
5971,601.94
5972,603.36
5973,604.74
5974,605.17
5975,604.82
5976,603.84
5977,602.2
5978,600.52
5979,598.55
5980,598.16
5981,598.15
5982,598.2
5983,598.65
5984,598.15
5985,596.86
5986,594.75
5987,593.94
5988,591.96
5989,590.3
5990,588.07
5991,585.86
5992,584.64
5993,583.21
5994,580.93
5995,578.78
5996,576.37
5997,574.73
5998,573.54
5999,572.75
6000,573.8
6001,575.05
6002,575.05
6003,575.98
6004,576.56
6005,577.2
6006,578.39
6007,578.33
6008,577.55
6009,576.51
6010,575.83
6011,575.66
6012,574.94
6013,574.9
6014,575.32
6015,576.82
6016,578.08
6017,581.1
6018,582.94
6019,584.89
6020,585.87
6021,587.72
6022,588.32
6023,588.6
6024,588.16
6025,586.9
6026,586.81
6027,586.57
6028,585.63
6029,584.9
6030,586.08
6031,585.91
6032,585.25
6033,584.32
6034,583.53
6035,582.71
6036,581.46
6037,579.72
6038,578.81
6039,578.06
6040,576.85
6041,575.49
6042,573.92
6043,572.8
6044,571.65
6045,569.49
6046,566.98
6047,564.96
6048,562.71
6049,559.89
6050,557.86
6051,556.99
6052,557.23
6053,557.69
6054,557.82
6055,557.25
6056,558.13
6057,558.75
6058,559.5
6059,560.29
6060,562.09
6061,562.64
6062,563.69
6063,563.47
6064,565.41
6065,567.7
6066,567.92
6067,568.75
6068,569.62
6069,570.46
6070,571.98
6071,571.74
6072,571.84
6073,572.32
6074,573.88
6075,576.61
6076,579.6
6077,581.88
6078,583.25
6079,584.29
6080,585.94
6081,586.24
6082,586.04
6083,587.21
6084,588.29
6085,588.96
6086,588.57
6087,588.54
6088,588.64
6089,589.11
6090,587.17
6091,584.96
6092,583.24
6093,582.13
6094,580.89
6095,579.37
6096,577.27
6097,575.52
6098,573.15
6099,570.14
6100,568.98
6101,568.33
6102,566.58
6103,567.04
6104,568.24
6105,569.17
6106,570.55
6107,570.16
6108,570.94
6109,571.04
6110,571.48
6111,572.79
6112,573.92
6113,575.27
6114,575.62
6115,574.77
6116,574
6117,573.97
6118,573.11
6119,572.53
6120,572.33
6121,570.5
6122,568.03
6123,566.43
6124,565.05
6125,563.86
6126,563.56
6127,563.08
6128,563.19
6129,563.95
6130,567.6
6131,568.94
6132,570.48
6133,570.98
6134,573.56
6135,575.8
6136,576.95
6137,579.13
6138,583.17
6139,585.73
6140,588.82
6141,592.68
6142,596.87
6143,599
6144,601.86
6145,605.04
6146,607.2
6147,609.21
6148,611.66
6149,614.09
6150,617.31
6151,619.88
6152,621.16
6153,622.54
6154,624.04
6155,623.41
6156,624.41
6157,624.58
6158,626.64
6159,627.82
6160,629.43
6161,632.1
6162,634.06
6163,633.68
6164,633.07
6165,632.08
6166,630.98
6167,630.48
6168,629.29
6169,627.09
6170,626.68
6171,625.61
6172,625.61
6173,624.81
6174,624.37
6175,623.63
6176,624.05
6177,623.12
6178,621.76
6179,619.37
6180,616.39
6181,613.34
6182,611.16
6183,610.16
6184,608.25
6185,606.12
6186,604.44
6187,604.06
6188,603.65
6189,603.34
6190,603.4
6191,605.99
6192,609.58
6193,612.14
6194,612.1
6195,611.53
6196,610.48
6197,608.86
6198,607.86
6199,607
6200,606.32
6201,606.26
6202,606.06
6203,606.14
6204,607.01
6205,605.92
6206,602.7
6207,600.13
6208,597.89
6209,596.42
6210,594.1
6211,591.92
6212,589.87
6213,589.28
6214,589.52
6215,590.43
6216,590.74
6217,590.86
6218,590.91
6219,592.52
6220,592.78
6221,591.53
6222,591.28
6223,591.54
6224,592.71
6225,593.84
6226,594.26
6227,594.89
6228,595.03
6229,594.25
6230,593.53
6231,592.35
6232,591.87
6233,592.32
6234,592.01
6235,591.75
6236,592.19
6237,591.6
6238,590.97
6239,590.48
6240,591.88
6241,593.33
6242,593.57
6243,593.79
6244,593.62
6245,593.7
6246,592.73
6247,590.57
6248,589.14
6249,588.31
6250,586.37
6251,584.48
6252,584.53
6253,584.68
6254,584.12
6255,583.73
6256,582.93
6257,582.64
6258,582.4
6259,582.12
6260,580.87
6261,579.29
6262,577.17
6263,576.3
6264,577.51
6265,577.82
6266,579.27
6267,581.38
6268,582.25
6269,584.81
6270,586.96
6271,588.51
6272,590.73
6273,592.52
6274,593.02
6275,595.61
6276,597.59
6277,599.56
6278,601.29
6279,603.21
6280,605.78
6281,607.63
6282,609.01
6283,608.67
6284,608.92
6285,610.4
6286,610.94
6287,612.09
6288,613.48
6289,615.2
6290,616.41
6291,617.77
6292,619.55
6293,620.47
6294,620
6295,619.16
6296,620.4
6297,621.62
6298,622.12
6299,622.93
6300,623.65
6301,625.99
6302,626.93
6303,627.76
6304,627.77
6305,629.41
6306,629.53
6307,629.83
6308,628.74
6309,628.05
6310,627.71
6311,626.14
6312,624.92
6313,622.77
6314,621.1
6315,620.19
6316,620.68
6317,621.11
6318,621.79
6319,621.1
6320,620.22
6321,619.49
6322,616.99
6323,615.19
6324,613.12
6325,613.22
6326,615
6327,617.66
6328,620.56
6329,623.92
6330,626.06
6331,626.92
6332,630.04
6333,631.75
6334,630.76
6335,630.8
6336,632.24
6337,634.03
6338,634.13
6339,633.67
6340,633.07
6341,631.69
6342,631.15
6343,629.3
6344,628.89
6345,629.76
6346,629.89
6347,629.57
6348,628.72
6349,628.12
6350,627.89
6351,628.46
6352,629.21
6353,630.1
6354,630.02
6355,629.68
6356,629.57
6357,629.22
6358,627.13
6359,625.41
6360,623.6
6361,621.35
6362,619.03
6363,615.79
6364,613.1
6365,610.74
6366,609.91
6367,609.88
6368,609.51
6369,609.58
6370,610.39
6371,610.7
6372,610.73
6373,610.44
6374,609.78
6375,609.88
6376,610.67
6377,612.44
6378,613.79
6379,613.95
6380,614.37
6381,614.04
6382,612.82
6383,613.35
6384,613.8
6385,612.79
6386,611.59
6387,610.61
6388,609.95
6389,608.34
6390,607.02
6391,604.38
6392,601.94
6393,599.52
6394,598.91
6395,597.81
6396,596.74
6397,595.62
6398,593.91
6399,592.01
6400,590.48
6401,591.46
6402,592.24
6403,594.8
6404,597.35
6405,598.05
6406,599.57
6407,599.84
6408,600.1
6409,599.76
6410,598.7
6411,599.01
6412,600.95
6413,603.33
6414,604.88
6415,605.94
6416,606.5
6417,606.95
6418,606.26
6419,604.67
6420,603.27
6421,601.27
6422,600.57
6423,598.93
6424,596.46
6425,594.25
6426,592.08
6427,590.51
6428,589.12
6429,588.18
6430,587.05
6431,585.95
6432,585.93
6433,585.12
6434,583.25
6435,580.17
6436,577.84
6437,575.28
6438,573.95
6439,572.67
6440,569.87
6441,567.92
6442,568.15
6443,569.62
6444,571.18
6445,571.99
6446,571.6
6447,570.8
6448,571
6449,571.34
6450,570.53
6451,569.62
6452,567.97
6453,567.05
6454,565.39
6455,563.92
6456,563.04
6457,561.92
6458,560.57
6459,560.02
6460,560.51
6461,560.94
6462,562.47
6463,563.96
6464,565.14
6465,564.63
6466,562.72
6467,560.06
6468,557.59
6469,557.37
6470,557.04
6471,557.94
6472,558.87
6473,558.83
6474,560.76
6475,563.2
6476,565.44
6477,566.21
6478,568.3
6479,569.42
6480,572.24
6481,575.46
6482,577.14
6483,578.25
6484,578.11
6485,577.77
6486,577.96
6487,577.47
6488,576.86
6489,576.03
6490,575.48
6491,573.19
6492,571.64
6493,569.08
6494,569.42
6495,568.07
6496,568.63
6497,568.29
6498,569.07
6499,569.68
6500,572.28
6501,574.07
6502,573.94
6503,572.09
6504,570.25
6505,568.26
6506,567.81
6507,566.69
6508,565.28
6509,563.3
6510,562.92
6511,560.72
6512,558.15
6513,556.1
6514,553.84
6515,551.36
6516,549
6517,547.38
6518,546.5
6519,546.21
6520,544.93
6521,544.16
6522,544.54
6523,545.32
6524,545.52
6525,545.82
6526,545.58
6527,546.23
6528,546.08
6529,546.93
6530,547.47
6531,546.93
6532,546.82
6533,547.32
6534,549.73
6535,548.76
6536,547.31
6537,547.12
6538,546.4
6539,546.4
6540,546.64
6541,545.89
6542,546.49
6543,547.15
6544,547.37
6545,548.16
6546,547.59
6547,546.74
6548,546.56
6549,546.45
6550,546.75
6551,546.98
6552,548.6
6553,552.06
6554,555.61
6555,558.64
6556,560.53
6557,561.97
6558,563.6
6559,565.17
6560,568
6561,570.99
6562,574.1
6563,577.38
6564,579.69
6565,581.93
6566,584.16
6567,586.31
6568,588.86
6569,591.88
6570,593.13
6571,594.36
6572,595.32
6573,597.75
6574,598.92
6575,600.59
6576,600.84
6577,602.21
6578,602.59
6579,602.6
6580,603.23
6581,604.8
6582,605.56
6583,607.89
6584,609.74
6585,610.23
6586,608.6
6587,605.58
6588,603
6589,601.62
6590,601.06
6591,601.59
6592,602.56
6593,603.93
6594,605.23
6595,606.16
6596,606.55
6597,606.38
6598,606.94
6599,607.64
6600,608.69
6601,608.22
6602,608.52
6603,610.59
6604,612.64
6605,614.44
6606,615.88
6607,616.51
6608,616.55
6609,617.25
6610,618.7
6611,619.17
6612,621.49
6613,624.14
6614,628.19
6615,631.77
6616,633.21
6617,634.35
6618,636.94
6619,639.83
6620,640.89
6621,640.87
6622,640.93
6623,641.38
6624,642.61
6625,643.45
6626,644.74
6627,646.72
6628,648.36
6629,649.45
6630,650.65
6631,651.52
6632,651.94
6633,650.54
6634,648.41
6635,647.95
6636,648.18
6637,648.12
6638,646.83
6639,646.37
6640,645.9
6641,645.28
6642,643.87
6643,642.67
6644,642.89
6645,642.68
6646,642.14
6647,642.05
6648,643.34
6649,645.69
6650,647.31
6651,649.29
6652,651.44
6653,651.95
6654,652.52
6655,653.11
6656,653.47
6657,654.44
6658,653.64
6659,653.37
6660,653.33
6661,653.03
6662,652.3
6663,650.53
6664,650.29
6665,650.89
6666,650.07
6667,651.64
6668,652.31
6669,653.52
6670,654.09
6671,654.28
6672,653.62
6673,651.87
6674,650.51
6675,649.97
6676,651.3
6677,651.38
6678,652.32
6679,652.41
6680,652.06
6681,650.6
6682,647.85
6683,646.1
6684,645.37
6685,645.02
6686,644.53
6687,643.6
6688,642.05
6689,642.04
6690,642.01
6691,640.18
6692,639.66
6693,637.42
6694,634.37
6695,632.22
6696,630.12
6697,628.87
6698,629.24
6699,630.62
6700,631.21
6701,630.93
6702,631.05
6703,630.35
6704,630.92
6705,632.14
6706,632.66
6707,631.84
6708,630.91
6709,631.44
6710,632.1
6711,633.02
6712,631.97
6713,631.34
6714,631.12
6715,630.18
6716,629.14
6717,629.54
6718,629.82
6719,630.35
6720,630.21
6721,630.68
6722,633.79
6723,635.09
6724,636.03
6725,636.93
6726,638.73
6727,639.14
6728,638.75
6729,637.96
6730,635.18
6731,633.63
6732,631.17
6733,628.09
6734,626.47
6735,624.45
6736,622.82
6737,621.67
6738,620.14
6739,619.24
6740,619.78
6741,619.23
6742,619.12
6743,620.72
6744,622.49
6745,623.25
6746,624.55
6747,624.48
6748,624.24
6749,624.41
6750,624.89
6751,623.38
6752,622.51
6753,621.33
6754,620.43
6755,619.49
6756,618.13
6757,616.59
6758,616.93
6759,616.53
6760,615.29
6761,614.14
6762,613.91
6763,615.27
6764,615.99
6765,617.34
6766,618.66
6767,619.59
6768,618.62
6769,619.43
6770,620.01
6771,621.23
6772,621.48
6773,620.93
6774,621.99
6775,622.6
6776,622.78
6777,622.54
6778,621.53
6779,621.31
6780,621.36
6781,619.46
6782,618.39
6783,616.97
6784,614.91
6785,613.27
6786,612.79
6787,613.5
6788,613.72
6789,613.74
6790,612.78
6791,612.75
6792,613.64
6793,614.69
6794,616.25
6795,616.34
6796,615.98
6797,614.6
6798,612.52
6799,609.72
6800,607.08
6801,605.05
6802,601.97
6803,599.39
6804,596.19
6805,594.02
6806,591.59
6807,588.93
6808,585.71
6809,582.39
6810,580.1
6811,578.68
6812,577.99
6813,577.48
6814,576.16
6815,573.77
6816,571.73
6817,569.42
6818,567.52
6819,567.14
6820,567.31
6821,568.25
6822,569.45
6823,569.85
6824,570.76
6825,571.39
6826,572.06
6827,573.25
6828,573.16
6829,572.72
6830,572.84
6831,573.33
6832,573.36
6833,572.68
6834,571.88
6835,571.14
6836,572.19
6837,574.57
6838,576.73
6839,579.36
6840,581.53
6841,582.63
6842,583.46
6843,582.81
6844,582.58
6845,581.18
6846,578.91
6847,577.55
6848,575.08
6849,573.22
6850,572.44
6851,571.81
6852,570.06
6853,568.45
6854,566.36
6855,564.54
6856,562.71
6857,560.73
6858,559.47
6859,558.85
6860,556.95
6861,555.71
6862,556.34
6863,557.45
6864,560.46
6865,560.57
6866,559.38
6867,557.92
6868,558.29
6869,557.41
6870,556.54
6871,555.29
6872,555.27
6873,554.22
6874,552.75
6875,551.31
6876,550.26
6877,549.3
6878,548.75
6879,550.37
6880,550.52
6881,551.61
6882,552.42
6883,552.15
6884,552.12
6885,551.33
6886,549.99
6887,549.45
6888,550.4
6889,549.81
6890,550.15
6891,549.14
6892,549.52
6893,548.88
6894,548.96
6895,547.83
6896,544.49
6897,541.65
6898,538.47
6899,536.75
6900,535.85
6901,535.96
6902,536.67
6903,538.98
6904,541.08
6905,543.12
6906,544.82
6907,546.84
6908,546.52
6909,546.75
6910,546.12
6911,545.42
6912,545.83
6913,545.4
6914,545.28
6915,545.57
6916,547.92
6917,550.71
6918,553.6
6919,556.35
6920,559.74
6921,562.25
6922,564.33
6923,566.77
6924,569.49
6925,570.63
6926,572.05
6927,574.2
6928,576.69
6929,579.75
6930,581.2
6931,581.82
6932,581.54
6933,581.43
6934,581.3
6935,582.32
6936,582.67
6937,582.86
6938,582.77
6939,582.02
6940,581.35
6941,580.7
6942,579.85
6943,578.48
6944,577.78
6945,575.45
6946,574.88
6947,576.05
6948,577.01
6949,579.44
6950,580.54
6951,581.6
6952,582.51
6953,582.81
6954,582.49
6955,583.38
6956,583.91
6957,583.53
6958,583.01
6959,581.46
6960,578.91
6961,576.87
6962,575.7
6963,574.56
6964,572.68
6965,570.83
6966,568.46
6967,566.58
6968,565.59
6969,565.91
6970,564.71
6971,563.91
6972,563.68
6973,562.68
6974,562.46
6975,564.61
6976,566.81
6977,569.43
6978,572.29
6979,573.68
6980,575.98
6981,576.31
6982,575.95
6983,576.92
6984,576.88
6985,576.06
6986,576.01
6987,577.28
6988,579.11
6989,581.65
6990,583.24
6991,583.82
6992,584.6
6993,584.76
6994,583.76
6995,582.93
6996,582.5
6997,582.48
6998,582.98
6999,583.22
7000,584.63
7001,585.11
7002,585.29
7003,586.02
7004,584.98
7005,583.33
7006,581.78
7007,580.07
7008,577.39
7009,575.62
7010,573.17
7011,571.16
7012,569.19
7013,566.24
7014,563.77
7015,561.79
7016,561.58
7017,563.45
7018,566.41
7019,568.37
7020,569.07
7021,568.89
7022,568.77
7023,568.47
7024,568.99
7025,569.48
7026,568.5
7027,569.71
7028,570.58
7029,570.72
7030,571.91
7031,574.2
7032,574.65
7033,574.16
7034,572.89
7035,572.65
7036,572.05
7037,572.26
7038,573.21
7039,574.94
7040,575.45
7041,574.62
7042,574.25
7043,573.49
7044,572.16
7045,570.94
7046,568.32
7047,565.94
7048,564.39
7049,563.22
7050,562.26
7051,560.83
7052,558.96
7053,557.97
7054,558.03
7055,557.09
7056,556.22
7057,554.58
7058,552.23
7059,550.61
7060,549.77
7061,548.81
7062,547.53
7063,545.51
7064,544.48
7065,542.9
7066,540.82
7067,538.73
7068,538.67
7069,538.57
7070,541.08
7071,540.96
7072,541.36
7073,539.91
7074,537.9
7075,536.3
7076,535.89
7077,534.99
7078,534.79
7079,535.52
7080,534.88
7081,532.92
7082,532
7083,532.22
7084,531.39
7085,529.9
7086,529.36
7087,529.77
7088,529.86
7089,530.46
7090,531.74
7091,533.35
7092,533.15
7093,533.15
7094,531.46
7095,530.75
7096,531.7
7097,531.8
7098,531.45
7099,531.43
7100,531.68
7101,533.44
7102,535.52
7103,536.66
7104,536.85
7105,535.85
7106,534.85
7107,535.09
7108,534.83
7109,534.59
7110,535.88
7111,534.45
7112,533.79
7113,533.07
7114,532.63
7115,531.64
7116,530.59
7117,528.28
7118,525.96
7119,524.4
7120,523.23
7121,521.75
7122,520.91
7123,519.68
7124,517.79
7125,516.24
7126,514.12
7127,512.47
7128,511.71
7129,512.44
7130,513.46
7131,513.95
7132,514.69
7133,514.72
7134,514.16
7135,512.45
7136,511.94
7137,512.3
7138,512.62
7139,513.64
7140,514.36
7141,514.82
7142,515.39
7143,516.05
7144,517.65
7145,518.65
7146,519.72
7147,519.85
7148,520.81
7149,521.54
7150,522.13
7151,521.88
7152,520.66
7153,520.2
7154,519.73
7155,519.22
7156,519.17
7157,519.95
7158,521.8
7159,522.33
7160,522.29
7161,522.22
7162,522.01
7163,521.05
7164,522.19
7165,524.19
7166,523.82
7167,522.08
7168,520.3
7169,520.15
7170,521.36
7171,522.64
7172,523.6
7173,523.73
7174,523.4
7175,523.9
7176,524.73
7177,527.3
7178,530.05
7179,533.82
7180,534.72
7181,535.78
7182,537.08
7183,537.55
7184,536.68
7185,536.07
7186,535.28
7187,534.95
7188,535.11
7189,535.74
7190,535.92
7191,536.21
7192,535.63
7193,534.43
7194,532.5
7195,531
7196,529.31
7197,527.73
7198,528.54
7199,529.28
7200,529.38
7201,529.04
7202,528.97
7203,528.67
7204,527.21
7205,526.91
7206,527.13
7207,527.69
7208,528.33
7209,528.84
7210,528.47
7211,527.92
7212,527.66
7213,528.79
7214,529.57
7215,531.03
7216,532.33
7217,535.28
7218,536.78
7219,539.06
7220,540.24
7221,541.41
7222,543.63
7223,546.08
7224,546.75
7225,546.42
7226,545.35
7227,545.38
7228,544.02
7229,542.39
7230,540.35
7231,540.96
7232,541.39
7233,541.3
7234,542.31
7235,544.1
7236,545.48
7237,545.9
7238,548.61
7239,549.51
7240,549.19
7241,548.43
7242,547.45
7243,545.65
7244,543.61
7245,543.4
7246,543.23
7247,543.16
7248,542.15
7249,540.3
7250,538.26
7251,536
7252,533.47
7253,532.75
7254,530.77
7255,528.66
7256,526.04
7257,523.61
7258,522.54
7259,523.27
7260,523.45
7261,523.51
7262,522.53
7263,521.22
7264,519.51
7265,518.61
7266,518.58
7267,519.93
7268,520.62
7269,521.18
7270,522.26
7271,523.18
7272,524.97
7273,526.7
7274,527.7
7275,529.08
7276,532.39
7277,534.8
7278,535.57
7279,534.55
7280,533.99
7281,533.81
7282,534.65
7283,535.39
7284,534.5
7285,533.55
7286,533.4
7287,534.8
7288,536.9
7289,537.84
7290,539.73
7291,539.47
7292,537.6
7293,536.55
7294,535.85
7295,535.7
7296,536
7297,536.47
7298,536.71
7299,536.06
7300,535.28
7301,534.95
7302,536.08
7303,537.27
7304,537.74
7305,538.38
7306,538.13
7307,539.1
7308,537.48
7309,534.43
7310,532.54
7311,530.73
7312,528.51
7313,525.77
7314,523.36
7315,522.4
7316,520.99
7317,519.79
7318,518.1
7319,516.13
7320,515.29
7321,514.84
7322,513.88
7323,512.53
7324,510.86
7325,509.28
7326,506.69
7327,503.56
7328,501.27
7329,498.9
7330,497.59
7331,497.03
7332,496.26
7333,497.7
7334,499.19
7335,500.25
7336,500.77
7337,500.82
7338,500.05
7339,500.14
7340,501.81
7341,503.46
7342,503.8
7343,504.73
7344,506.08
7345,507.72
7346,507.56
7347,508.13
7348,508.87
7349,509.13
7350,509.73
7351,510.08
7352,510.4
7353,510.35
7354,509.74
7355,510.05
7356,509.16
7357,508.48
7358,508.7
7359,507.9
7360,507.28
7361,505.64
7362,505.68
7363,505.42
7364,504.06
7365,500.98
7366,498.64
7367,496.03
7368,494.72
7369,492.82
7370,492.03
7371,491.62
7372,489.19
7373,486.94
7374,485.63
7375,485.01
7376,485.32
7377,486.15
7378,485.78
7379,484.47
7380,483.47
7381,481.96
7382,480.5
7383,478.57
7384,477.67
7385,478.38
7386,478.48
7387,479.58
7388,480.48
7389,480.48
7390,480.98
7391,480.46
7392,480.14
7393,480.08
7394,479.52
7395,479.48
7396,480.87
7397,481.03
7398,481.75
7399,480.44
7400,478.97
7401,478
7402,476.74
7403,475.17
7404,474.48
7405,474.55
7406,475.58
7407,474.49
7408,472.66
7409,471.94
7410,470.93
7411,468.84
7412,467.79
7413,467.64
7414,468.03
7415,469.23
7416,469.58
7417,470.46
7418,471.63
7419,470.99
7420,471.62
7421,473.13
7422,475.39
7423,477.75
7424,480.67
7425,484.57
7426,487.23
7427,489.43
7428,491.81
7429,495.92
7430,498.75
7431,500.19
7432,501.08
7433,501.8
7434,503.47
7435,504.12
7436,504.64
7437,505.91
7438,506.11
7439,506.75
7440,507.93
7441,507.31
7442,507.37
7443,508.78
7444,510.21
7445,510.96
7446,510.56
7447,510.74
7448,510.29
7449,510.29
7450,512.09
7451,514.25
7452,515.37
7453,516.57
7454,518.97
7455,521.52
7456,524.96
7457,527.14
7458,529.85
7459,531.83
7460,533.9
7461,535.19
7462,535.39
7463,533.97
7464,533.52
7465,532.05
7466,530.43
7467,528.7
7468,527
7469,524.82
7470,523.72
7471,523.17
7472,522.34
7473,522.68
7474,521.75
7475,520.86
7476,519.23
7477,516.68
7478,514.62
7479,512.81
7480,511.73
7481,510.75
7482,512.48
7483,515.25
7484,517.97
7485,520.01
7486,520.8
7487,522.49
7488,522.94
7489,522.66
7490,522.66
7491,521.56
7492,521.12
7493,519.59
7494,518.11
7495,519.15
7496,520.62
7497,523
7498,524.92
7499,524.96
7500,525.01
7501,525.04
7502,525.28
7503,524.77
7504,523.12
7505,522.25
7506,522.58
7507,522.05
7508,520.87
7509,520.35
7510,519.66
7511,518.73
7512,517.73
7513,515.42
7514,514.25
7515,512.91
7516,511.85
7517,511.42
7518,510.62
7519,510.08
7520,508.8
7521,508.46
7522,508.14
7523,507.56
7524,507.21
7525,508.81
7526,510.37
7527,510.41
7528,510.72
7529,509.9
7530,508.99
7531,507.84
7532,506.59
7533,505.71
7534,505.52
7535,506.01
7536,507.82
7537,509.81
7538,511.57
7539,512.3
7540,512.9
7541,512.59
7542,511.49
7543,511.67
7544,511.39
7545,509.88
7546,509.25
7547,508.01
7548,507.94
7549,507.72
7550,507.7
7551,507.81
7552,508.57
7553,509.93
7554,510.95
7555,511.67
7556,511.41
7557,511.99
7558,512.73
7559,514.28
7560,513.66
7561,512.88
7562,512.34
7563,509.84
7564,507.53
7565,506.3
7566,506.8
7567,507.37
7568,506.54
7569,506.14
7570,508.05
7571,509.87
7572,510.41
7573,510.84
7574,511.09
7575,512.14
7576,513.93
7577,516.03
7578,517.5
7579,517.71
7580,517.2
7581,516.57
7582,515.84
7583,514.81
7584,513.76
7585,514.52
7586,514.64
7587,515.13
7588,515.24
7589,515.63
7590,517.73
7591,518.78
7592,519.15
7593,518.73
7594,517.42
7595,516.85
7596,517.29
7597,518.37
7598,519.22
7599,519.28
7600,519.79
7601,519.7
7602,520.45
7603,521.95
7604,522.69
7605,521.45
7606,522.24
7607,521.64
7608,521.78
7609,522.12
7610,522.27
7611,520.67
7612,520.82
7613,521.27
7614,521.26
7615,520.58
7616,520.55
7617,520.3
7618,519.56
7619,518.56
7620,518.27
7621,520.14
7622,520.55
7623,522.23
7624,523.19
7625,523.49
7626,524.12
7627,524.79
7628,526.62
7629,528.28
7630,531.13
7631,533.05
7632,533.96
7633,535.87
7634,536.74
7635,536.08
7636,536.21
7637,535.95
7638,533.91
7639,532.22
7640,531.97
7641,532.32
7642,534.15
7643,537.07
7644,537.5
7645,537.14
7646,536.89
7647,536.44
7648,534.7
7649,533.3
7650,531.29
7651,528.8
7652,526.99
7653,525.91
7654,524.08
7655,522.45
7656,521.17
7657,520.14
7658,519.77
7659,521.48
7660,523.06
7661,523.1
7662,522.55
7663,522.29
7664,522.12
7665,521.54
7666,520.34
7667,520.31
7668,519.37
7669,519.84
7670,521.48
7671,523.33
7672,525.53
7673,527.72
7674,529.21
7675,531.07
7676,531.86
7677,530.64
7678,530.93
7679,532.59
7680,533.91
7681,534.26
7682,536.4
7683,539.54
7684,541.46
7685,542.06
7686,542.61
7687,543.12
7688,542.25
7689,541.92
7690,542.57
7691,544.45
7692,546.61
7693,547.55
7694,547.81
7695,548.74
7696,549.61
7697,548.94
7698,547.93
7699,548.42
7700,549.47
7701,549.18
7702,548.67
7703,548.44
7704,549.24
7705,549.67
7706,552.03
7707,554.04
7708,554.77
7709,554.96
7710,554.93
7711,554.05
7712,552.27
7713,550.37
7714,549.33
7715,548.74
7716,548.64
7717,548.63
7718,547.9
7719,549
7720,548.9
7721,547.69
7722,547.54
7723,547
7724,547.41
7725,548.07
7726,550.17
7727,551.12
7728,553.69
7729,554.62
7730,555.57
7731,555.96
7732,557.95
7733,561.27
7734,564.57
7735,568.67
7736,572.71
7737,576.25
7738,578.1
7739,580.04
7740,582.1
7741,584.29
7742,586.85
7743,589.17
7744,590.7
7745,592.37
7746,593.67
7747,593.88
7748,594.51
7749,596.02
7750,598.27
7751,600.32
7752,602.76
7753,605.31
7754,607.8
7755,609.35
7756,610.89
7757,611.28
7758,612.21
7759,612.59
7760,612.59
7761,613.55
7762,616.33
7763,619.27
7764,622.61
7765,625.01
7766,626.37
7767,628.31
7768,630.82
7769,632.79
7770,632.64
7771,632.53
7772,631.57
7773,630.26
7774,628.69
7775,626.24
7776,626.04
7777,624.73
7778,622.07
7779,620.35
7780,619.51
7781,619.8
7782,619.35
7783,619.79
7784,621.15
7785,623.44
7786,626.23
7787,627.39
7788,629.97
7789,631.07
7790,633.54
7791,635.09
7792,635.57
7793,634.76
7794,632.45
7795,628.78
7796,625.94
7797,623.93
7798,622.13
7799,620.56
7800,620.47
7801,620.57
7802,619.62
7803,621.21
7804,622.47
7805,625.35
7806,626.94
7807,627.83
7808,628.22
7809,629.21
7810,631.62
7811,633.97
7812,635.96
7813,638.77
7814,641.07
7815,641.9
7816,642.62
7817,644.49
7818,645.26
7819,646.3
7820,646.1
7821,645.69
7822,645.39
7823,644.13
7824,642.35
7825,641.25
7826,639.76
7827,638.79
7828,637.94
7829,636.58
7830,635.36
7831,632.37
7832,631.09
7833,629.79
7834,629.64
7835,628.45
7836,630.24
7837,632.85
7838,633.68
7839,633.42
7840,633.6
7841,634.02
7842,634.03
7843,633.74
7844,632.99
7845,633.28
7846,634.77
7847,636.47
7848,636.81
7849,636.63
7850,637.57
7851,637.52
7852,637.16
7853,637.62
7854,640.13
7855,642.13
7856,642.95
7857,643.35
7858,643.46
7859,644.36
7860,646.5
7861,648.37
7862,651.09
7863,655.43
7864,657.99
7865,661.07
7866,664.74
7867,666.56
7868,665.84
7869,666.22
7870,666.73
7871,667.65
7872,669.86
7873,672.52
7874,674.92
7875,677.68
7876,680.74
7877,682.48
7878,683.85
7879,684.86
7880,685.58
7881,687.03
7882,686.87
7883,685.56
7884,686.03
7885,685.18
7886,685.13
7887,685.13
7888,684.55
7889,682.36
7890,679.11
7891,675.63
7892,673.14
7893,671.19
7894,670.22
7895,669.12
7896,667.13
7897,664.96
7898,663.2
7899,661.02
7900,658.48
7901,654.68
7902,651.99
7903,649.08
7904,647.05
7905,646.13
7906,646.63
7907,645.33
7908,643.66
7909,642.35
7910,639.69
7911,637.63
7912,636
7913,635.01
7914,632.94
7915,631.67
7916,629.93
7917,627.17
7918,624.99
7919,623.9
7920,621.4
7921,620.86
7922,620.8
7923,620.2
7924,620.55
7925,620.23
7926,619.6
7927,621.37
7928,623.52
7929,625.34
7930,625.82
7931,626.75
7932,628.25
7933,630.28
7934,631.2
7935,631.3
7936,629.28
7937,629.97
7938,630.57
7939,630.23
7940,628.33
7941,627.26
7942,626.87
7943,625.39
7944,624.78
7945,624.25
7946,622.7
7947,622.76
7948,621.21
7949,619.75
7950,616.69
7951,615.12
7952,613.73
7953,612.68
7954,611.38
7955,610.16
7956,610.59
7957,610.35
7958,608.53
7959,606.91
7960,606.34
7961,605.35
7962,606.05
7963,605.31
7964,603.7
7965,603.09
7966,603.67
7967,602.6
7968,601.01
7969,599.83
7970,598.84
7971,597.78
7972,596.83
7973,597.29
7974,598.28
7975,598.72
7976,599.38
7977,598.25
7978,596.31
7979,594.48
7980,592.2
7981,589.82
7982,588.65
7983,587.94
7984,587.19
7985,587.44
7986,587.03
7987,586.65
7988,585.58
7989,584.35
7990,584.08
7991,584.3
7992,584.57
7993,584.32
7994,583.59
7995,582.75
7996,581.92
7997,581.21
7998,580.63
7999,580.51
8000,581.13
