timestamp,eye_x
1,0
2,0
3,0
4,0
5,0
6,0
7,0
8,0
9,0
10,0
11,0
12,0
13,0
14,0
15,0
16,0
17,0
18,0
19,0
20,0
21,0
22,0
23,0
24,0
25,0
26,0
27,0
28,0
29,0
30,0
31,0
32,0
33,0
34,0
35,0
36,0
37,0
38,0
39,0
40,0
41,0
42,0
43,0
44,0
45,0
46,0
47,0
48,0
49,0
50,0
51,0
52,0
53,0
54,0
55,0
56,0
57,0
58,0
59,0
60,0
61,0
62,0
63,0
64,0
65,0
66,0
67,0
68,0
69,0
70,0
71,0
72,0
73,0
74,0
75,0
76,0
77,0
78,0
79,0
80,0
81,0
82,0
83,0
84,0
85,0
86,0
87,0
88,0
89,0
90,0
91,0
92,0
93,0
94,0
95,0
96,0
97,0
98,0
99,0
100,0
101,0
102,0
103,0
104,0
105,0
106,0
107,0
108,0
109,0
110,0
111,0
112,0
113,0
114,0
115,0
116,0
117,0
118,0
119,0
120,0
121,0
122,0
123,0
124,0
125,0
126,0
127,0
128,0
129,0
130,0
131,0
132,0
133,0
134,0
135,0
136,0
137,0
138,0
139,0
140,0
141,0
142,0
143,0
144,0
145,0
146,0
147,0
148,0
149,0
150,0
151,0
152,0
153,0
154,0
155,0
156,0
157,0
158,0
159,0
160,0
161,0
162,0
163,0
164,0
165,0
166,0
167,0
168,0
169,0
170,0
171,0
172,0
173,0
174,0
175,0
176,0
177,0
178,0
179,0
180,0
181,0
182,0
183,0
184,0
185,0
186,0
187,0
188,0
189,0
190,0
191,0
192,0
193,0
194,0
195,0
196,0
197,0
198,0
199,0
200,0
201,0
202,0
203,0
204,0
205,0
206,0
207,0
208,0
209,0
210,0
211,0
212,0
213,0
214,0
215,0
216,0
217,0
218,0
219,0
220,0
221,0
222,0
223,0
224,0
225,0
226,0
227,0
228,0
229,0
230,0
231,0
232,0
233,0
234,0
235,0
236,0
237,0
238,0
239,0
240,0
241,0
242,0
243,0
244,0
245,0
246,0
247,0
248,0
249,0
250,0
251,0
252,0
253,0
254,0
255,0
256,0
257,0
258,0
259,0
260,0
261,0
262,0
263,0
264,0
265,0
266,0
267,0
268,0
269,0
270,0
271,0
272,0
273,0
274,0
275,0
276,0
277,0
278,0
279,0
280,0
281,0
282,0
283,0
284,0
285,0
286,0
287,0
288,0
289,0
290,0
291,0
292,0
293,0
294,0
295,0
296,0
297,0
298,0
299,0
300,0
301,0
302,0
303,0
304,0
305,0
306,0
307,0
308,0
309,0
310,0
311,0
312,0
313,0
314,0
315,0
316,0
317,0
318,0
319,0
320,0
321,0
322,0
323,0
324,0
325,0
326,0
327,0
328,0
329,0
330,0
331,0
332,0
333,0
334,0
335,0
336,0
337,0
338,0
339,0
340,0
341,0
342,0
343,0
344,0
345,0
346,0
347,0
348,0
349,0
350,0
351,0
352,0
353,0
354,0
355,0
356,0
357,0
358,0
359,0
360,0
361,0
362,0
363,0
364,0
365,0
366,0
367,0
368,0
369,0
370,0
371,0
372,0
373,0
374,0
375,0
376,0
377,0
378,0
379,0
380,0
381,0
382,0
383,0
384,0
385,0
386,0
387,0
388,0
389,0
390,0
391,0
392,0
393,0
394,0
395,0
396,0
397,0
398,0
399,0
400,0
401,0
402,0
403,0
404,0
405,0
406,0
407,0
408,0
409,0
410,0
411,0
412,0
413,0
414,0
415,0
416,0
417,0
418,0
419,0
420,0
421,0
422,0
423,0
424,0
425,0
426,0
427,0
428,0
429,0
430,0
431,0
432,0
433,0
434,0
435,0
436,0
437,0
438,0
439,0
440,0
441,0
442,0
443,0
444,0
445,0
446,0
447,0
448,0
449,0
450,0
451,0
452,0
453,0
454,0
455,0
456,0
457,0
458,0
459,0
460,0
461,0
462,0
463,0
464,0
465,0
466,0
467,0
468,0
469,0
470,0
471,0
472,0
473,0
474,0
475,0
476,0
477,0
478,0
479,0
480,0
481,0
482,0
483,0
484,0
485,0
486,0
487,0
488,0
489,0
490,0
491,0
492,0
493,0
494,0
495,0
496,0
497,0
498,0
499,0
500,0
501,0
502,0
503,0
504,0
505,0
506,0
507,0
508,0
509,0
510,0
511,0
512,0
513,0
514,0
515,0
516,0
517,0
518,0
519,0
520,0
521,0
522,0
523,0
524,0
525,0
526,0
527,0
528,0
529,0
530,0
531,0
532,0
533,0
534,0
535,0
536,0
537,0
538,0
539,0
540,0
541,0
542,0
543,0
544,0
545,0
546,0
547,0
548,0
549,0
550,0
551,0
552,0
553,0
554,0
555,0
556,0
557,0
558,0
559,0
560,0
561,0
562,0
563,0
564,0
565,0
566,0
567,0
568,0
569,0
570,0
571,0
572,0
573,0
574,0
575,0
576,0
577,0
578,0
579,0
580,0
581,0
582,0
583,0
584,0
585,0
586,0
587,0
588,0
589,0
590,0
591,0
592,0
593,0
594,0
595,0
596,0
597,0
598,0
599,0
600,0
601,0
602,0
603,0
604,0
605,0
606,0
607,0
608,0
609,0
610,0
611,0
612,0
613,0
614,0
615,0
616,0
617,0
618,0
619,0
620,0
621,0
622,0
623,0
624,0
625,0
626,0
627,0
628,0
629,0
630,0
631,0
632,0
633,0
634,0
635,0
636,0
637,0
638,0
639,0
640,0
641,0
642,0
643,0
644,0
645,0
646,0
647,0
648,0
649,0
650,0
651,0
652,0
653,0
654,0
655,0
656,0
657,0
658,0
659,0
660,0
661,0
662,0
663,0
664,0
665,0
666,0
667,0
668,0
669,0
670,0
671,0
672,0
673,0
674,0
675,0
676,0
677,0
678,0
679,0
680,0
681,0
682,0
683,0
684,0
685,0
686,0
687,0
688,0
689,0
690,0
691,0
692,0
693,0
694,0
695,0
696,0
697,0
698,0
699,0
700,0
701,0
702,0
703,0
704,0
705,0
706,0
707,0
708,0
709,0
710,0
711,0
712,0
713,0
714,0
715,0
716,0
717,0
718,0
719,0
720,0
721,0
722,0
723,0
724,0
725,0
726,0
727,0
728,0
729,0
730,0
731,0
732,0
733,0
734,0
735,0
736,0
737,0
738,0
739,0
740,0
741,0
742,0
743,0
744,0
745,0
746,0
747,0
748,0
749,0
750,0
751,0
752,0
753,0
754,0
755,0
756,0
757,0
758,0
759,0
760,0
761,0
762,0
763,0
764,0
765,0
766,0
767,0
768,0
769,0
770,0
771,0
772,0
773,0
774,0
775,0
776,0
777,0
778,0
779,0
780,0
781,0
782,0
783,0
784,0
785,0
786,0
787,0
788,0
789,0
790,0
791,0
792,0
793,0
794,0
795,0
796,0
797,0
798,0
799,0
800,0
801,0
802,0
803,0
804,0
805,0
806,0
807,0
808,0
809,0
810,0
811,0
812,0
813,0
814,0
815,0
816,0
817,0
818,0
819,0
820,0
821,0
822,0
823,0
824,0
825,0
826,0
827,0
828,0
829,0
830,0
831,0
832,0
833,0
834,0
835,0
836,0
837,0
838,0
839,0
840,0
841,0
842,0
843,0
844,0
845,0
846,0
847,0
848,0
849,0
850,0
851,0
852,0
853,0
854,0
855,0
856,0
857,0
858,0
859,0
860,0
861,0
862,0
863,0
864,0
865,0
866,0
867,0
868,0
869,0
870,0
871,0
872,0
873,0
874,0
875,0
876,0
877,0
878,0
879,0
880,0
881,0
882,0
883,0
884,0
885,0
886,0
887,0
888,0
889,0
890,0
891,0
892,0
893,0
894,0
895,0
896,0
897,0
898,0
899,0
900,0
901,0
902,0
903,0
904,0
905,0
906,0
907,0
908,0
909,0
910,0
911,0
912,0
913,0
914,0
915,0
916,0
917,0
918,0
919,0
920,0
921,0
922,0
923,0
924,0
925,0
926,0
927,0
928,0
929,0
930,0
931,0
932,0
933,0
934,0
935,0
936,0
937,0
938,0
939,0
940,0
941,0
942,0
943,0
944,0
945,0
946,0
947,0
948,0
949,0
950,0
951,0
952,0
953,0
954,0
955,0
956,0
957,0
958,0
959,0
960,0
961,0
962,0
963,0
964,0
965,0
966,0
967,0
968,0
969,0
970,0
971,0
972,0
973,0
974,0
975,0
976,0
977,0
978,0
979,0
980,0
981,0
982,0
983,0
984,0
985,0
986,0
987,0
988,0
989,0
990,0
991,0
992,0
993,0
994,0
995,0
996,0
997,0
998,0
999,0
1000,0
1001,0
1002,0
1003,0
1004,0
1005,0
1006,0
1007,0
1008,0
1009,0
1010,0
1011,0
1012,0
1013,0
1014,0
1015,0
1016,0
1017,0
1018,0
1019,0
1020,0
1021,0
1022,0
1023,0
1024,0
1025,0
1026,0
1027,0
1028,0
1029,0
1030,0
1031,0
1032,0
1033,0
1034,0
1035,0
1036,0
1037,0
1038,0
1039,0
1040,0
1041,0
1042,0
1043,0
1044,0
1045,0
1046,0
1047,0
1048,0
1049,0
1050,0
1051,0
1052,0
1053,0
1054,0
1055,0
1056,0
1057,0
1058,0
1059,0
1060,0
1061,0
1062,0
1063,0
1064,0
1065,0
1066,0
1067,0
1068,0
1069,0
1070,0
1071,0
1072,0
1073,0
1074,0
1075,0
1076,0
1077,0
1078,0
1079,0
1080,0
1081,0
1082,0
1083,0
1084,0
1085,0
1086,0
1087,0
1088,0
1089,0
1090,0
1091,0
1092,0
1093,0
1094,0
1095,0
1096,0
1097,0
1098,0
1099,0
1100,0
1101,0
1102,0
1103,0
1104,0
1105,0
1106,0
1107,0
1108,0
1109,0
1110,0
1111,0
1112,0
1113,0
1114,0
1115,0
1116,0
1117,0
1118,0
1119,0
1120,0
1121,0
1122,0
1123,0
1124,0
1125,0
1126,0
1127,0
1128,0
1129,0
1130,0
1131,0
1132,0
1133,0
1134,0
1135,0
1136,0
1137,0
1138,0
1139,0
1140,0
1141,0
1142,0
1143,0
1144,0
1145,0
1146,0
1147,0
1148,0
1149,0
1150,0
1151,0
1152,0
1153,0
1154,0
1155,0
1156,0
1157,0
1158,0
1159,0
1160,0
1161,0
1162,0
1163,0
1164,0
1165,0
1166,0
1167,0
1168,0
1169,0
1170,0
1171,0
1172,0
1173,0
1174,0
1175,0
1176,0
1177,0
1178,0
1179,0
1180,0
1181,0
1182,0
1183,0
1184,0
1185,0
1186,0
1187,0
1188,0
1189,0
1190,0
1191,0
1192,0
1193,0
1194,0
1195,0
1196,0
1197,0
1198,0
1199,0
1200,0
1201,0
1202,0
1203,0
1204,0
1205,0
1206,0
1207,0
1208,0
1209,0
1210,0
1211,0
1212,0
1213,0
1214,0
1215,0
1216,0
1217,0
1218,0
1219,0
1220,0
1221,0
1222,0
1223,0
1224,0
1225,0
1226,0
1227,0
1228,0
1229,0
1230,0
1231,0
1232,0
1233,0
1234,0
1235,0
1236,0
1237,0
1238,0
1239,0
1240,0
1241,0
1242,0
1243,0
1244,0
1245,0
1246,0
1247,0
1248,0
1249,0
1250,0
1251,0
1252,0
1253,0
1254,0
1255,0
1256,0
1257,0
1258,0
1259,0
1260,0
1261,0
1262,0
1263,0
1264,0
1265,0
1266,0
1267,0
1268,0
1269,0
1270,0
1271,0
1272,0
1273,0
1274,0
1275,0
1276,0
1277,0
1278,0
1279,0
1280,0
1281,0
1282,0
1283,0
1284,0
1285,0
1286,0
1287,0
1288,0
1289,0
1290,0
1291,0
1292,0
1293,0
1294,0
1295,0
1296,0
1297,0
1298,0
1299,0
1300,0
1301,0
1302,0
1303,0
1304,0
1305,0
1306,0
1307,0
1308,0
1309,0
1310,0
1311,0
1312,0
1313,0
1314,0
1315,0
1316,0
1317,0
1318,0
1319,0
1320,0
1321,0
1322,0
1323,0
1324,0
1325,0
1326,0
1327,0
1328,0
1329,0
1330,0
1331,0
1332,0
1333,0
1334,0
1335,0
1336,0
1337,0
1338,0
1339,0
1340,0
1341,0
1342,0
1343,0
1344,0
1345,0
1346,0
1347,0
1348,0
1349,0
1350,0
1351,0
1352,0
1353,0
1354,0
1355,0
1356,0
1357,0
1358,0
1359,0
1360,0
1361,0
1362,0
1363,0
1364,0
1365,0
1366,0
1367,0
1368,0
1369,0
1370,0
1371,0
1372,0
1373,0
1374,0
1375,0
1376,0
1377,0
1378,0
1379,0
1380,0
1381,0
1382,0
1383,0
1384,0
1385,0
1386,0
1387,0
1388,0
1389,0
1390,0
1391,0
1392,0
1393,0
1394,0
1395,0
1396,0
1397,0
1398,0
1399,0
1400,0
1401,0
1402,0
1403,0
1404,0
1405,0
1406,0
1407,0
1408,0
1409,0
1410,0
1411,0
1412,0
1413,0
1414,0
1415,0
1416,0
1417,0
1418,0
1419,0
1420,0
1421,0
1422,0
1423,0
1424,0
1425,0
1426,0
1427,0
1428,0
1429,0
1430,0
1431,0
1432,0
1433,0
1434,0
1435,0
1436,0
1437,0
1438,0
1439,0
1440,0
1441,0
1442,0
1443,0
1444,0
1445,0
1446,0
1447,0
1448,0
1449,0
1450,0
1451,0
1452,0
1453,0
1454,0
1455,0
1456,0
1457,0
1458,0
1459,0
1460,0
1461,0
1462,0
1463,0
1464,0
1465,0
1466,0
1467,0
1468,0
1469,0
1470,0
1471,0
1472,0
1473,0
1474,0
1475,0
1476,0
1477,0
1478,0
1479,0
1480,0
1481,0
1482,0
1483,0
1484,0
1485,0
1486,0
1487,0
1488,0
1489,0
1490,0
1491,0
1492,0
1493,0
1494,0
1495,0
1496,0
1497,0
1498,0
1499,0
1500,0
1501,0
1502,0
1503,0
1504,0
1505,0
1506,0
1507,0
1508,0
1509,0
1510,0
1511,0
1512,0
1513,0
1514,0
1515,0
1516,0
1517,0
1518,0
1519,0
1520,0
1521,0
1522,0
1523,0
1524,0
1525,0
1526,0
1527,0
1528,0
1529,0
1530,0
1531,0
1532,0
1533,0
1534,0
1535,0
1536,0
1537,0
1538,0
1539,0
1540,0
1541,0
1542,0
1543,0
1544,0
1545,0
1546,0
1547,0
1548,0
1549,0
1550,0
1551,0
1552,0
1553,0
1554,0
1555,0
1556,0
1557,0
1558,0
1559,0
1560,0
1561,0
1562,0
1563,0
1564,0
1565,0
1566,0
1567,0
1568,0
1569,0
1570,0
1571,0
1572,0
1573,0
1574,0
1575,0
1576,0
1577,0
1578,0
1579,0
1580,0
1581,0
1582,0
1583,0
1584,0
1585,0
1586,0
1587,0
1588,0
1589,0
1590,0
1591,0
1592,0
1593,0
1594,0
1595,0
1596,0
1597,0
1598,0
1599,0
1600,0
1601,0
1602,0
1603,0
1604,0
1605,0
1606,0
1607,0
1608,0
1609,0
1610,0
1611,0
1612,0
1613,0
1614,0
1615,0
1616,0
1617,0
1618,0
1619,0
1620,0
1621,0
1622,0
1623,0
1624,0
1625,0
1626,0
1627,0
1628,0
1629,0
1630,0
1631,0
1632,0
1633,0
1634,0
1635,0
1636,0
1637,0
1638,0
1639,0
1640,0
1641,0
1642,0
1643,0
1644,0
1645,0
1646,0
1647,0
1648,0
1649,0
1650,0
1651,0
1652,0
1653,0
1654,0
1655,0
1656,0
1657,0
1658,0
1659,0
1660,0
1661,0
1662,0
1663,0
1664,0
1665,0
1666,0
1667,0
1668,0
1669,0
1670,0
1671,0
1672,0
1673,0
1674,0
1675,0
1676,0
1677,0
1678,0
1679,0
1680,0
1681,0
1682,0
1683,0
1684,0
1685,0
1686,0
1687,0
1688,0
1689,0
1690,0
1691,0
1692,0
1693,0
1694,0
1695,0
1696,0
1697,0
1698,0
1699,0
1700,0
1701,0
1702,0
1703,0
1704,0
1705,0
1706,0
1707,0
1708,0
1709,0
1710,0
1711,0
1712,0
1713,0
1714,0
1715,0
1716,0
1717,0
1718,0
1719,0
1720,0
1721,0
1722,0
1723,0
1724,0
1725,0
1726,0
1727,0
1728,0
1729,0
1730,0
1731,0
1732,0
1733,0
1734,0
1735,0
1736,0
1737,0
1738,0
1739,0
1740,0
1741,0
1742,0
1743,0
1744,0
1745,0
1746,0
1747,0
1748,0
1749,0
1750,0
1751,0
1752,0
1753,0
1754,0
1755,0
1756,0
1757,0
1758,0
1759,0
1760,0
1761,0
1762,0
1763,0
1764,0
1765,0
1766,0
1767,0
1768,0
1769,0
1770,0
1771,0
1772,0
1773,0
1774,0
1775,0
1776,0
1777,0
1778,0
1779,0
1780,0
1781,0
1782,0
1783,0
1784,0
1785,0
1786,0
1787,0
1788,0
1789,0
1790,0
1791,0
1792,0
1793,0
1794,0
1795,0
1796,0
1797,0
1798,0
1799,0
1800,0
1801,0
1802,0
1803,0
1804,0
1805,0
1806,0
1807,0
1808,0
1809,0
1810,0
1811,0
1812,0
1813,0
1814,0
1815,0
1816,0
1817,0
1818,0
1819,0
1820,0
1821,0
1822,0
1823,0
1824,0
1825,0
1826,0
1827,0
1828,0
1829,0
1830,0
1831,0
1832,0
1833,0
1834,0
1835,0
1836,0
1837,0
1838,0
1839,0
1840,0
1841,0
1842,0
1843,0
1844,0
1845,0
1846,0
1847,0
1848,0
1849,0
1850,0
1851,0
1852,0
1853,0
1854,0
1855,0
1856,0
1857,0
1858,0
1859,0
1860,0
1861,0
1862,0
1863,0
1864,0
1865,0
1866,0
1867,0
1868,0
1869,0
1870,0
1871,0
1872,0
1873,0
1874,0
1875,0
1876,0
1877,0
1878,0
1879,0
1880,0
1881,0
1882,0
1883,0
1884,0
1885,0
1886,0
1887,0
1888,0
1889,0
1890,0
1891,0
1892,0
1893,0
1894,0
1895,0
1896,0
1897,0
1898,0
1899,0
1900,0
1901,0
1902,0
1903,0
1904,0
1905,0
1906,0
1907,0
1908,0
1909,0
1910,0
1911,0
1912,0
1913,0
1914,0
1915,0
1916,0
1917,0
1918,0
1919,0
1920,0
1921,0
1922,0
1923,0
1924,0
1925,0
1926,0
1927,0
1928,0
1929,0
1930,0
1931,0
1932,0
1933,0
1934,0
1935,0
1936,0
1937,0
1938,0
1939,0
1940,0
1941,0
1942,0
1943,0
1944,0
1945,0
1946,0
1947,0
1948,0
1949,0
1950,0
1951,0
1952,0
1953,0
1954,0
1955,0
1956,0
1957,0
1958,0
1959,0
1960,0
1961,0
1962,0
1963,0
1964,0
1965,0
1966,0
1967,0
1968,0
1969,0
1970,0
1971,0
1972,0
1973,0
1974,0
1975,0
1976,0
1977,0
1978,0
1979,0
1980,0
1981,0
1982,0
1983,0
1984,0
1985,0
1986,0
1987,0
1988,0
1989,0
1990,0
1991,0
1992,0
1993,0
1994,0
1995,0
1996,0
1997,0
1998,0
1999,0
2000,0
2001,0
2002,0
2003,0
2004,0
2005,0
2006,0
2007,0
2008,0
2009,0
2010,0
2011,0
2012,0
2013,0
2014,0
2015,0
2016,0
2017,0
2018,0
2019,0
2020,0
2021,0
2022,0
2023,0
2024,0
2025,0
2026,0
2027,0
2028,0
2029,0
2030,0
2031,0
2032,0
2033,0
2034,0
2035,0
2036,0
2037,0
2038,0
2039,0
2040,0
2041,0
2042,0
2043,0
2044,0
2045,0
2046,0
2047,0
2048,0
2049,0
2050,0
2051,0
2052,0
2053,0
2054,0
2055,0
2056,0
2057,0
2058,0
2059,0
2060,0
2061,0
2062,0
2063,0
2064,0
2065,0
2066,0
2067,0
2068,0
2069,0
2070,0
2071,0
2072,0
2073,0
2074,0
2075,0
2076,0
2077,0
2078,0
2079,0
2080,0
2081,0
2082,0
2083,0
2084,0
2085,0
2086,0
2087,0
2088,0
2089,0
2090,0
2091,0
2092,0
2093,0
2094,0
2095,0
2096,0
2097,0
2098,0
2099,0
2100,0
2101,0
2102,0
2103,0
2104,0
2105,0
2106,0
2107,0
2108,0
2109,0
2110,0
2111,0
2112,0
2113,0
2114,0
2115,0
2116,0
2117,0
2118,0
2119,0
2120,0
2121,0
2122,0
2123,0
2124,0
2125,0
2126,0
2127,0
2128,0
2129,0
2130,0
2131,0
2132,0
2133,0
2134,0
2135,0
2136,0
2137,0
2138,0
2139,0
2140,0
2141,0
2142,0
2143,0
2144,0
2145,0
2146,0
2147,0
2148,0
2149,0
2150,0
2151,0
2152,0
2153,0
2154,0
2155,0
2156,0
2157,0
2158,0
2159,0
2160,0
2161,0
2162,0
2163,0
2164,0
2165,0
2166,0
2167,0
2168,0
2169,0
2170,0
2171,0
2172,0
2173,0
2174,0
2175,0
2176,0
2177,0
2178,0
2179,0
2180,0
2181,0
2182,0
2183,0
2184,0
2185,0
2186,0
2187,0
2188,0
2189,0
2190,0
2191,0
2192,0
2193,0
2194,0
2195,0
2196,0
2197,0
2198,0
2199,0
2200,0
2201,0
2202,0
2203,0
2204,0
2205,0
2206,0
2207,0
2208,0
2209,0
2210,0
2211,0
2212,0
2213,0
2214,0
2215,0
2216,0
2217,0
2218,0
2219,0
2220,0
2221,0
2222,0
2223,0
2224,0
2225,0
2226,0
2227,0
2228,0
2229,0
2230,0
2231,0
2232,0
2233,0
2234,0
2235,0
2236,0
2237,0
2238,0
2239,0
2240,0
2241,0
2242,0
2243,0
2244,0
2245,0
2246,0
2247,0
2248,0
2249,0
2250,0
2251,0
2252,0
2253,0
2254,0
2255,0
2256,0
2257,0
2258,0
2259,0
2260,0
2261,0
2262,0
2263,0
2264,0
2265,0
2266,0
2267,0
2268,0
2269,0
2270,0
2271,0
2272,0
2273,0
2274,0
2275,0
2276,0
2277,0
2278,0
2279,0
2280,0
2281,0
2282,0
2283,0
2284,0
2285,0
2286,0
2287,0
2288,0
2289,0
2290,0
2291,0
2292,0
2293,0
2294,0
2295,0
2296,0
2297,0
2298,0
2299,0
2300,0
2301,0
2302,0
2303,0
2304,0
2305,0
2306,0
2307,0
2308,0
2309,0
2310,0
2311,0
2312,0
2313,0
2314,0
2315,0
2316,0
2317,0
2318,0
2319,0
2320,0
2321,0
2322,0
2323,0
2324,0
2325,0
2326,0
2327,0
2328,0
2329,0
2330,0
2331,0
2332,0
2333,0
2334,0
2335,0
2336,0
2337,0
2338,0
2339,0
2340,0
2341,0
2342,0
2343,0
2344,0
2345,0
2346,0
2347,0
2348,0
2349,0
2350,0
2351,0
2352,0
2353,0
2354,0
2355,0
2356,0
2357,0
2358,0
2359,0
2360,0
2361,0
2362,0
2363,0
2364,0
2365,0
2366,0
2367,0
2368,0
2369,0
2370,0
2371,0
2372,0
2373,0
2374,0
2375,0
2376,0
2377,0
2378,0
2379,0
2380,0
2381,0
2382,0
2383,0
2384,0
2385,0
2386,0
2387,0
2388,0
2389,0
2390,0
2391,0
2392,0
2393,0
2394,0
2395,0
2396,0
2397,0
2398,0
2399,0
2400,0
2401,0
2402,0
2403,0
2404,0
2405,0
2406,0
2407,0
2408,0
2409,0
2410,0
2411,0
2412,0
2413,0
2414,0
2415,0
2416,0
2417,0
2418,0
2419,0
2420,0
2421,0
2422,0
2423,0
2424,0
2425,0
2426,0
2427,0
2428,0
2429,0
2430,0
2431,0
2432,0
2433,0
2434,0
2435,0
2436,0
2437,0
2438,0
2439,0
2440,0
2441,0
2442,0
2443,0
2444,0
2445,0
2446,0
2447,0
2448,0
2449,0
2450,0
2451,0
2452,0
2453,0
2454,0
2455,0
2456,0
2457,0
2458,0
2459,0
2460,0
2461,0
2462,0
2463,0
2464,0
2465,0
2466,0
2467,0
2468,0
2469,0
2470,0
2471,0
2472,0
2473,0
2474,0
2475,0
2476,0
2477,0
2478,0
2479,0
2480,0
2481,0
2482,0
2483,0
2484,0
2485,0
2486,0
2487,0
2488,0
2489,0
2490,0
2491,0
2492,0
2493,0
2494,0
2495,0
2496,0
2497,0
2498,0
2499,0
2500,0
2501,0
2502,0
2503,0
2504,0
2505,0
2506,0
2507,0
2508,0
2509,0
2510,0
2511,0
2512,0
2513,0
2514,0
2515,0
2516,0
2517,0
2518,0
2519,0
2520,0
2521,0
2522,0
2523,0
2524,0
2525,0
2526,0
2527,0
2528,0
2529,0
2530,0
2531,0
2532,0
2533,0
2534,0
2535,0
2536,0
2537,0
2538,0
2539,0
2540,0
2541,0
2542,0
2543,0
2544,0
2545,0
2546,0
2547,0
2548,0
2549,0
2550,0
2551,0
2552,0
2553,0
2554,0
2555,0
2556,0
2557,0
2558,0
2559,0
2560,0
2561,0
2562,0
2563,0
2564,0
2565,0
2566,0
2567,0
2568,0
2569,0
2570,0
2571,0
2572,0
2573,0
2574,0
2575,0
2576,0
2577,0
2578,0
2579,0
2580,0
2581,0
2582,0
2583,0
2584,0
2585,0
2586,0
2587,0
2588,0
2589,0
2590,0
2591,0
2592,0
2593,0
2594,0
2595,0
2596,0
2597,0
2598,0
2599,0
2600,0
2601,0
2602,0
2603,0
2604,0
2605,0
2606,0
2607,0
2608,0
2609,0
2610,0
2611,0
2612,0
2613,0
2614,0
2615,0
2616,0
2617,0
2618,0
2619,0
2620,0
2621,0
2622,0
2623,0
2624,0
2625,0
2626,0
2627,0
2628,0
2629,0
2630,0
2631,0
2632,0
2633,0
2634,0
2635,0
2636,0
2637,0
2638,0
2639,0
2640,0
2641,0
2642,0
2643,0
2644,0
2645,0
2646,0
2647,0
2648,0
2649,0
2650,0
2651,0
2652,0
2653,0
2654,0
2655,0
2656,0
2657,0
2658,0
2659,0
2660,0
2661,0
2662,0
2663,0
2664,0
2665,0
2666,0
2667,0
2668,0
2669,0
2670,0
2671,0
2672,0
2673,0
2674,0
2675,0
2676,0
2677,0
2678,0
2679,0
2680,0
2681,0
2682,0
2683,0
2684,0
2685,0
2686,0
2687,0
2688,0
2689,0
2690,0
2691,0
2692,0
2693,0
2694,0
2695,0
2696,0
2697,0
2698,0
2699,0
2700,0
2701,0
2702,0
2703,0
2704,0
2705,0
2706,0
2707,0
2708,0
2709,0
2710,0
2711,0
2712,0
2713,0
2714,0
2715,0
2716,0
2717,0
2718,0
2719,0
2720,0
2721,0
2722,0
2723,0
2724,0
2725,0
2726,0
2727,0
2728,0
2729,0
2730,0
2731,0
2732,0
2733,0
2734,0
2735,0
2736,0
2737,0
2738,0
2739,0
2740,0
2741,0
2742,0
2743,0
2744,0
2745,0
2746,0
2747,0
2748,0
2749,0
2750,0
2751,0
2752,0
2753,0
2754,0
2755,0
2756,0
2757,0
2758,0
2759,0
2760,0
2761,0
2762,0
2763,0
2764,0
2765,0
2766,0
2767,0
2768,0
2769,0
2770,0
2771,0
2772,0
2773,0
2774,0
2775,0
2776,0
2777,0
2778,0
2779,0
2780,0
2781,0
2782,0
2783,0
2784,0
2785,0
2786,0
2787,0
2788,0
2789,0
2790,0
2791,0
2792,0
2793,0
2794,0
2795,0
2796,0
2797,0
2798,0
2799,0
2800,0
2801,0
2802,0
2803,0
2804,0
2805,0
2806,0
2807,0
2808,0
2809,0
2810,0
2811,0
2812,0
2813,0
2814,0
2815,0
2816,0
2817,0
2818,0
2819,0
2820,0
2821,0
2822,0
2823,0
2824,0
2825,0
2826,0
2827,0
2828,0
2829,0
2830,0
2831,0
2832,0
2833,0
2834,0
2835,0
2836,0
2837,0
2838,0
2839,0
2840,0
2841,0
2842,0
2843,0
2844,0
2845,0
2846,0
2847,0
2848,0
2849,0
2850,-0.22866
2851,-0.68599
2852,-1.372
2853,-2.2866
2854,-3.43
2855,-4.8019
2856,-6.4026
2857,-8.2319
2858,-10.29
2859,-12.577
2860,-15.092
2861,-17.836
2862,-20.808
2863,-24.01
2864,-27.44
2865,-31.098
2866,-34.986
2867,-39.102
2868,-43.446
2869,-48.019
2870,-52.821
2871,-57.852
2872,-63.111
2873,-68.599
2874,-74.316
2875,-80.261
2876,-86.435
2877,-92.837
2878,-99.469
2879,-106.33
2880,-113.42
2881,-120.73
2882,-128.28
2883,-136.05
2884,-144.06
2885,-152.29
2886,-160.75
2887,-169.44
2888,-178.36
2889,-187.5
2890,-196.88
2891,-206.48
2892,-216.32
2893,-226.38
2894,-236.67
2895,-247.19
2896,-257.93
2897,-268.91
2898,-280.11
2899,-291.55
2900,-303.21
2901,-314.64
2902,-325.79
2903,-336.52
2904,-346.86
2905,-356.79
2906,-366.34
2907,-375.51
2908,-384.31
2909,-392.74
2910,-400.81
2911,-408.53
2912,-415.9
2913,-422.94
2914,-429.64
2915,-436.02
2916,-442.08
2917,-447.83
2918,-453.27
2919,-458.41
2920,-463.26
2921,-467.82
2922,-472.09
2923,-476.09
2924,-479.81
2925,-483.27
2926,-486.47
2927,-489.41
2928,-492.1
2929,-494.55
2930,-496.75
2931,-498.72
2932,-500.45
2933,-501.96
2934,-503.25
2935,-504.31
2936,-505.17
2937,-505.81
2938,-506.25
2939,-506.49
2940,-506.54
2941,-506.38
2942,-506.04
2943,-505.52
2944,-504.81
2945,-503.93
2946,-502.87
2947,-501.64
2948,-500.25
2949,-498.69
2950,-496.97
2951,-495.09
2952,-493.29
2953,-491.56
2954,-489.9
2955,-488.3
2956,-486.78
2957,-485.31
2958,-483.91
2959,-482.56
2960,-481.27
2961,-480.04
2962,-478.85
2963,-477.72
2964,-476.64
2965,-475.6
2966,-474.61
2967,-473.66
2968,-472.76
2969,-471.9
2970,-471.07
2971,-470.28
2972,-469.53
2973,-468.82
2974,-468.14
2975,-467.49
2976,-466.87
2977,-466.28
2978,-465.73
2979,-465.2
2980,-464.69
2981,-464.22
2982,-463.76
2983,-463.34
2984,-462.93
2985,-462.55
2986,-462.19
2987,-461.85
2988,-461.53
2989,-461.22
2990,-460.94
2991,-460.67
2992,-460.42
2993,-460.19
2994,-459.97
2995,-459.77
2996,-459.58
2997,-459.4
2998,-459.24
2999,-459.09
3000,-458.95
3001,-458.83
3002,-458.71
3003,-458.61
3004,-458.51
3005,-458.43
3006,-458.35
3007,-458.28
3008,-458.23
3009,-458.18
3010,-458.13
3011,-458.1
3012,-458.07
3013,-458.05
3014,-458.03
3015,-458.02
3016,-458.02
3017,-458.02
3018,-458.02
3019,-458.02
3020,-458.02
3021,-458.02
3022,-458.02
3023,-458.02
3024,-458.02
3025,-458.02
3026,-458.02
3027,-458.02
3028,-458.02
3029,-458.02
3030,-458.02
3031,-458.02
3032,-458.02
3033,-458.02
3034,-458.02
3035,-458.02
3036,-458.02
3037,-458.02
3038,-458.02
3039,-458.02
3040,-458.02
3041,-458.02
3042,-458.02
3043,-458.02
3044,-458.02
3045,-458.02
3046,-458.02
3047,-458.02
3048,-458.02
3049,-458.02
3050,-458.02
3051,-458.02
3052,-458.02
3053,-458.02
3054,-458.02
3055,-458.02
3056,-458.02
3057,-458.02
3058,-458.02
3059,-458.02
3060,-458.02
3061,-458.02
3062,-458.02
3063,-458.02
3064,-458.02
3065,-458.02
3066,-458.02
3067,-458.02
3068,-458.02
3069,-458.02
3070,-458.02
3071,-458.02
3072,-458.02
3073,-458.02
3074,-458.02
3075,-458.02
3076,-458.02
3077,-458.02
3078,-458.02
3079,-458.02
3080,-458.02
3081,-458.02
3082,-458.02
3083,-458.02
3084,-458.02
3085,-458.02
3086,-458.02
3087,-458.02
3088,-458.02
3089,-458.02
3090,-458.02
3091,-458.02
3092,-458.02
3093,-458.02
3094,-458.02
3095,-458.02
3096,-458.02
3097,-458.02
3098,-458.02
3099,-458.02
3100,-458.02
3101,-458.02
3102,-458.02
3103,-458.02
3104,-458.02
3105,-458.02
3106,-458.02
3107,-458.02
3108,-458.02
3109,-458.02
3110,-458.02
3111,-458.02
3112,-458.02
3113,-458.02
3114,-458.02
3115,-458.02
3116,-458.02
3117,-458.02
3118,-458.02
3119,-458.02
3120,-458.02
3121,-458.02
3122,-458.02
3123,-458.02
3124,-458.02
3125,-458.02
3126,-458.02
3127,-458.02
3128,-458.02
3129,-458.02
3130,-458.02
3131,-458.02
3132,-458.02
3133,-458.02
3134,-458.02
3135,-458.02
3136,-458.02
3137,-458.02
3138,-458.02
3139,-458.02
3140,-458.02
3141,-458.02
3142,-458.02
3143,-458.02
3144,-458.02
3145,-458.02
3146,-458.02
3147,-458.02
3148,-458.02
3149,-458.02
3150,-458.02
3151,-458.02
3152,-458.02
3153,-458.02
3154,-458.02
3155,-458.02
3156,-458.02
3157,-458.02
3158,-458.02
3159,-458.02
3160,-458.02
3161,-458.02
3162,-458.02
3163,-458.02
3164,-458.02
3165,-458.02
3166,-458.02
3167,-458.02
3168,-458.02
3169,-458.02
3170,-458.02
3171,-458.02
3172,-458.02
3173,-458.02
3174,-458.02
3175,-458.02
3176,-458.02
3177,-458.02
3178,-458.02
3179,-458.02
3180,-458.02
3181,-458.02
3182,-458.02
3183,-458.02
3184,-458.02
3185,-458.02
3186,-458.02
3187,-458.02
3188,-458.02
3189,-458.02
3190,-458.02
3191,-458.02
3192,-458.02
3193,-458.02
3194,-458.02
3195,-458.02
3196,-458.02
3197,-458.02
3198,-458.02
3199,-458.02
3200,-458.02
3201,-458.02
3202,-458.02
3203,-458.02
3204,-458.02
3205,-458.02
3206,-458.02
3207,-458.02
3208,-458.02
3209,-458.02
3210,-458.02
3211,-458.02
3212,-458.02
3213,-458.02
3214,-458.02
3215,-458.02
3216,-458.02
3217,-458.02
3218,-458.02
3219,-458.02
3220,-458.02
3221,-458.02
3222,-458.02
3223,-458.02
3224,-458.02
3225,-458.02
3226,-458.02
3227,-458.02
3228,-458.02
3229,-458.02
3230,-458.02
3231,-458.02
3232,-458.02
3233,-458.02
3234,-458.02
3235,-458.02
3236,-458.02
3237,-458.02
3238,-458.02
3239,-458.02
3240,-458.02
3241,-458.02
3242,-458.02
3243,-458.02
3244,-458.02
3245,-458.02
3246,-458.02
3247,-458.02
3248,-458.02
3249,-458.02
3250,-458.02
3251,-458.02
3252,-458.02
3253,-458.02
3254,-458.02
3255,-458.02
3256,-458.02
3257,-458.02
3258,-458.02
3259,-458.02
3260,-458.02
3261,-458.02
3262,-458.02
3263,-458.02
3264,-458.02
3265,-458.02
3266,-458.02
3267,-458.02
3268,-458.02
3269,-458.02
3270,-458.02
3271,-458.02
3272,-458.02
3273,-458.02
3274,-458.02
3275,-458.02
3276,-458.02
3277,-458.02
3278,-458.02
3279,-458.02
3280,-458.02
3281,-458.02
3282,-458.02
3283,-458.02
3284,-458.02
3285,-458.02
3286,-458.02
3287,-458.02
3288,-458.02
3289,-458.02
3290,-458.02
3291,-458.02
3292,-458.02
3293,-458.02
3294,-458.02
3295,-458.02
3296,-458.02
3297,-458.02
3298,-458.02
3299,-458.02
3300,-458.02
3301,-458.02
3302,-458.02
3303,-458.02
3304,-458.02
3305,-458.02
3306,-458.02
3307,-458.02
3308,-458.02
3309,-458.02
3310,-458.02
3311,-458.02
3312,-458.02
3313,-458.02
3314,-458.02
3315,-458.02
3316,-458.02
3317,-458.02
3318,-458.02
3319,-458.02
3320,-458.02
3321,-458.02
3322,-458.02
3323,-458.02
3324,-458.02
3325,-458.02
3326,-458.02
3327,-458.02
3328,-458.02
3329,-458.02
3330,-458.02
3331,-458.02
3332,-458.02
3333,-458.02
3334,-458.02
3335,-458.02
3336,-458.02
3337,-458.02
3338,-458.02
3339,-458.02
3340,-458.02
3341,-458.02
3342,-458.02
3343,-458.02
3344,-458.02
3345,-458.02
3346,-458.02
3347,-458.02
3348,-458.02
3349,-458.02
3350,-458.02
3351,-458.02
3352,-458.02
3353,-458.02
3354,-458.02
3355,-458.02
3356,-458.02
3357,-458.02
3358,-458.02
3359,-458.02
3360,-458.02
3361,-458.02
3362,-458.02
3363,-458.02
3364,-458.02
3365,-458.02
3366,-458.02
3367,-458.02
3368,-458.02
3369,-458.02
3370,-458.02
3371,-458.02
3372,-458.02
3373,-458.02
3374,-458.02
3375,-458.02
3376,-458.02
3377,-458.02
3378,-458.02
3379,-458.02
3380,-458.02
3381,-458.02
3382,-458.02
3383,-458.02
3384,-458.02
3385,-458.02
3386,-458.02
3387,-458.02
3388,-458.02
3389,-458.02
3390,-458.02
3391,-458.02
3392,-458.02
3393,-458.02
3394,-458.02
3395,-458.02
3396,-458.02
3397,-458.02
3398,-458.02
3399,-458.02
3400,-458.02
3401,-458.02
3402,-458.02
3403,-458.02
3404,-458.02
3405,-458.02
3406,-458.02
3407,-458.02
3408,-458.02
3409,-458.02
3410,-458.02
3411,-458.02
3412,-458.02
3413,-458.02
3414,-458.02
3415,-458.02
3416,-458.02
3417,-458.02
3418,-458.02
3419,-458.02
3420,-458.02
3421,-458.02
3422,-458.02
3423,-458.02
3424,-458.02
3425,-458.02
3426,-458.02
3427,-458.02
3428,-458.02
3429,-458.02
3430,-458.02
3431,-458.02
3432,-458.02
3433,-458.02
3434,-458.02
3435,-458.02
3436,-458.02
3437,-458.02
3438,-458.02
3439,-458.02
3440,-458.02
3441,-458.02
3442,-458.02
3443,-458.02
3444,-458.02
3445,-458.02
3446,-458.02
3447,-458.02
3448,-458.02
3449,-458.02
3450,-458.02
3451,-458.02
3452,-458.02
3453,-458.02
3454,-458.02
3455,-458.02
3456,-458.02
3457,-458.02
3458,-458.02
3459,-458.02
3460,-458.02
3461,-458.02
3462,-458.02
3463,-458.02
3464,-458.02
3465,-458.02
3466,-458.02
3467,-458.02
3468,-458.02
3469,-458.02
3470,-458.02
3471,-458.02
3472,-458.02
3473,-458.02
3474,-458.02
3475,-458.02
3476,-458.02
3477,-458.02
3478,-458.02
3479,-458.02
3480,-458.02
3481,-458.02
3482,-458.02
3483,-458.02
3484,-458.02
3485,-458.02
3486,-458.02
3487,-458.02
3488,-458.02
3489,-458.02
3490,-458.02
3491,-458.02
3492,-458.02
3493,-458.02
3494,-458.02
3495,-458.02
3496,-458.02
3497,-458.02
3498,-458.02
3499,-458.02
3500,-458.02
3501,-458.02
3502,-458.02
3503,-458.02
3504,-458.02
3505,-458.02
3506,-458.02
3507,-458.02
3508,-458.02
3509,-458.02
3510,-458.02
3511,-458.02
3512,-458.02
3513,-458.02
3514,-458.02
3515,-458.02
3516,-458.02
3517,-458.02
3518,-458.02
3519,-458.02
3520,-458.02
3521,-458.02
3522,-458.02
3523,-458.02
3524,-458.02
3525,-458.02
3526,-458.02
3527,-458.02
3528,-458.02
3529,-458.02
3530,-458.02
3531,-458.02
3532,-458.02
3533,-458.02
3534,-458.02
3535,-458.02
3536,-458.02
3537,-458.02
3538,-458.02
3539,-458.02
3540,-458.02
3541,-458.02
3542,-458.02
3543,-458.02
3544,-458.02
3545,-458.02
3546,-458.02
3547,-458.02
3548,-458.02
3549,-458.02
3550,-458.02
3551,-458.02
3552,-458.02
3553,-458.02
3554,-458.02
3555,-458.02
3556,-458.02
3557,-458.02
3558,-458.02
3559,-458.02
3560,-458.02
3561,-458.02
3562,-458.02
3563,-458.02
3564,-458.02
3565,-458.02
3566,-458.02
3567,-458.02
3568,-458.02
3569,-458.02
3570,-458.02
3571,-458.02
3572,-458.02
3573,-458.02
3574,-458.02
3575,-458.02
3576,-458.02
3577,-458.02
3578,-458.02
3579,-458.02
3580,-458.02
3581,-458.02
3582,-458.02
3583,-458.02
3584,-458.02
3585,-458.02
3586,-458.02
3587,-458.02
3588,-458.02
3589,-458.02
3590,-458.02
3591,-458.02
3592,-458.02
3593,-458.02
3594,-458.02
3595,-458.02
3596,-458.02
3597,-458.02
3598,-458.02
3599,-458.02
3600,-458.02
3601,-458.02
3602,-458.02
3603,-458.02
3604,-458.02
3605,-458.02
3606,-458.02
3607,-458.02
3608,-458.02
3609,-458.02
3610,-458.02
3611,-458.02
3612,-458.02
3613,-458.02
3614,-458.02
3615,-458.02
3616,-458.02
3617,-458.02
3618,-458.02
3619,-458.02
3620,-458.02
3621,-458.02
3622,-458.02
3623,-458.02
3624,-458.02
3625,-458.02
3626,-458.02
3627,-458.02
3628,-458.02
3629,-458.02
3630,-458.02
3631,-458.02
3632,-458.02
3633,-458.02
3634,-458.02
3635,-458.02
3636,-458.02
3637,-458.02
3638,-458.02
3639,-458.02
3640,-458.02
3641,-458.02
3642,-458.02
3643,-458.02
3644,-458.02
3645,-458.02
3646,-458.02
3647,-458.02
3648,-458.02
3649,-458.02
3650,-458.02
3651,-458.02
3652,-458.02
3653,-458.02
3654,-458.02
3655,-458.02
3656,-458.02
3657,-458.02
3658,-458.02
3659,-458.02
3660,-458.02
3661,-458.02
3662,-458.02
3663,-458.02
3664,-458.02
3665,-458.02
3666,-458.02
3667,-458.02
3668,-458.02
3669,-458.02
3670,-458.02
3671,-458.02
3672,-458.02
3673,-458.02
3674,-458.02
3675,-458.02
3676,-458.02
3677,-458.02
3678,-458.02
3679,-458.02
3680,-458.02
3681,-458.02
3682,-458.02
3683,-458.02
3684,-458.02
3685,-458.02
3686,-458.02
3687,-458.02
3688,-458.02
3689,-458.02
3690,-458.02
3691,-458.02
3692,-458.02
3693,-458.02
3694,-458.02
3695,-458.02
3696,-458.02
3697,-458.02
3698,-458.02
3699,-458.02
3700,-458.02
3701,-458.02
3702,-458.02
3703,-458.02
3704,-458.02
3705,-458.02
3706,-458.02
3707,-458.02
3708,-458.02
3709,-458.02
3710,-458.02
3711,-458.02
3712,-458.02
3713,-458.02
3714,-458.02
3715,-458.02
3716,-458.02
3717,-458.02
3718,-458.02
3719,-458.02
3720,-458.02
3721,-458.02
3722,-458.02
3723,-458.02
3724,-458.02
3725,-458.02
3726,-458.02
3727,-458.02
3728,-458.02
3729,-458.02
3730,-458.02
3731,-458.02
3732,-458.02
3733,-458.02
3734,-458.02
3735,-458.02
3736,-458.02
3737,-458.02
3738,-458.02
3739,-458.02
3740,-458.02
3741,-458.02
3742,-458.02
3743,-458.02
3744,-458.02
3745,-458.02
3746,-458.02
3747,-458.02
3748,-458.02
3749,-458.02
3750,-458.02
3751,-458.02
3752,-458.02
3753,-458.02
3754,-458.02
3755,-458.02
3756,-458.02
3757,-458.02
3758,-458.02
3759,-458.02
3760,-458.02
3761,-458.02
3762,-458.02
3763,-458.02
3764,-458.02
3765,-458.02
3766,-458.02
3767,-458.02
3768,-458.02
3769,-458.02
3770,-458.02
3771,-458.02
3772,-458.02
3773,-458.02
3774,-458.02
3775,-458.02
3776,-458.02
3777,-458.02
3778,-458.02
3779,-458.02
3780,-458.02
3781,-458.02
3782,-458.02
3783,-458.02
3784,-458.02
3785,-458.02
3786,-458.02
3787,-458.02
3788,-458.02
3789,-458.02
3790,-458.02
3791,-458.02
3792,-458.02
3793,-458.02
3794,-458.02
3795,-458.02
3796,-458.02
3797,-458.02
3798,-458.02
3799,-458.02
3800,-458.02
3801,-458.02
3802,-458.02
3803,-458.02
3804,-458.02
3805,-458.02
3806,-458.02
3807,-458.02
3808,-458.02
3809,-458.02
3810,-458.02
3811,-458.02
3812,-458.02
3813,-458.02
3814,-458.02
3815,-458.02
3816,-458.02
3817,-458.02
3818,-458.02
3819,-458.02
3820,-458.02
3821,-458.02
3822,-458.02
3823,-458.02
3824,-458.02
3825,-458.02
3826,-458.02
3827,-458.02
3828,-458.02
3829,-458.02
3830,-458.02
3831,-458.02
3832,-458.02
3833,-458.02
3834,-458.02
3835,-458.02
3836,-458.02
3837,-458.02
3838,-458.02
3839,-458.02
3840,-458.02
3841,-458.02
3842,-458.02
3843,-458.02
3844,-458.02
3845,-458.02
3846,-458.02
3847,-458.02
3848,-458.02
3849,-458.02
3850,-458.02
3851,-458.02
3852,-458.02
3853,-458.02
3854,-458.02
3855,-458.02
3856,-458.02
3857,-458.02
3858,-458.02
3859,-458.02
3860,-458.02
3861,-458.02
3862,-458.02
3863,-458.02
3864,-458.02
3865,-458.02
3866,-458.02
3867,-458.02
3868,-458.02
3869,-458.02
3870,-458.02
3871,-458.02
3872,-458.02
3873,-458.02
3874,-458.02
3875,-458.02
3876,-458.02
3877,-458.02
3878,-458.02
3879,-458.02
3880,-458.02
3881,-458.02
3882,-458.02
3883,-458.02
3884,-458.02
3885,-458.02
3886,-458.02
3887,-458.02
3888,-458.02
3889,-458.02
3890,-458.02
3891,-458.02
3892,-458.02
3893,-458.02
3894,-458.02
3895,-458.02
3896,-458.02
3897,-458.02
3898,-458.02
3899,-458.02
3900,-458.02
3901,-458.02
3902,-458.02
3903,-458.02
3904,-458.02
3905,-458.02
3906,-458.02
3907,-458.02
3908,-458.02
3909,-458.02
3910,-458.02
3911,-458.02
3912,-458.02
3913,-458.02
3914,-458.02
3915,-458.02
3916,-458.02
3917,-458.02
3918,-458.02
3919,-458.02
3920,-458.02
3921,-458.02
3922,-458.02
3923,-458.02
3924,-458.02
3925,-458.02
3926,-458.02
3927,-458.02
3928,-458.02
3929,-458.02
3930,-458.02
3931,-458.02
3932,-458.02
3933,-458.02
3934,-458.02
3935,-458.02
3936,-458.02
3937,-458.02
3938,-458.02
3939,-458.02
3940,-458.02
3941,-458.02
3942,-458.02
3943,-458.02
3944,-458.02
3945,-458.02
3946,-458.02
3947,-458.02
3948,-458.02
3949,-458.02
3950,-458.02
3951,-458.02
3952,-458.02
3953,-458.02
3954,-458.02
3955,-458.02
3956,-458.02
3957,-458.02
3958,-458.02
3959,-458.02
3960,-458.02
3961,-458.02
3962,-458.02
3963,-458.02
3964,-458.02
3965,-458.02
3966,-458.02
3967,-458.02
3968,-458.02
3969,-458.02
3970,-458.02
3971,-458.02
3972,-458.02
3973,-458.02
3974,-458.02
3975,-458.02
3976,-458.02
3977,-458.02
3978,-458.02
3979,-458.02
3980,-458.02
3981,-458.02
3982,-458.02
3983,-458.02
3984,-458.02
3985,-458.02
3986,-458.02
3987,-458.02
3988,-458.02
3989,-458.02
3990,-458.02
3991,-458.02
3992,-458.02
3993,-458.02
3994,-458.02
3995,-458.02
3996,-458.02
3997,-458.02
3998,-458.02
3999,-458.02
4000,-458.02
4001,-458.02
4002,-458.02
4003,-458.02
4004,-458.02
4005,-458.02
4006,-458.02
4007,-458.02
4008,-458.02
4009,-458.02
4010,-458.02
4011,-458.02
4012,-458.02
4013,-458.02
4014,-458.02
4015,-458.02
4016,-458.02
4017,-458.02
4018,-458.02
4019,-458.02
4020,-458.02
4021,-458.02
4022,-458.02
4023,-458.02
4024,-458.02
4025,-458.02
4026,-458.02
4027,-458.02
4028,-458.02
4029,-458.02
4030,-458.02
4031,-458.02
4032,-458.02
4033,-458.02
4034,-458.02
4035,-458.02
4036,-458.02
4037,-458.02
4038,-458.02
4039,-458.02
4040,-458.02
4041,-458.02
4042,-458.02
4043,-458.02
4044,-458.02
4045,-458.02
4046,-458.02
4047,-458.02
4048,-458.02
4049,-458.02
4050,-458.02
4051,-458.02
4052,-458.02
4053,-458.02
4054,-458.02
4055,-458.02
4056,-458.02
4057,-458.02
4058,-458.02
4059,-458.02
4060,-458.02
4061,-458.02
4062,-458.02
4063,-458.02
4064,-458.02
4065,-458.02
4066,-458.02
4067,-458.02
4068,-458.02
4069,-458.02
4070,-458.02
4071,-458.02
4072,-458.02
4073,-458.02
4074,-458.02
4075,-458.02
4076,-458.02
4077,-458.02
4078,-458.02
4079,-458.02
4080,-458.02
4081,-458.02
4082,-458.02
4083,-458.02
4084,-458.02
4085,-458.02
4086,-458.02
4087,-458.02
4088,-458.02
4089,-458.02
4090,-458.02
4091,-458.02
4092,-458.02
4093,-458.02
4094,-458.02
4095,-458.02
4096,-458.02
4097,-458.02
4098,-458.02
4099,-458.02
4100,-458.02
4101,-458.02
4102,-458.02
4103,-458.02
4104,-458.02
4105,-458.02
4106,-458.02
4107,-458.02
4108,-458.02
4109,-458.02
4110,-458.02
4111,-458.02
4112,-458.02
4113,-458.02
4114,-458.02
4115,-458.02
4116,-458.02
4117,-458.02
4118,-458.02
4119,-458.02
4120,-458.02
4121,-458.02
4122,-458.02
4123,-458.02
4124,-458.02
4125,-458.02
4126,-458.02
4127,-458.02
4128,-458.02
4129,-458.02
4130,-458.02
4131,-458.02
4132,-458.02
4133,-458.02
4134,-458.02
4135,-458.02
4136,-458.02
4137,-458.02
4138,-458.02
4139,-458.02
4140,-458.02
4141,-458.02
4142,-458.02
4143,-458.02
4144,-458.02
4145,-458.02
4146,-458.02
4147,-458.02
4148,-458.02
4149,-458.02
4150,-458.02
4151,-458.02
4152,-458.02
4153,-458.02
4154,-458.02
4155,-458.02
4156,-458.02
4157,-458.02
4158,-458.02
4159,-458.02
4160,-458.02
4161,-458.02
4162,-458.02
4163,-458.02
4164,-458.02
4165,-458.02
4166,-458.02
4167,-458.02
4168,-458.02
4169,-458.02
4170,-458.02
4171,-458.02
4172,-458.02
4173,-458.02
4174,-458.02
4175,-458.02
4176,-458.02
4177,-458.02
4178,-458.02
4179,-458.02
4180,-458.02
4181,-458.02
4182,-458.02
4183,-458.02
4184,-458.02
4185,-458.02
4186,-458.02
4187,-458.02
4188,-458.02
4189,-458.02
4190,-458.02
4191,-458.02
4192,-458.02
4193,-458.02
4194,-458.02
4195,-458.02
4196,-458.02
4197,-458.02
4198,-458.02
4199,-458.02
4200,-458.02
4201,-458.02
4202,-458.02
4203,-458.02
4204,-458.02
4205,-458.02
4206,-458.02
4207,-458.02
4208,-458.02
4209,-458.02
4210,-458.02
4211,-458.02
4212,-458.02
4213,-458.02
4214,-458.02
4215,-458.02
4216,-458.02
4217,-458.02
4218,-458.02
4219,-458.02
4220,-458.02
4221,-458.02
4222,-458.02
4223,-458.02
4224,-458.02
4225,-458.02
4226,-458.02
4227,-458.02
4228,-458.02
4229,-458.02
4230,-458.02
4231,-458.02
4232,-458.02
4233,-458.02
4234,-458.02
4235,-458.02
4236,-458.02
4237,-458.02
4238,-458.02
4239,-458.02
4240,-458.02
4241,-458.02
4242,-458.02
4243,-458.02
4244,-458.02
4245,-458.02
4246,-458.02
4247,-458.02
4248,-458.02
4249,-458.02
4250,-458.02
4251,-458.02
4252,-458.02
4253,-458.02
4254,-458.02
4255,-458.02
4256,-458.02
4257,-458.02
4258,-458.02
4259,-458.02
4260,-458.02
4261,-458.02
4262,-458.02
4263,-458.02
4264,-458.02
4265,-458.02
4266,-458.02
4267,-458.02
4268,-458.02
4269,-458.02
4270,-458.02
4271,-458.02
4272,-458.02
4273,-458.02
4274,-458.02
4275,-458.02
4276,-458.02
4277,-458.02
4278,-458.02
4279,-458.02
4280,-458.02
4281,-458.02
4282,-458.02
4283,-458.02
4284,-458.02
4285,-458.02
4286,-458.02
4287,-458.02
4288,-458.02
4289,-458.02
4290,-458.02
4291,-458.02
4292,-458.02
4293,-458.02
4294,-458.02
4295,-458.02
4296,-458.02
4297,-458.02
4298,-458.02
4299,-458.02
4300,-458.02
4301,-458.02
4302,-458.02
4303,-458.02
4304,-458.02
4305,-458.02
4306,-458.02
4307,-458.02
4308,-458.02
4309,-458.02
4310,-458.02
4311,-458.02
4312,-458.02
4313,-458.02
4314,-458.02
4315,-458.02
4316,-458.02
4317,-458.02
4318,-458.02
4319,-458.02
4320,-458.02
4321,-458.02
4322,-458.02
4323,-458.02
4324,-458.02
4325,-458.02
4326,-458.02
4327,-458.02
4328,-458.02
4329,-458.02
4330,-458.02
4331,-458.02
4332,-458.02
4333,-458.02
4334,-458.02
4335,-458.02
4336,-458.02
4337,-458.02
4338,-458.02
4339,-458.02
4340,-458.02
4341,-458.02
4342,-458.02
4343,-458.02
4344,-458.02
4345,-458.02
4346,-458.02
4347,-458.02
4348,-458.02
4349,-458.02
4350,-458.02
4351,-458.02
4352,-458.02
4353,-458.02
4354,-458.02
4355,-458.02
4356,-458.02
4357,-458.02
4358,-458.02
4359,-458.02
4360,-458.02
4361,-458.02
4362,-458.02
4363,-458.02
4364,-458.02
4365,-458.02
4366,-458.02
4367,-458.02
4368,-458.02
4369,-458.02
4370,-458.02
4371,-458.02
4372,-458.02
4373,-458.02
4374,-458.02
4375,-458.02
4376,-458.02
4377,-458.02
4378,-458.02
4379,-458.02
4380,-458.02
4381,-458.02
4382,-458.02
4383,-458.02
4384,-458.02
4385,-458.02
4386,-458.02
4387,-458.02
4388,-458.02
4389,-458.02
4390,-458.02
4391,-458.02
4392,-458.02
4393,-458.02
4394,-458.02
4395,-458.02
4396,-458.02
4397,-458.02
4398,-458.02
4399,-458.02
4400,-458.02
4401,-458.02
4402,-458.02
4403,-458.02
4404,-458.02
4405,-458.02
4406,-458.02
4407,-458.02
4408,-458.02
4409,-458.02
4410,-458.02
4411,-458.02
4412,-458.02
4413,-458.02
4414,-458.02
4415,-458.02
4416,-458.02
4417,-458.02
4418,-458.02
4419,-458.02
4420,-458.02
4421,-458.02
4422,-458.02
4423,-458.02
4424,-458.02
4425,-458.02
4426,-458.02
4427,-458.02
4428,-458.02
4429,-458.02
4430,-458.02
4431,-458.02
4432,-458.02
4433,-458.02
4434,-458.02
4435,-458.02
4436,-458.02
4437,-458.02
4438,-458.02
4439,-458.02
4440,-458.02
4441,-458.02
4442,-458.02
4443,-458.02
4444,-458.02
4445,-458.02
4446,-458.02
4447,-458.02
4448,-458.02
4449,-458.02
4450,-458.02
4451,-458.02
4452,-458.02
4453,-458.02
4454,-458.02
4455,-458.02
4456,-458.02
4457,-458.02
4458,-458.02
4459,-458.02
4460,-458.02
4461,-458.02
4462,-458.02
4463,-458.02
4464,-458.02
4465,-458.02
4466,-458.02
4467,-458.02
4468,-458.02
4469,-458.02
4470,-458.02
4471,-458.02
4472,-458.02
4473,-458.02
4474,-458.02
4475,-458.02
4476,-458.02
4477,-458.02
4478,-458.02
4479,-458.02
4480,-458.02
4481,-458.02
4482,-458.02
4483,-458.02
4484,-458.02
4485,-458.02
4486,-458.02
4487,-458.02
4488,-458.02
4489,-458.02
4490,-458.02
4491,-458.02
4492,-458.02
4493,-458.02
4494,-458.02
4495,-458.02
4496,-458.02
4497,-458.02
4498,-458.02
4499,-458.02
4500,-458.02
4501,-458.02
4502,-458.02
4503,-458.02
4504,-458.02
4505,-458.02
4506,-458.02
4507,-458.02
4508,-458.02
4509,-458.02
4510,-458.02
4511,-458.02
4512,-458.02
4513,-458.02
4514,-458.02
4515,-458.02
4516,-458.02
4517,-458.02
4518,-458.02
4519,-458.02
4520,-458.02
4521,-458.02
4522,-458.02
4523,-458.02
4524,-458.02
4525,-458.02
4526,-458.02
4527,-458.02
4528,-458.02
4529,-458.02
4530,-458.02
4531,-458.02
4532,-458.02
4533,-458.02
4534,-458.02
4535,-458.02
4536,-458.02
4537,-458.02
4538,-458.02
4539,-458.02
4540,-458.02
4541,-458.02
4542,-458.02
4543,-458.02
4544,-458.02
4545,-458.02
4546,-458.02
4547,-458.02
4548,-458.02
4549,-458.02
4550,-458.02
4551,-458.02
4552,-458.02
4553,-458.02
4554,-458.02
4555,-458.02
4556,-458.02
4557,-458.02
4558,-458.02
4559,-458.02
4560,-458.02
4561,-458.02
4562,-458.02
4563,-458.02
4564,-458.02
4565,-458.02
4566,-458.02
4567,-458.02
4568,-458.02
4569,-458.02
4570,-458.02
4571,-458.02
4572,-458.02
4573,-458.02
4574,-458.02
4575,-458.02
4576,-458.02
4577,-458.02
4578,-458.02
4579,-458.02
4580,-458.02
4581,-458.02
4582,-458.02
4583,-458.02
4584,-458.02
4585,-458.02
4586,-458.02
4587,-458.02
4588,-458.02
4589,-458.02
4590,-458.02
4591,-458.02
4592,-458.02
4593,-458.02
4594,-458.02
4595,-458.02
4596,-458.02
4597,-458.02
4598,-458.02
4599,-458.02
4600,-458.02
4601,-458.02
4602,-458.02
4603,-458.02
4604,-458.02
4605,-458.02
4606,-458.02
4607,-458.02
4608,-458.02
4609,-458.02
4610,-458.02
4611,-458.02
4612,-458.02
4613,-458.02
4614,-458.02
4615,-458.02
4616,-458.02
4617,-458.02
4618,-458.02
4619,-458.02
4620,-458.02
4621,-458.02
4622,-458.02
4623,-458.02
4624,-458.02
4625,-458.02
4626,-458.02
4627,-458.02
4628,-458.02
4629,-458.02
4630,-458.02
4631,-458.02
4632,-458.02
4633,-458.02
4634,-458.02
4635,-458.02
4636,-458.02
4637,-458.02
4638,-458.02
4639,-458.02
4640,-458.02
4641,-458.02
4642,-458.02
4643,-458.02
4644,-458.02
4645,-458.02
4646,-458.02
4647,-458.02
4648,-458.02
4649,-458.02
4650,-458.02
4651,-458.02
4652,-458.02
4653,-458.02
4654,-458.02
4655,-458.02
4656,-458.02
4657,-458.02
4658,-458.02
4659,-458.02
4660,-458.02
4661,-458.02
4662,-458.02
4663,-458.02
4664,-458.02
4665,-458.02
4666,-458.02
4667,-458.02
4668,-458.02
4669,-458.02
4670,-458.02
4671,-458.02
4672,-458.02
4673,-458.02
4674,-458.02
4675,-458.02
4676,-458.02
4677,-458.02
4678,-458.02
4679,-458.02
4680,-458.02
4681,-458.02
4682,-458.02
4683,-458.02
4684,-458.02
4685,-458.02
4686,-458.02
4687,-458.02
4688,-458.02
4689,-458.02
4690,-458.02
4691,-458.02
4692,-458.02
4693,-458.02
4694,-458.02
4695,-458.02
4696,-458.02
4697,-458.02
4698,-458.02
4699,-458.02
4700,-458.02
4701,-458.02
4702,-458.02
4703,-458.02
4704,-458.02
4705,-458.02
4706,-458.02
4707,-458.02
4708,-458.02
4709,-458.02
4710,-458.02
4711,-458.02
4712,-458.02
4713,-458.02
4714,-458.02
4715,-458.02
4716,-458.02
4717,-458.02
4718,-458.02
4719,-458.02
4720,-458.02
4721,-458.02
4722,-458.02
4723,-458.02
4724,-458.02
4725,-458.02
4726,-458.02
4727,-458.02
4728,-458.02
4729,-458.02
4730,-458.02
4731,-458.02
4732,-458.02
4733,-458.02
4734,-458.02
4735,-458.02
4736,-458.02
4737,-458.02
4738,-458.02
4739,-458.02
4740,-458.02
4741,-458.02
4742,-458.02
4743,-458.02
4744,-458.02
4745,-458.02
4746,-458.02
4747,-458.02
4748,-458.02
4749,-458.02
4750,-458.02
4751,-458.02
4752,-458.02
4753,-458.02
4754,-458.02
4755,-458.02
4756,-458.02
4757,-458.02
4758,-458.02
4759,-458.02
4760,-458.02
4761,-458.02
4762,-458.02
4763,-458.02
4764,-458.02
4765,-458.02
4766,-458.02
4767,-458.02
4768,-458.02
4769,-458.02
4770,-458.02
4771,-458.02
4772,-458.02
4773,-458.02
4774,-458.02
4775,-458.02
4776,-458.02
4777,-458.02
4778,-458.02
4779,-458.02
4780,-458.02
4781,-458.02
4782,-458.02
4783,-458.02
4784,-458.02
4785,-458.02
4786,-458.02
4787,-458.02
4788,-458.02
4789,-458.02
4790,-458.02
4791,-458.02
4792,-458.02
4793,-458.02
4794,-458.02
4795,-458.02
4796,-458.02
4797,-458.02
4798,-458.02
4799,-458.02
4800,-458.02
4801,-458.02
4802,-458.02
4803,-458.02
4804,-458.02
4805,-458.02
4806,-458.02
4807,-458.02
4808,-458.02
4809,-458.02
4810,-458.02
4811,-458.02
4812,-458.02
4813,-458.02
4814,-458.02
4815,-458.02
4816,-458.02
4817,-458.02
4818,-458.02
4819,-458.02
4820,-458.02
4821,-458.02
4822,-458.02
4823,-458.02
4824,-458.02
4825,-458.02
4826,-458.02
4827,-458.02
4828,-458.02
4829,-458.02
4830,-458.02
4831,-458.02
4832,-458.02
4833,-458.02
4834,-458.02
4835,-458.02
4836,-458.02
4837,-458.02
4838,-458.02
4839,-458.02
4840,-458.02
4841,-458.02
4842,-458.02
4843,-458.02
4844,-458.02
4845,-458.02
4846,-458.02
4847,-458.02
4848,-458.02
4849,-458.02
4850,-458.02
4851,-458.02
4852,-458.02
4853,-458.02
4854,-458.02
4855,-458.02
4856,-458.02
4857,-458.02
4858,-458.02
4859,-458.02
4860,-458.02
4861,-458.02
4862,-458.02
4863,-458.02
4864,-458.02
4865,-458.02
4866,-458.02
4867,-458.02
4868,-458.02
4869,-458.02
4870,-458.02
4871,-458.02
4872,-458.02
4873,-458.02
4874,-458.02
4875,-458.02
4876,-458.02
4877,-458.02
4878,-458.02
4879,-458.02
4880,-458.02
4881,-458.02
4882,-458.02
4883,-458.02
4884,-458.02
4885,-458.02
4886,-458.02
4887,-458.02
4888,-458.02
4889,-458.02
4890,-458.02
4891,-458.02
4892,-458.02
4893,-458.02
4894,-458.02
4895,-458.02
4896,-458.02
4897,-458.02
4898,-458.02
4899,-458.02
4900,-458.02
4901,-458.02
4902,-458.02
4903,-458.02
4904,-458.02
4905,-458.02
4906,-458.02
4907,-458.02
4908,-458.02
4909,-458.02
4910,-458.02
4911,-458.02
4912,-458.02
4913,-458.02
4914,-458.02
4915,-458.02
4916,-458.02
4917,-458.02
4918,-458.02
4919,-458.02
4920,-458.02
4921,-458.02
4922,-458.02
4923,-458.02
4924,-458.02
4925,-458.02
4926,-458.02
4927,-458.02
4928,-458.02
4929,-458.02
4930,-458.02
4931,-458.02
4932,-458.02
4933,-458.02
4934,-458.02
4935,-458.02
4936,-458.02
4937,-458.02
4938,-458.02
4939,-458.02
4940,-458.02
4941,-458.02
4942,-458.02
4943,-458.02
4944,-458.02
4945,-458.02
4946,-458.02
4947,-458.02
4948,-458.02
4949,-458.02
4950,-458.02
4951,-458.02
4952,-458.02
4953,-458.02
4954,-458.02
4955,-458.02
4956,-458.02
4957,-458.02
4958,-458.02
4959,-458.02
4960,-458.02
4961,-458.02
4962,-458.02
4963,-458.02
4964,-458.02
4965,-458.02
4966,-458.02
4967,-458.02
4968,-458.02
4969,-458.02
4970,-458.02
4971,-458.02
4972,-458.02
4973,-458.02
4974,-458.02
4975,-458.02
4976,-458.02
4977,-458.02
4978,-458.02
4979,-458.02
4980,-458.02
4981,-458.02
4982,-458.02
4983,-458.02
4984,-458.02
4985,-458.02
4986,-458.02
4987,-458.02
4988,-458.02
4989,-458.02
4990,-458.02
4991,-458.02
4992,-458.02
4993,-458.02
4994,-458.02
4995,-458.02
4996,-458.02
4997,-458.02
4998,-458.02
4999,-458.02
5000,-458.02
5001,-458.02
5002,-458.02
5003,-458.02
5004,-458.02
5005,-458.02
5006,-458.02
5007,-458.02
5008,-458.02
5009,-458.02
5010,-458.02
5011,-458.02
5012,-458.02
5013,-458.02
5014,-458.02
5015,-458.02
5016,-458.02
5017,-458.02
5018,-458.02
5019,-458.02
5020,-458.02
5021,-458.02
5022,-458.02
5023,-458.02
5024,-458.02
5025,-458.02
5026,-458.02
5027,-458.02
5028,-458.02
5029,-458.02
5030,-458.02
5031,-458.02
5032,-458.02
5033,-458.02
5034,-458.02
5035,-458.02
5036,-458.02
5037,-458.02
5038,-458.02
5039,-458.02
5040,-458.02
5041,-458.02
5042,-458.02
5043,-458.02
5044,-458.02
5045,-458.02
5046,-458.02
5047,-458.02
5048,-458.02
5049,-458.02
5050,-458.02
5051,-458.02
5052,-458.02
5053,-458.02
5054,-458.02
5055,-458.02
5056,-458.02
5057,-458.02
5058,-458.02
5059,-458.02
5060,-458.02
5061,-458.02
5062,-458.02
5063,-458.02
5064,-458.02
5065,-458.02
5066,-458.02
5067,-458.02
5068,-458.02
5069,-458.02
5070,-458.02
5071,-458.02
5072,-458.02
5073,-458.02
5074,-458.02
5075,-458.02
5076,-458.02
5077,-458.02
5078,-458.02
5079,-458.02
5080,-458.02
5081,-458.02
5082,-458.02
5083,-458.02
5084,-458.02
5085,-458.02
5086,-458.02
5087,-458.02
5088,-458.02
5089,-458.02
5090,-458.02
5091,-458.02
5092,-458.02
5093,-458.02
5094,-458.02
5095,-458.02
5096,-458.02
5097,-458.02
5098,-458.02
5099,-458.02
5100,-458.02
5101,-458.02
5102,-458.02
5103,-458.02
5104,-458.02
5105,-458.02
5106,-458.02
5107,-458.02
5108,-458.02
5109,-458.02
5110,-458.02
5111,-458.02
5112,-458.02
5113,-458.02
5114,-458.02
5115,-458.02
5116,-458.02
5117,-458.02
5118,-458.02
5119,-458.02
5120,-458.02
5121,-458.02
5122,-458.02
5123,-458.02
5124,-458.02
5125,-458.02
5126,-458.02
5127,-458.02
5128,-458.02
5129,-458.02
5130,-458.02
5131,-458.02
5132,-458.02
5133,-458.02
5134,-458.02
5135,-458.02
5136,-458.02
5137,-458.02
5138,-458.02
5139,-458.02
5140,-458.02
5141,-458.02
5142,-458.02
5143,-458.02
5144,-458.02
5145,-458.02
5146,-458.02
5147,-458.02
5148,-458.02
5149,-458.02
5150,-458.02
5151,-458.02
5152,-458.02
5153,-458.02
5154,-458.02
5155,-458.02
5156,-458.02
5157,-458.02
5158,-457.41
5159,-456.19
5160,-454.36
5161,-451.92
5162,-448.87
5163,-445.21
5164,-440.94
5165,-436.07
5166,-430.58
5167,-424.48
5168,-417.77
5169,-410.46
5170,-402.53
5171,-393.99
5172,-384.85
5173,-375.09
5174,-364.72
5175,-353.75
5176,-342.16
5177,-329.97
5178,-317.16
5179,-303.75
5180,-289.72
5181,-275.09
5182,-259.84
5183,-243.99
5184,-227.53
5185,-210.45
5186,-192.77
5187,-174.48
5188,-155.57
5189,-136.06
5190,-115.94
5191,-95.205
5192,-73.863
5193,-51.912
5194,-29.35
5195,-6.1788
5196,17.602
5197,41.993
5198,66.994
5199,92.604
5200,118.82
5201,145.65
5202,172.99
5203,200.45
5204,228.04
5205,255.74
5206,283.55
5207,311.45
5208,339.44
5209,366.3
5210,392.05
5211,416.71
5212,440.31
5213,462.86
5214,484.4
5215,504.93
5216,524.49
5217,543.09
5218,560.76
5219,577.51
5220,593.36
5221,608.34
5222,622.46
5223,635.74
5224,648.19
5225,659.84
5226,670.71
5227,680.8
5228,690.14
5229,698.74
5230,706.62
5231,713.79
5232,720.27
5233,726.07
5234,731.21
5235,735.7
5236,739.56
5237,742.8
5238,745.43
5239,747.47
5240,748.93
5241,749.81
5242,750.15
5243,749.93
5244,749.19
5245,747.92
5246,746.14
5247,743.87
5248,741.11
5249,737.87
5250,734.16
5251,730
5252,725.39
5253,720.34
5254,714.86
5255,708.97
5256,702.67
5257,695.96
5258,688.87
5259,681.39
5260,674.14
5261,667.13
5262,660.33
5263,653.75
5264,647.38
5265,641.21
5266,635.23
5267,629.45
5268,623.84
5269,618.42
5270,613.17
5271,608.09
5272,603.16
5273,598.4
5274,593.79
5275,589.33
5276,585.01
5277,580.83
5278,576.78
5279,572.87
5280,569.08
5281,565.42
5282,561.87
5283,558.44
5284,555.12
5285,551.91
5286,548.81
5287,545.81
5288,542.9
5289,540.09
5290,537.38
5291,534.75
5292,532.21
5293,529.76
5294,527.38
5295,525.09
5296,522.87
5297,520.73
5298,518.66
5299,516.66
5300,514.72
5301,512.85
5302,511.05
5303,509.3
5304,507.62
5305,505.99
5306,504.42
5307,502.9
5308,501.44
5309,500.02
5310,498.65
5311,497.34
5312,496.06
5313,494.83
5314,493.65
5315,492.5
5316,491.4
5317,490.34
5318,489.31
5319,488.32
5320,487.36
5321,486.44
5322,485.55
5323,484.69
5324,483.87
5325,483.07
5326,482.31
5327,481.57
5328,480.86
5329,480.17
5330,479.51
5331,478.87
5332,478.26
5333,477.67
5334,477.1
5335,476.56
5336,476.03
5337,475.53
5338,475.04
5339,474.57
5340,474.13
5341,473.69
5342,473.28
5343,472.88
5344,472.5
5345,472.13
5346,471.77
5347,471.44
5348,471.11
5349,470.8
5350,470.5
5351,470.21
5352,469.93
5353,469.67
5354,469.42
5355,469.18
5356,468.94
5357,468.72
5358,468.51
5359,468.3
5360,468.11
5361,467.92
5362,467.75
5363,467.58
5364,467.41
5365,467.26
5366,467.11
5367,466.97
5368,466.84
5369,466.71
5370,466.59
5371,466.47
5372,466.36
5373,466.26
5374,466.16
5375,466.07
5376,465.98
5377,465.89
5378,465.81
5379,465.74
5380,465.67
5381,465.6
5382,465.54
5383,465.48
5384,465.42
5385,465.37
5386,465.32
5387,465.27
5388,465.23
5389,465.19
5390,465.15
5391,465.12
5392,465.08
5393,465.05
5394,465.03
5395,465
5396,464.98
5397,464.96
5398,464.94
5399,464.92
5400,464.91
5401,464.89
5402,464.88
5403,464.87
5404,464.86
5405,464.85
5406,464.85
5407,464.84
5408,464.84
5409,464.84
5410,464.84
5411,464.84
5412,464.84
5413,464.84
5414,464.84
5415,464.84
5416,464.84
5417,464.84
5418,464.84
5419,464.84
5420,464.84
5421,464.84
5422,464.84
5423,464.84
5424,464.84
5425,464.84
5426,464.84
5427,464.84
5428,464.84
5429,464.84
5430,464.84
5431,464.84
5432,464.84
5433,464.84
5434,464.84
5435,464.84
5436,464.84
5437,464.84
5438,464.84
5439,464.84
5440,464.84
5441,464.84
5442,464.84
5443,464.84
5444,464.84
5445,464.84
5446,464.84
5447,464.84
5448,464.84
5449,464.84
5450,464.84
5451,464.84
5452,464.84
5453,464.84
5454,464.84
5455,464.84
5456,464.84
5457,464.84
5458,464.84
5459,464.84
5460,464.84
5461,464.84
5462,464.84
5463,464.84
5464,464.84
5465,464.84
5466,464.84
5467,464.84
5468,464.84
5469,464.84
5470,464.84
5471,464.84
5472,464.84
5473,464.84
5474,464.84
5475,464.84
5476,464.84
5477,464.84
5478,464.84
5479,464.84
5480,464.84
5481,464.84
5482,464.84
5483,464.84
5484,464.84
5485,464.84
5486,464.84
5487,464.84
5488,464.84
5489,464.84
5490,464.84
5491,464.84
5492,464.84
5493,464.84
5494,464.84
5495,464.84
5496,464.84
5497,464.84
5498,464.84
5499,464.84
5500,464.84
5501,464.84
5502,464.84
5503,464.84
5504,464.84
5505,464.84
5506,464.84
5507,464.84
5508,464.84
5509,464.84
5510,464.84
5511,464.84
5512,464.84
5513,464.84
5514,464.84
5515,464.84
5516,464.84
5517,464.84
5518,464.84
5519,464.84
5520,464.84
5521,464.84
5522,464.84
5523,464.84
5524,464.84
5525,464.84
5526,464.84
5527,464.84
5528,464.84
5529,464.84
5530,464.84
5531,464.84
5532,464.84
5533,464.84
5534,464.84
5535,464.84
5536,464.84
5537,464.84
5538,464.84
5539,464.84
5540,464.84
5541,464.84
5542,464.84
5543,464.84
5544,464.84
5545,464.84
5546,464.84
5547,464.84
5548,464.84
5549,464.84
5550,464.84
5551,464.84
5552,464.84
5553,464.84
5554,464.84
5555,464.84
5556,464.84
5557,464.84
5558,464.84
5559,464.84
5560,464.84
5561,464.84
5562,464.84
5563,464.84
5564,464.84
5565,464.84
5566,464.84
5567,464.84
5568,464.84
5569,464.84
5570,464.84
5571,464.84
5572,464.84
5573,464.84
5574,464.84
5575,464.84
5576,464.84
5577,464.84
5578,464.84
5579,464.84
5580,464.84
5581,464.84
5582,464.84
5583,464.84
5584,464.84
5585,464.84
5586,464.84
5587,464.84
5588,464.84
5589,464.84
5590,464.84
5591,464.84
5592,464.84
5593,464.84
5594,464.84
5595,464.84
5596,464.84
5597,464.84
5598,464.84
5599,464.84
5600,464.84
5601,464.84
5602,464.84
5603,464.84
5604,464.84
5605,464.84
5606,464.84
5607,464.84
5608,464.84
5609,464.84
5610,464.84
5611,464.84
5612,464.84
5613,464.84
5614,464.84
5615,464.84
5616,464.84
5617,464.84
5618,464.84
5619,464.84
5620,464.84
5621,464.84
5622,464.84
5623,464.84
5624,464.84
5625,464.84
5626,464.84
5627,464.84
5628,464.84
5629,464.84
5630,464.84
5631,464.84
5632,464.84
5633,464.84
5634,464.84
5635,464.84
5636,464.84
5637,464.84
5638,464.84
5639,464.84
5640,464.84
5641,464.84
5642,464.84
5643,464.84
5644,464.84
5645,464.84
5646,464.84
5647,464.84
5648,464.84
5649,464.84
5650,464.84
5651,464.84
5652,464.84
5653,464.84
5654,464.84
5655,464.84
5656,464.84
5657,464.84
5658,464.84
5659,464.84
5660,464.84
5661,464.84
5662,464.84
5663,464.84
5664,464.84
5665,464.84
5666,464.84
5667,464.84
5668,464.84
5669,464.84
5670,464.84
5671,464.84
5672,464.84
5673,464.84
5674,464.84
5675,464.84
5676,464.84
5677,464.84
5678,464.84
5679,464.84
5680,464.84
5681,464.84
5682,464.84
5683,464.84
5684,464.84
5685,464.84
5686,464.84
5687,464.84
5688,464.84
5689,464.84
5690,464.84
5691,464.84
5692,464.84
5693,464.84
5694,464.84
5695,464.84
5696,464.84
5697,464.84
5698,464.84
5699,464.84
5700,464.84
5701,464.84
5702,464.84
5703,464.84
5704,464.84
5705,464.84
5706,464.84
5707,464.84
5708,464.84
5709,464.84
5710,464.84
5711,464.84
5712,464.84
5713,464.84
5714,464.84
5715,464.84
5716,464.84
5717,464.84
5718,464.84
5719,464.84
5720,464.84
5721,464.84
5722,464.84
5723,464.84
5724,464.84
5725,464.84
5726,464.84
5727,464.84
5728,464.84
5729,464.84
5730,464.84
5731,464.84
5732,464.84
5733,464.84
5734,464.84
5735,464.84
5736,464.84
5737,464.84
5738,464.84
5739,464.84
5740,464.84
5741,464.84
5742,464.84
5743,464.84
5744,464.84
5745,464.84
5746,464.84
5747,464.84
5748,464.84
5749,464.84
5750,464.84
5751,464.84
5752,464.84
5753,464.84
5754,464.84
5755,464.84
5756,464.84
5757,464.84
5758,464.84
5759,464.84
5760,464.84
5761,464.84
5762,464.84
5763,464.84
5764,464.84
5765,464.84
5766,464.84
5767,464.84
5768,464.84
5769,464.84
5770,464.84
5771,464.84
5772,464.84
5773,464.84
5774,464.84
5775,464.84
5776,464.84
5777,464.84
5778,464.84
5779,464.84
5780,464.84
5781,464.84
5782,464.84
5783,464.84
5784,464.84
5785,464.84
5786,464.84
5787,464.84
5788,464.84
5789,464.84
5790,464.84
5791,464.84
5792,464.84
5793,464.84
5794,464.84
5795,464.84
5796,464.84
5797,464.84
5798,464.84
5799,464.84
5800,464.84
5801,464.84
5802,464.84
5803,464.84
5804,464.84
5805,464.84
5806,464.84
5807,464.84
5808,464.84
5809,464.84
5810,464.84
5811,464.84
5812,464.84
5813,464.84
5814,464.84
5815,464.84
5816,464.84
5817,464.84
5818,464.84
5819,464.84
5820,464.84
5821,464.84
5822,464.84
5823,464.84
5824,464.84
5825,464.84
5826,464.84
5827,464.84
5828,464.84
5829,464.84
5830,464.84
5831,464.84
5832,464.84
5833,464.84
5834,464.84
5835,464.84
5836,464.84
5837,464.84
5838,464.84
5839,464.84
5840,464.84
5841,464.84
5842,464.84
5843,464.84
5844,464.84
5845,464.84
5846,464.84
5847,464.84
5848,464.84
5849,464.84
5850,464.84
5851,464.84
5852,464.84
5853,464.84
5854,464.84
5855,464.84
5856,464.84
5857,464.84
5858,464.84
5859,464.84
5860,464.84
5861,464.84
5862,464.84
5863,464.84
5864,464.84
5865,464.84
5866,464.84
5867,464.84
5868,464.84
5869,464.84
5870,464.84
5871,464.84
5872,464.84
5873,464.84
5874,464.84
5875,464.84
5876,464.84
5877,464.84
5878,464.84
5879,464.84
5880,464.84
5881,464.84
5882,464.84
5883,464.84
5884,464.84
5885,464.84
5886,464.84
5887,464.84
5888,464.84
5889,464.84
5890,464.84
5891,464.84
5892,464.84
5893,464.84
5894,464.84
5895,464.84
5896,464.84
5897,464.84
5898,464.84
5899,464.84
5900,464.84
5901,464.84
5902,464.84
5903,464.84
5904,464.84
5905,464.84
5906,464.84
5907,464.84
5908,464.84
5909,464.84
5910,464.84
5911,464.84
5912,464.84
5913,464.84
5914,464.84
5915,464.84
5916,464.84
5917,464.84
5918,464.84
5919,464.84
5920,464.84
5921,464.84
5922,464.84
5923,464.84
5924,464.84
5925,464.84
5926,464.84
5927,464.84
5928,464.84
5929,464.84
5930,464.84
5931,464.84
5932,464.84
5933,464.84
5934,464.84
5935,464.84
5936,464.84
5937,464.84
5938,464.84
5939,464.84
5940,464.84
5941,464.84
5942,464.84
5943,464.84
5944,464.84
5945,464.84
5946,464.84
5947,464.84
5948,464.84
5949,464.84
5950,464.84
5951,464.84
5952,464.84
5953,464.84
5954,464.84
5955,464.84
5956,464.84
5957,464.84
5958,464.84
5959,464.84
5960,464.84
5961,464.84
5962,464.84
5963,464.84
5964,464.84
5965,464.84
5966,464.84
5967,464.84
5968,464.84
5969,464.84
5970,464.84
5971,464.84
5972,464.84
5973,464.84
5974,464.84
5975,464.84
5976,464.84
5977,464.84
5978,464.84
5979,464.84
5980,464.84
5981,464.84
5982,464.84
5983,464.84
5984,464.84
5985,464.84
5986,464.84
5987,464.84
5988,464.84
5989,464.84
5990,464.84
5991,464.84
5992,464.84
5993,464.84
5994,464.84
5995,464.84
5996,464.84
5997,464.84
5998,464.84
5999,464.84
6000,464.84
6001,464.84
6002,464.84
6003,464.84
6004,464.84
6005,464.84
6006,464.84
6007,464.84
6008,464.84
6009,464.84
6010,464.84
6011,464.84
6012,464.84
6013,464.84
6014,464.84
6015,464.84
6016,464.84
6017,464.84
6018,464.84
6019,464.84
6020,464.84
6021,464.84
6022,464.84
6023,464.84
6024,464.84
6025,464.84
6026,464.84
6027,464.84
6028,464.84
6029,464.84
6030,464.84
6031,464.84
6032,464.84
6033,464.84
6034,464.84
6035,464.84
6036,464.84
6037,464.84
6038,464.84
6039,464.84
6040,464.84
6041,464.84
6042,464.84
6043,464.84
6044,464.84
6045,464.84
6046,464.84
6047,464.84
6048,464.84
6049,464.84
6050,464.84
6051,464.84
6052,464.84
6053,464.84
6054,464.84
6055,464.84
6056,464.84
6057,464.84
6058,464.84
6059,464.84
6060,464.84
6061,464.84
6062,464.84
6063,464.84
6064,464.84
6065,464.84
6066,464.84
6067,464.84
6068,464.84
6069,464.84
6070,464.84
6071,464.84
6072,464.84
6073,464.84
6074,464.84
6075,464.84
6076,464.84
6077,464.84
6078,464.84
6079,464.84
6080,464.84
6081,464.84
6082,464.84
6083,464.84
6084,464.84
6085,464.84
6086,464.84
6087,464.84
6088,464.84
6089,464.84
6090,464.84
6091,464.84
6092,464.84
6093,464.84
6094,464.84
6095,464.84
6096,464.84
6097,464.84
6098,464.84
6099,464.84
6100,464.84
6101,464.84
6102,464.84
6103,464.84
6104,464.84
6105,464.84
6106,464.84
6107,464.84
6108,464.84
6109,464.84
6110,464.84
6111,464.84
6112,464.84
6113,464.84
6114,464.84
6115,464.84
6116,464.84
6117,464.84
6118,464.84
6119,464.84
6120,464.84
6121,464.84
6122,464.84
6123,464.84
6124,464.84
6125,464.84
6126,464.84
6127,464.84
6128,464.84
6129,464.84
6130,464.84
6131,464.84
6132,464.84
6133,464.84
6134,464.84
6135,464.84
6136,464.84
6137,464.84
6138,464.84
6139,464.84
6140,464.84
6141,464.84
6142,464.84
6143,464.84
6144,464.84
6145,464.84
6146,464.84
6147,464.84
6148,464.84
6149,464.84
6150,464.84
6151,464.84
6152,464.84
6153,464.84
6154,464.84
6155,464.84
6156,464.84
6157,464.84
6158,464.84
6159,464.84
6160,464.84
6161,464.84
6162,464.84
6163,464.84
6164,464.84
6165,464.84
6166,464.84
6167,464.84
6168,464.84
6169,464.84
6170,464.84
6171,464.84
6172,464.84
6173,464.84
6174,464.84
6175,464.84
6176,464.84
6177,464.84
6178,464.84
6179,464.84
6180,464.84
6181,464.84
6182,464.84
6183,464.84
6184,464.84
6185,464.84
6186,464.84
6187,464.84
6188,464.84
6189,464.84
6190,464.84
6191,464.84
6192,464.84
6193,464.84
6194,464.84
6195,464.84
6196,464.84
6197,464.84
6198,464.84
6199,464.84
6200,464.84
6201,464.84
6202,464.84
6203,464.84
6204,464.84
6205,464.84
6206,464.84
6207,464.84
6208,464.84
6209,464.84
6210,464.84
6211,464.84
6212,464.84
6213,464.84
6214,464.84
6215,464.84
6216,464.84
6217,464.84
6218,464.84
6219,464.84
6220,464.84
6221,464.84
6222,464.84
6223,464.84
6224,464.84
6225,464.84
6226,464.84
6227,464.84
6228,464.84
6229,464.84
6230,464.84
6231,464.84
6232,464.84
6233,464.84
6234,464.84
6235,464.84
6236,464.84
6237,464.84
6238,464.84
6239,464.84
6240,464.84
6241,464.84
6242,464.84
6243,464.84
6244,464.84
6245,464.84
6246,464.84
6247,464.84
6248,464.84
6249,464.84
6250,464.84
6251,464.84
6252,464.84
6253,464.84
6254,464.84
6255,464.84
6256,464.84
6257,464.84
6258,464.84
6259,464.84
6260,464.84
6261,464.84
6262,464.84
6263,464.84
6264,464.84
6265,464.84
6266,464.84
6267,464.84
6268,464.84
6269,464.84
6270,464.84
6271,464.84
6272,464.84
6273,464.84
6274,464.84
6275,464.84
6276,464.84
6277,464.84
6278,464.84
6279,464.84
6280,464.84
6281,464.84
6282,464.84
6283,464.84
6284,464.84
6285,464.84
6286,464.84
6287,464.84
6288,464.84
6289,464.84
6290,464.84
6291,464.84
6292,464.84
6293,464.84
6294,464.84
6295,464.84
6296,464.84
6297,464.84
6298,464.84
6299,464.84
6300,464.84
6301,464.84
6302,464.84
6303,464.84
6304,464.84
6305,464.84
6306,464.84
6307,464.84
6308,464.84
6309,464.84
6310,464.84
6311,464.84
6312,464.84
6313,464.84
6314,464.84
6315,464.84
6316,464.84
6317,464.84
6318,464.84
6319,464.84
6320,464.84
6321,464.84
6322,464.84
6323,464.84
6324,464.84
6325,464.84
6326,464.84
6327,464.84
6328,464.84
6329,464.84
6330,464.84
6331,464.84
6332,464.84
6333,464.84
6334,464.84
6335,464.84
6336,464.84
6337,464.84
6338,464.84
6339,464.84
6340,464.84
6341,464.84
6342,464.84
6343,464.84
6344,464.84
6345,464.84
6346,464.84
6347,464.84
6348,464.84
6349,464.84
6350,464.84
6351,464.84
6352,464.84
6353,464.84
6354,464.84
6355,464.84
6356,464.84
6357,464.84
6358,464.84
6359,464.84
6360,464.84
6361,464.84
6362,464.84
6363,464.84
6364,464.84
6365,464.84
6366,464.84
6367,464.84
6368,464.84
6369,464.84
6370,464.84
6371,464.84
6372,464.84
6373,464.84
6374,464.84
6375,464.84
6376,464.84
6377,464.84
6378,464.84
6379,464.84
6380,464.84
6381,464.84
6382,464.84
6383,464.84
6384,464.84
6385,464.84
6386,464.84
6387,464.84
6388,464.84
6389,464.84
6390,464.84
6391,464.84
6392,464.84
6393,464.84
6394,464.84
6395,464.84
6396,464.84
6397,464.84
6398,464.84
6399,464.84
6400,464.84
6401,464.84
6402,464.84
6403,464.84
6404,464.84
6405,464.84
6406,464.84
6407,464.84
6408,464.84
6409,464.84
6410,464.84
6411,464.84
6412,464.84
6413,464.84
6414,464.84
6415,464.84
6416,464.84
6417,464.84
6418,464.84
6419,464.84
6420,464.84
6421,464.84
6422,464.84
6423,464.84
6424,464.84
6425,464.84
6426,464.84
6427,464.84
6428,464.84
6429,464.84
6430,464.84
6431,464.84
6432,464.84
6433,464.84
6434,464.84
6435,464.84
6436,464.84
6437,464.84
6438,464.84
6439,464.84
6440,464.84
6441,464.84
6442,464.84
6443,464.84
6444,464.84
6445,464.84
6446,464.84
6447,464.84
6448,464.84
6449,464.84
6450,464.84
6451,464.84
6452,464.84
6453,464.84
6454,464.84
6455,464.84
6456,464.84
6457,464.84
6458,464.84
6459,464.84
6460,464.84
6461,464.84
6462,464.84
6463,464.84
6464,464.84
6465,464.84
6466,464.84
6467,464.84
6468,464.84
6469,464.84
6470,464.84
6471,464.84
6472,464.84
6473,464.84
6474,464.84
6475,464.84
6476,464.84
6477,464.84
6478,464.84
6479,464.84
6480,464.84
6481,464.84
6482,464.84
6483,464.84
6484,464.84
6485,464.84
6486,464.84
6487,464.84
6488,464.84
6489,464.84
6490,464.84
6491,464.84
6492,464.84
6493,464.84
6494,464.84
6495,464.84
6496,464.84
6497,464.84
6498,464.84
6499,464.84
6500,464.84
6501,464.84
6502,464.84
6503,464.84
6504,464.84
6505,464.84
6506,464.84
6507,464.84
6508,464.84
6509,464.84
6510,464.84
6511,464.84
6512,464.84
6513,464.84
6514,464.84
6515,464.84
6516,464.84
6517,464.84
6518,464.84
6519,464.84
6520,464.84
6521,464.84
6522,464.84
6523,464.84
6524,464.84
6525,464.84
6526,464.84
6527,464.84
6528,464.84
6529,464.84
6530,464.84
6531,464.84
6532,464.84
6533,464.84
6534,464.84
6535,464.84
6536,464.84
6537,464.84
6538,464.84
6539,464.84
6540,464.84
6541,464.84
6542,464.84
6543,464.84
6544,464.84
6545,464.84
6546,464.84
6547,464.84
6548,464.84
6549,464.84
6550,464.84
6551,464.84
6552,464.84
6553,464.84
6554,464.84
6555,464.84
6556,464.84
6557,464.84
6558,464.84
6559,464.84
6560,464.84
6561,464.84
6562,464.84
6563,464.84
6564,464.84
6565,464.84
6566,464.84
6567,464.84
6568,464.84
6569,464.84
6570,464.84
6571,464.84
6572,464.84
6573,464.84
6574,464.84
6575,464.84
6576,464.84
6577,464.84
6578,464.84
6579,464.84
6580,464.84
6581,464.84
6582,464.84
6583,464.84
6584,464.84
6585,464.84
6586,464.84
6587,464.84
6588,464.84
6589,464.84
6590,464.84
6591,464.84
6592,464.84
6593,464.84
6594,464.84
6595,464.84
6596,464.84
6597,464.84
6598,464.84
6599,464.84
6600,464.84
6601,464.84
6602,464.84
6603,464.84
6604,464.84
6605,464.84
6606,464.84
6607,464.84
6608,464.84
6609,464.84
6610,464.84
6611,464.84
6612,464.84
6613,464.84
6614,464.84
6615,464.84
6616,464.84
6617,464.84
6618,464.84
6619,464.84
6620,464.84
6621,464.84
6622,464.84
6623,464.84
6624,464.84
6625,464.84
6626,464.84
6627,464.84
6628,464.84
6629,464.84
6630,464.84
6631,464.84
6632,464.84
6633,464.84
6634,464.84
6635,464.84
6636,464.84
6637,464.84
6638,464.84
6639,464.84
6640,464.84
6641,464.84
6642,464.84
6643,464.84
6644,464.84
6645,464.84
6646,464.84
6647,464.84
6648,464.84
6649,464.84
6650,464.84
6651,464.84
6652,464.84
6653,464.84
6654,464.84
6655,464.84
6656,464.84
6657,464.84
6658,464.84
6659,464.84
6660,464.84
6661,464.84
6662,464.84
6663,464.84
6664,464.84
6665,464.84
6666,464.84
6667,464.84
6668,464.84
6669,464.84
6670,464.84
6671,464.84
6672,464.84
6673,464.84
6674,464.84
6675,464.84
6676,464.84
6677,464.84
6678,464.84
6679,464.84
6680,464.84
6681,464.84
6682,464.84
6683,464.84
6684,464.84
6685,464.84
6686,464.84
6687,464.84
6688,464.84
6689,464.84
6690,464.84
6691,464.84
6692,464.84
6693,464.84
6694,464.84
6695,464.84
6696,464.84
6697,464.84
6698,464.84
6699,464.84
6700,464.84
6701,464.84
6702,464.84
6703,464.84
6704,464.84
6705,464.84
6706,464.84
6707,464.84
6708,464.84
6709,464.84
6710,464.84
6711,464.84
6712,464.84
6713,464.84
6714,464.84
6715,464.84
6716,464.84
6717,464.84
6718,464.84
6719,464.84
6720,464.84
6721,464.84
6722,464.84
6723,464.84
6724,464.84
6725,464.84
6726,464.84
6727,464.84
6728,464.84
6729,464.84
6730,464.84
6731,464.84
6732,464.84
6733,464.84
6734,464.84
6735,464.84
6736,464.84
6737,464.84
6738,464.84
6739,464.84
6740,464.84
6741,464.84
6742,464.84
6743,464.84
6744,464.84
6745,464.84
6746,464.84
6747,464.84
6748,464.84
6749,464.84
6750,464.84
6751,464.84
6752,464.84
6753,464.84
6754,464.84
6755,464.84
6756,464.84
6757,464.84
6758,464.84
6759,464.84
6760,464.84
6761,464.84
6762,464.84
6763,464.84
6764,464.84
6765,464.84
6766,464.84
6767,464.84
6768,464.84
6769,464.84
6770,464.84
6771,464.84
6772,464.84
6773,464.84
6774,464.84
6775,464.84
6776,464.84
6777,464.84
6778,464.84
6779,464.84
6780,464.84
6781,464.84
6782,464.84
6783,464.84
6784,464.84
6785,464.84
6786,464.84
6787,464.84
6788,464.84
6789,464.84
6790,464.84
6791,464.84
6792,464.84
6793,464.84
6794,464.84
6795,464.84
6796,464.84
6797,464.84
6798,464.84
6799,464.84
6800,464.84
6801,464.84
6802,464.84
6803,464.84
6804,464.84
6805,464.84
6806,464.84
6807,464.84
6808,464.84
6809,464.84
6810,464.84
6811,464.84
6812,464.84
6813,464.84
6814,464.84
6815,464.84
6816,464.84
6817,464.84
6818,464.84
6819,464.84
6820,464.84
6821,464.84
6822,464.84
6823,464.84
6824,464.84
6825,464.84
6826,464.84
6827,464.84
6828,464.84
6829,464.84
6830,464.84
6831,464.84
6832,464.84
6833,464.84
6834,464.84
6835,464.84
6836,464.84
6837,464.84
6838,464.84
6839,464.84
6840,464.84
6841,464.84
6842,464.84
6843,464.84
6844,464.84
6845,464.84
6846,464.84
6847,464.84
6848,464.84
6849,464.84
6850,464.84
6851,464.84
6852,464.84
6853,464.84
6854,464.84
6855,464.84
6856,464.84
6857,464.84
6858,464.84
6859,464.84
6860,464.84
6861,464.84
6862,464.84
6863,464.84
6864,464.84
6865,464.84
6866,464.84
6867,464.84
6868,464.84
6869,464.84
6870,464.84
6871,464.84
6872,464.84
6873,464.84
6874,464.84
6875,464.84
6876,464.84
6877,464.84
6878,464.84
6879,464.84
6880,464.84
6881,464.84
6882,464.84
6883,464.84
6884,464.84
6885,464.84
6886,464.84
6887,464.84
6888,464.84
6889,464.84
6890,464.84
6891,464.84
6892,464.84
6893,464.84
6894,464.84
6895,464.84
6896,464.84
6897,464.84
6898,464.84
6899,464.84
6900,464.84
6901,464.84
6902,464.84
6903,464.84
6904,464.84
6905,464.84
6906,464.84
6907,464.84
6908,464.84
6909,464.84
6910,464.84
6911,464.84
6912,464.84
6913,464.84
6914,464.84
6915,464.84
6916,464.84
6917,464.84
6918,464.84
6919,464.84
6920,464.84
6921,464.84
6922,464.84
6923,464.84
6924,464.84
6925,464.84
6926,464.84
6927,464.84
6928,464.84
6929,464.84
6930,464.84
6931,464.84
6932,464.84
6933,464.84
6934,464.84
6935,464.84
6936,464.84
6937,464.84
6938,464.84
6939,464.84
6940,464.84
6941,464.84
6942,464.84
6943,464.84
6944,464.84
6945,464.84
6946,464.84
6947,464.84
6948,464.84
6949,464.84
6950,464.84
6951,464.84
6952,464.84
6953,464.84
6954,464.84
6955,464.84
6956,464.84
6957,464.84
6958,464.84
6959,464.84
6960,464.84
6961,464.84
6962,464.84
6963,464.84
6964,464.84
6965,464.84
6966,464.84
6967,464.84
6968,464.84
6969,464.84
6970,464.84
6971,464.84
6972,464.84
6973,464.84
6974,464.84
6975,464.84
6976,464.84
6977,464.84
6978,464.84
6979,464.84
6980,464.84
6981,464.84
6982,464.84
6983,464.84
6984,464.84
6985,464.84
6986,464.84
6987,464.84
6988,464.84
6989,464.84
6990,464.84
6991,464.84
6992,464.84
6993,464.84
6994,464.84
6995,464.84
6996,464.84
6997,464.84
6998,464.84
6999,464.84
7000,464.84
7001,464.84
7002,464.84
7003,464.84
7004,464.84
7005,464.84
7006,464.84
7007,464.84
7008,464.84
7009,464.84
7010,464.84
7011,464.84
7012,464.84
7013,464.84
7014,464.84
7015,464.84
7016,464.84
7017,464.84
7018,464.84
7019,464.84
7020,464.84
7021,464.84
7022,464.84
7023,464.84
7024,464.84
7025,464.84
7026,464.84
7027,464.84
7028,464.84
7029,464.84
7030,464.84
7031,464.84
7032,464.84
7033,464.84
7034,464.84
7035,464.84
7036,464.84
7037,464.84
7038,464.84
7039,464.84
7040,464.84
7041,464.84
7042,464.84
7043,464.84
7044,464.84
7045,464.84
7046,464.84
7047,464.84
7048,464.84
7049,464.84
7050,464.84
7051,464.84
7052,464.84
7053,464.84
7054,464.84
7055,464.84
7056,464.84
7057,464.84
7058,464.84
7059,464.84
7060,464.84
7061,464.84
7062,464.84
7063,464.84
7064,464.84
7065,464.84
7066,464.84
7067,464.84
7068,464.84
7069,464.84
7070,464.84
7071,464.84
7072,464.84
7073,464.84
7074,464.84
7075,464.84
7076,464.84
7077,464.84
7078,464.84
7079,464.84
7080,464.84
7081,464.84
7082,464.84
7083,464.84
7084,464.84
7085,464.84
7086,464.84
7087,464.84
7088,464.84
7089,464.84
7090,464.84
7091,464.84
7092,464.84
7093,464.84
7094,464.84
7095,464.84
7096,464.84
7097,464.84
7098,464.84
7099,464.84
7100,464.84
7101,464.84
7102,464.84
7103,464.84
7104,464.84
7105,464.84
7106,464.84
7107,464.84
7108,464.84
7109,464.84
7110,464.84
7111,464.84
7112,464.84
7113,464.84
7114,464.84
7115,464.84
7116,464.84
7117,464.84
7118,464.84
7119,464.84
7120,464.84
7121,464.84
7122,464.84
7123,464.84
7124,464.84
7125,464.84
7126,464.84
7127,464.84
7128,464.84
7129,464.84
7130,464.84
7131,464.84
7132,464.84
7133,464.84
7134,464.84
7135,464.84
7136,464.84
7137,464.84
7138,464.84
7139,464.84
7140,464.84
7141,464.84
7142,464.84
7143,464.84
7144,464.84
7145,464.84
7146,464.84
7147,464.84
7148,464.84
7149,464.84
7150,464.84
7151,464.84
7152,464.84
7153,464.84
7154,464.84
7155,464.84
7156,464.84
7157,464.84
7158,464.84
7159,464.84
7160,464.84
7161,464.84
7162,464.84
7163,464.84
7164,464.84
7165,464.84
7166,464.84
7167,464.84
7168,464.84
7169,464.84
7170,464.84
7171,464.84
7172,464.84
7173,464.84
7174,464.84
7175,464.84
7176,464.84
7177,464.84
7178,464.84
7179,464.84
7180,464.84
7181,464.84
7182,464.84
7183,464.84
7184,464.84
7185,464.84
7186,464.84
7187,464.84
7188,464.84
7189,464.84
7190,464.84
7191,464.84
7192,464.84
7193,464.84
7194,464.84
7195,464.84
7196,464.84
7197,464.84
7198,464.84
7199,464.84
7200,464.84
7201,464.84
7202,464.84
7203,464.84
7204,464.84
7205,464.84
7206,464.84
7207,464.84
7208,464.84
7209,464.84
7210,464.84
7211,464.84
7212,464.84
7213,464.84
7214,464.84
7215,464.84
7216,464.84
7217,464.84
7218,464.84
7219,464.84
7220,464.84
7221,464.84
7222,464.84
7223,464.84
7224,464.84
7225,464.84
7226,464.84
7227,464.84
7228,464.84
7229,464.84
7230,464.84
7231,464.84
7232,464.84
7233,464.84
7234,464.84
7235,464.84
7236,464.84
7237,464.84
7238,464.84
7239,464.84
7240,464.84
7241,464.84
7242,464.84
7243,464.84
7244,464.84
7245,464.84
7246,464.84
7247,464.84
7248,464.84
7249,464.84
7250,464.84
7251,464.84
7252,464.84
7253,464.84
7254,464.84
7255,464.84
7256,464.84
7257,464.84
7258,464.84
7259,464.84
7260,464.84
7261,464.84
7262,464.84
7263,464.84
7264,464.84
7265,464.84
7266,464.84
7267,464.84
7268,464.84
7269,464.84
7270,464.84
7271,464.84
7272,464.84
7273,464.84
7274,464.84
7275,464.84
7276,464.84
7277,464.84
7278,464.84
7279,464.84
7280,464.84
7281,464.84
7282,464.84
7283,464.84
7284,464.84
7285,464.84
7286,464.84
7287,464.84
7288,464.84
7289,464.84
7290,464.84
7291,464.84
7292,464.84
7293,464.84
7294,464.84
7295,464.84
7296,464.84
7297,464.84
7298,464.84
7299,464.84
7300,464.84
7301,464.84
7302,464.84
7303,464.84
7304,464.84
7305,464.84
7306,464.84
7307,464.84
7308,464.84
7309,464.84
7310,464.84
7311,464.84
7312,464.84
7313,464.84
7314,464.84
7315,464.84
7316,464.84
7317,464.84
7318,464.84
7319,464.84
7320,464.84
7321,464.84
7322,464.84
7323,464.84
7324,464.84
7325,464.84
7326,464.84
7327,464.84
7328,464.84
7329,464.84
7330,464.84
7331,464.84
7332,464.84
7333,464.84
7334,464.84
7335,464.84
7336,464.84
7337,464.84
7338,464.84
7339,464.84
7340,464.84
7341,464.84
7342,464.84
7343,464.84
7344,464.84
7345,464.84
7346,464.84
7347,464.84
7348,464.84
7349,464.84
7350,464.84
7351,464.84
7352,464.84
7353,464.84
7354,464.84
7355,464.84
7356,464.84
7357,464.84
7358,464.84
7359,464.84
7360,464.84
7361,464.84
7362,464.84
7363,464.84
7364,464.84
7365,464.84
7366,464.84
7367,464.84
7368,464.84
7369,464.84
7370,464.84
7371,464.84
7372,464.84
7373,464.84
7374,464.84
7375,464.84
7376,464.84
7377,464.84
7378,464.84
7379,464.84
7380,464.84
7381,464.84
7382,464.84
7383,464.84
7384,464.84
7385,464.84
7386,464.84
7387,464.84
7388,464.84
7389,464.84
7390,464.84
7391,464.84
7392,464.84
7393,464.84
7394,464.84
7395,464.84
7396,464.84
7397,464.84
7398,464.84
7399,464.84
7400,464.84
7401,464.84
7402,464.84
7403,464.84
7404,464.84
7405,464.84
7406,464.84
7407,464.84
7408,464.84
7409,464.84
7410,464.84
7411,464.84
7412,464.84
7413,464.84
7414,464.84
7415,464.84
7416,464.84
7417,464.84
7418,464.84
7419,464.84
7420,464.84
7421,464.84
7422,464.84
7423,464.84
7424,464.84
7425,464.84
7426,464.84
7427,464.84
7428,464.84
7429,464.84
7430,464.84
7431,464.84
7432,464.84
7433,464.84
7434,464.84
7435,464.84
7436,464.84
7437,464.84
7438,464.84
7439,464.84
7440,464.84
7441,464.84
7442,464.84
7443,464.84
7444,464.84
7445,464.84
7446,464.84
7447,464.84
7448,464.84
7449,464.84
7450,464.84
7451,464.84
7452,464.84
7453,464.84
7454,464.84
7455,464.84
7456,464.84
7457,464.84
7458,464.84
7459,464.84
7460,464.84
7461,464.84
7462,464.84
7463,464.84
7464,464.84
7465,464.84
7466,464.84
7467,464.84
7468,464.84
7469,464.84
7470,464.84
7471,464.84
7472,464.84
7473,464.84
7474,464.84
7475,464.84
7476,464.84
7477,464.84
7478,464.84
7479,464.84
7480,464.84
7481,464.84
7482,464.84
7483,464.84
7484,464.84
7485,464.84
7486,464.84
7487,464.84
7488,464.84
7489,464.84
7490,464.84
7491,464.84
7492,464.84
7493,464.84
7494,464.84
7495,464.84
7496,464.84
7497,464.84
7498,464.84
7499,464.84
7500,464.84
7501,464.84
7502,464.84
7503,464.84
7504,464.84
7505,464.84
7506,464.84
7507,464.84
7508,464.84
7509,464.84
7510,464.84
7511,464.84
7512,464.84
7513,464.84
7514,464.84
7515,464.84
7516,464.84
7517,464.84
7518,464.84
7519,464.84
7520,464.84
7521,464.84
7522,464.84
7523,464.84
7524,464.84
7525,464.84
7526,464.84
7527,464.84
7528,464.84
7529,464.84
7530,464.84
7531,464.84
7532,464.84
7533,464.84
7534,464.84
7535,464.84
7536,464.84
7537,464.84
7538,464.84
7539,464.84
7540,464.84
7541,464.84
7542,464.84
7543,464.84
7544,464.84
7545,464.84
7546,464.84
7547,464.84
7548,464.84
7549,464.84
7550,464.84
7551,464.84
7552,464.84
7553,464.84
7554,464.84
7555,464.84
7556,464.84
7557,464.84
7558,464.84
7559,464.84
7560,464.84
7561,464.84
7562,464.84
7563,464.84
7564,464.84
7565,464.84
7566,464.84
7567,464.84
7568,464.84
7569,464.84
7570,464.84
7571,464.84
7572,464.84
7573,464.84
7574,464.84
7575,464.84
7576,464.84
7577,464.84
7578,464.84
7579,464.84
7580,464.84
7581,464.84
7582,464.84
7583,464.84
7584,464.84
7585,464.84
7586,464.84
7587,464.84
7588,464.84
7589,464.84
7590,464.84
7591,464.84
7592,464.84
7593,464.84
7594,464.84
7595,464.84
7596,464.84
7597,464.84
7598,464.84
7599,464.84
7600,464.84
7601,464.84
7602,464.84
7603,464.84
7604,464.84
7605,464.84
7606,464.84
7607,464.84
7608,464.84
7609,464.84
7610,464.84
7611,464.84
7612,464.84
7613,464.84
7614,464.84
7615,464.84
7616,464.84
7617,464.84
7618,464.84
7619,464.84
7620,464.84
7621,464.84
7622,464.84
7623,464.84
7624,464.84
7625,464.84
7626,464.84
7627,464.84
7628,464.84
7629,464.84
7630,464.84
7631,464.84
7632,464.84
7633,464.84
7634,464.84
7635,464.84
7636,464.84
7637,464.84
7638,464.84
7639,464.84
7640,464.84
7641,464.84
7642,464.84
7643,464.84
7644,464.84
7645,464.84
7646,464.84
7647,464.84
7648,464.84
7649,464.84
7650,464.84
7651,464.84
7652,464.84
7653,464.84
7654,464.84
7655,464.84
7656,464.84
7657,464.84
7658,464.84
7659,464.84
7660,464.84
7661,464.84
7662,464.84
7663,464.84
7664,464.84
7665,464.84
7666,464.84
7667,464.84
7668,464.84
7669,464.84
7670,464.84
7671,464.84
7672,464.84
7673,464.84
7674,464.84
7675,464.84
7676,464.84
7677,464.84
7678,464.84
7679,464.84
7680,464.84
7681,464.84
7682,464.84
7683,464.84
7684,464.84
7685,464.84
7686,464.84
7687,464.84
7688,464.84
7689,464.84
7690,464.84
7691,464.84
7692,464.84
7693,464.84
7694,464.84
7695,464.84
7696,464.84
7697,464.84
7698,464.84
7699,464.84
7700,464.84
7701,464.84
7702,464.84
7703,464.84
7704,464.84
7705,464.84
7706,464.84
7707,464.84
7708,464.84
7709,464.84
7710,464.84
7711,464.84
7712,464.84
7713,464.84
7714,464.84
7715,464.84
7716,464.84
7717,464.84
7718,464.84
7719,464.84
7720,464.84
7721,464.84
7722,464.84
7723,464.84
7724,464.84
7725,464.84
7726,464.84
7727,464.84
7728,464.84
7729,464.84
7730,464.84
7731,464.84
7732,464.84
7733,464.84
7734,464.84
7735,464.84
7736,464.84
7737,464.84
7738,464.84
7739,464.84
7740,464.84
7741,464.84
7742,464.84
7743,464.84
7744,464.84
7745,464.84
7746,464.84
7747,464.84
7748,464.84
7749,464.84
7750,464.84
7751,464.84
7752,464.84
7753,464.84
7754,464.84
7755,464.84
7756,464.84
7757,464.84
7758,464.84
7759,464.84
7760,464.84
7761,464.84
7762,464.84
7763,464.84
7764,464.84
7765,464.84
7766,464.84
7767,464.84
7768,464.84
7769,464.84
7770,464.84
7771,464.84
7772,464.84
7773,464.84
7774,464.84
7775,464.84
7776,464.84
7777,464.84
7778,464.84
7779,464.84
7780,464.84
7781,464.84
7782,464.84
7783,464.84
7784,464.84
7785,464.84
7786,464.84
7787,464.84
7788,464.84
7789,464.84
7790,464.84
7791,464.84
7792,464.84
7793,464.84
7794,464.84
7795,464.84
7796,464.84
7797,464.84
7798,464.84
7799,464.84
7800,464.84
7801,464.84
7802,464.84
7803,464.84
7804,464.84
7805,464.84
7806,464.84
7807,464.84
7808,464.84
7809,464.84
7810,464.84
7811,464.84
7812,464.84
7813,464.84
7814,464.84
7815,464.84
7816,464.84
7817,464.84
7818,464.84
7819,464.84
7820,464.84
7821,464.84
7822,464.84
7823,464.84
7824,464.84
7825,464.84
7826,464.84
7827,464.84
7828,464.84
7829,464.84
7830,464.84
7831,464.84
7832,464.84
7833,464.84
7834,464.84
7835,464.84
7836,464.84
7837,464.84
7838,464.84
7839,464.84
7840,464.84
7841,464.84
7842,464.84
7843,464.84
7844,464.84
7845,464.84
7846,464.84
7847,464.84
7848,464.84
7849,464.84
7850,464.84
7851,464.84
7852,464.84
7853,464.84
7854,464.84
7855,464.84
7856,464.84
7857,464.84
7858,464.84
7859,464.84
7860,464.84
7861,464.84
7862,464.84
7863,464.84
7864,464.84
7865,464.84
7866,464.84
7867,464.84
7868,464.84
7869,464.84
7870,464.84
7871,464.84
7872,464.84
7873,464.84
7874,464.84
7875,464.84
7876,464.84
7877,464.84
7878,464.84
7879,464.84
7880,464.84
7881,464.84
7882,464.84
7883,464.84
7884,464.84
7885,464.84
7886,464.84
7887,464.84
7888,464.84
7889,464.84
7890,464.84
7891,464.84
7892,464.84
7893,464.84
7894,464.84
7895,464.84
7896,464.84
7897,464.84
7898,464.84
7899,464.84
7900,464.84
7901,464.84
7902,464.84
7903,464.84
7904,464.84
7905,464.84
7906,464.84
7907,464.84
7908,464.84
7909,464.84
7910,464.84
7911,464.84
7912,464.84
7913,464.84
7914,464.84
7915,464.84
7916,464.84
7917,464.84
7918,464.84
7919,464.84
7920,464.84
7921,464.84
7922,464.84
7923,464.84
7924,464.84
7925,464.84
7926,464.84
7927,464.84
7928,464.84
7929,464.84
7930,464.84
7931,464.84
7932,464.84
7933,464.84
7934,464.84
7935,464.84
7936,464.84
7937,464.84
7938,464.84
7939,464.84
7940,464.84
7941,464.84
7942,464.84
7943,464.84
7944,464.84
7945,464.84
7946,464.84
7947,464.84
7948,464.84
7949,464.84
7950,464.84
7951,464.84
7952,464.84
7953,464.84
7954,464.84
7955,464.84
7956,464.84
7957,464.84
7958,464.84
7959,464.84
7960,464.84
7961,464.84
7962,464.84
7963,464.84
7964,464.84
7965,464.84
7966,464.84
7967,464.84
7968,464.84
7969,464.84
7970,464.84
7971,464.84
7972,464.84
7973,464.84
7974,464.84
7975,464.84
7976,464.84
7977,464.84
7978,464.84
7979,464.84
7980,464.84
7981,464.84
7982,464.84
7983,464.84
7984,464.84
7985,464.84
7986,464.84
7987,464.84
7988,464.84
7989,464.84
7990,464.84
7991,464.84
7992,464.84
7993,464.84
7994,464.84
7995,464.84
7996,464.84
7997,464.84
7998,464.84
7999,464.84
8000,464.84
