timestamp,mouse_x
1,0
2,0
3,0
4,0
5,0
6,0
7,0
8,0
9,0
10,0
11,0
12,0
13,0
14,0
15,0
16,0
17,0
18,0
19,0
20,0
21,0
22,0
23,0
24,0
25,0
26,0
27,0
28,0
29,0
30,0
31,0
32,0
33,0
34,0
35,0
36,0
37,0
38,0
39,0
40,0
41,0
42,0
43,0
44,0
45,0
46,0
47,0
48,0
49,0
50,0
51,0
52,0
53,0
54,0
55,0
56,0
57,0
58,0
59,0
60,0
61,0
62,0
63,0
64,0
65,0
66,0
67,0
68,0
69,0
70,0
71,0
72,0
73,0
74,0
75,0
76,0
77,0
78,0
79,0
80,0
81,0
82,0
83,0
84,0
85,0
86,0
87,0
88,0
89,0
90,0
91,0
92,0
93,0
94,0
95,0
96,0
97,0
98,0
99,0
100,0
101,0
102,0
103,0
104,0
105,0
106,0
107,0
108,0
109,0
110,0
111,0
112,0
113,0
114,0
115,0
116,0
117,0
118,0
119,0
120,0
121,0
122,0
123,0
124,0
125,0
126,0
127,0
128,0
129,0
130,0
131,0
132,0
133,0
134,0
135,0
136,0
137,0
138,0
139,0
140,0
141,0
142,0
143,0
144,0
145,0
146,0
147,0
148,0
149,0
150,0
151,0
152,0
153,0
154,0
155,0
156,0
157,0
158,0
159,0
160,0
161,0
162,0
163,0
164,0
165,0
166,0
167,0
168,0
169,0
170,0
171,0
172,0
173,0
174,0
175,0
176,0
177,0
178,0
179,0
180,0
181,0
182,0
183,0
184,0
185,0
186,0
187,0
188,0
189,0
190,0
191,0
192,0
193,0
194,0
195,0
196,0
197,0
198,0
199,0
200,0
201,0
202,0
203,0
204,0
205,0
206,0
207,0
208,0
209,0
210,0
211,0
212,0
213,0
214,0
215,0
216,0
217,0
218,0
219,0
220,0
221,0
222,0
223,0
224,0
225,0
226,0
227,0
228,0
229,0
230,0
231,0
232,0
233,0
234,0
235,0
236,0
237,0
238,0
239,0
240,0
241,0
242,0
243,0
244,0
245,0
246,0
247,0
248,0
249,0
250,0
251,0
252,0
253,0
254,0
255,0
256,0
257,0
258,0
259,0
260,0
261,0
262,0
263,0
264,0
265,0
266,0
267,0
268,0
269,0
270,0
271,0
272,0
273,0
274,0
275,0
276,0
277,0
278,0
279,0
280,0
281,0
282,0
283,0
284,0
285,0
286,0
287,0
288,0
289,0
290,0
291,0
292,0
293,0
294,0
295,0
296,0
297,0
298,0
299,0
300,0
301,0
302,0
303,0
304,0
305,0
306,0
307,0
308,0
309,0
310,0
311,0
312,0
313,0
314,0
315,0
316,0
317,0
318,0
319,0
320,0
321,0
322,0
323,0
324,0
325,0
326,0
327,0
328,0
329,0
330,0
331,0
332,0
333,0
334,0
335,0
336,0
337,0
338,0
339,0
340,0
341,0
342,0
343,0
344,0
345,0
346,0
347,0
348,0
349,0
350,0
351,0
352,0
353,0
354,0
355,0
356,0
357,0
358,0
359,0
360,0
361,0
362,0
363,0
364,0
365,0
366,0
367,0
368,0
369,0
370,0
371,0
372,0
373,0
374,0
375,0
376,0
377,0
378,0
379,0
380,0
381,0
382,0
383,0
384,0
385,0
386,0
387,0
388,0
389,0
390,0
391,0
392,0
393,0
394,0
395,0
396,0
397,0
398,0
399,0
400,0
401,0
402,0
403,0
404,0
405,0
406,0
407,0
408,0
409,0
410,0
411,0
412,0
413,0
414,0
415,0
416,0
417,0
418,0
419,0
420,0
421,0
422,0
423,0
424,0
425,0
426,0
427,0
428,0
429,0
430,0
431,0
432,0
433,0
434,0
435,0
436,0
437,0
438,0
439,0
440,0
441,0
442,0
443,0
444,0
445,0
446,0
447,0
448,0
449,0
450,0
451,0
452,0
453,0
454,0
455,0
456,0
457,0
458,0
459,0
460,0
461,0
462,0
463,0
464,0
465,0
466,0
467,0
468,0
469,0
470,0
471,0
472,0
473,0
474,0
475,0
476,0
477,0
478,0
479,0
480,0
481,0
482,0
483,0
484,0
485,0
486,0
487,0
488,0
489,0
490,0
491,0
492,0
493,0
494,0
495,0
496,0
497,0
498,0
499,0
500,0
501,0
502,0
503,0
504,0
505,0
506,0
507,0
508,0
509,0
510,0
511,0
512,0
513,0
514,0
515,0
516,0
517,0
518,0
519,0
520,0
521,0
522,0
523,0
524,0
525,0
526,0
527,0
528,0
529,0
530,0
531,0
532,0
533,0
534,0
535,0
536,0
537,0
538,0
539,0
540,0
541,0
542,0
543,0
544,0
545,0
546,0
547,0
548,0
549,0
550,0
551,0
552,0
553,0
554,0
555,0
556,0
557,0
558,0
559,0
560,0
561,0
562,0
563,0
564,0
565,0
566,0
567,0
568,0
569,0
570,0
571,0
572,0
573,0
574,0
575,0
576,0
577,0
578,0
579,0
580,0
581,0
582,0
583,0
584,0
585,0
586,0
587,0
588,0
589,0
590,0
591,0
592,0
593,0
594,0
595,0
596,0
597,0
598,0
599,0
600,0
601,0
602,0
603,0
604,0
605,0
606,0
607,0
608,0
609,0
610,0
611,0
612,0
613,0
614,0
615,0
616,0
617,0
618,0
619,0
620,0
621,0
622,0
623,0
624,0
625,0
626,0
627,0
628,0
629,0
630,0
631,0
632,0
633,0
634,0
635,0
636,0
637,0
638,0
639,0
640,0
641,0
642,0
643,0
644,0
645,0
646,0
647,0
648,0
649,0
650,0
651,0
652,0
653,0
654,0
655,0
656,0
657,0
658,0
659,0
660,0
661,0
662,0
663,0
664,0
665,0
666,0
667,0
668,0
669,0
670,0
671,0
672,0
673,0
674,0
675,0
676,0
677,0
678,0
679,0
680,0
681,0
682,0
683,0
684,0
685,0
686,0
687,0
688,0
689,0
690,0
691,0
692,0
693,0
694,0
695,0
696,0
697,0
698,0
699,0
700,0
701,0
702,0
703,0
704,0
705,0
706,0
707,0
708,0
709,0
710,0
711,0
712,0
713,0
714,0
715,0
716,0
717,0
718,0
719,0
720,0
721,0
722,0
723,0
724,0
725,0
726,0
727,0
728,0
729,0
730,0
731,0
732,0
733,0
734,0
735,0
736,0
737,0
738,0
739,0
740,0
741,0
742,0
743,0
744,0
745,0
746,0
747,0
748,0
749,0
750,0
751,0
752,0
753,0
754,0
755,0
756,0
757,0
758,0
759,0
760,0
761,0
762,0
763,0
764,0
765,0
766,0
767,0
768,0
769,0
770,0
771,0
772,0
773,0
774,0
775,0
776,0
777,0
778,0
779,0
780,0
781,0
782,0
783,0
784,0
785,0
786,0
787,0
788,0
789,0
790,0
791,0
792,0
793,0
794,0
795,0
796,0
797,0
798,0
799,0
800,0
801,0
802,0
803,0
804,0
805,0
806,0
807,0
808,0
809,0
810,0
811,0
812,0
813,0
814,0
815,0
816,0
817,0
818,0
819,0
820,0
821,0
822,0
823,0
824,0
825,0
826,0
827,0
828,0
829,0
830,0
831,0
832,0
833,0
834,0
835,0
836,0
837,0
838,0
839,0
840,0
841,0
842,0
843,0
844,0
845,0
846,0
847,0
848,0
849,0
850,0
851,0
852,0
853,0
854,0
855,0
856,0
857,0
858,0
859,0
860,0
861,0
862,0
863,0
864,0
865,0
866,0
867,0
868,0
869,0
870,0
871,0
872,0
873,0
874,0
875,0
876,0
877,0
878,0
879,0
880,0
881,0
882,0
883,0
884,0
885,0
886,0
887,0
888,0
889,0
890,0
891,0
892,0
893,0
894,0
895,0
896,0
897,0
898,0
899,0
900,0
901,0
902,0
903,0
904,0
905,0
906,0
907,0
908,0
909,0
910,0
911,0
912,0
913,0
914,0
915,0
916,0
917,0
918,0
919,0
920,0
921,0
922,0
923,0
924,0
925,0
926,0
927,0
928,0
929,0
930,0
931,0
932,0
933,0
934,0
935,0
936,0
937,0
938,0
939,0
940,0
941,0
942,0
943,0
944,0
945,0
946,0
947,0
948,0
949,0
950,0
951,0
952,0
953,0
954,0
955,0
956,0
957,0
958,0
959,0
960,0
961,0
962,0
963,0
964,0
965,0
966,0
967,0
968,0
969,0
970,0
971,0
972,0
973,0
974,0
975,0
976,0
977,0
978,0
979,0
980,0
981,0
982,0
983,0
984,0
985,0
986,0
987,0
988,0
989,0
990,0
991,0
992,0
993,0
994,0
995,0
996,0
997,0
998,0
999,0
1000,0
1001,0
1002,0
1003,0
1004,0
1005,0
1006,0
1007,0
1008,0
1009,0
1010,0
1011,0
1012,0
1013,0
1014,0
1015,0
1016,0
1017,0
1018,0
1019,0
1020,0
1021,0
1022,0
1023,0
1024,0
1025,0
1026,0
1027,0
1028,0
1029,0
1030,0
1031,0
1032,0
1033,0
1034,0
1035,0
1036,0
1037,0
1038,0
1039,0
1040,0
1041,0
1042,0
1043,0
1044,0
1045,0
1046,0
1047,0
1048,0
1049,0
1050,0
1051,0
1052,0
1053,0
1054,0
1055,0
1056,0
1057,0
1058,0
1059,0
1060,0
1061,0
1062,0
1063,0
1064,0
1065,0
1066,0
1067,0
1068,0
1069,0
1070,0
1071,0
1072,0
1073,0
1074,0
1075,0
1076,0
1077,0
1078,0
1079,0
1080,0
1081,0
1082,0
1083,0
1084,0
1085,0
1086,0
1087,0
1088,0
1089,0
1090,0
1091,0
1092,0
1093,0
1094,0
1095,0
1096,0
1097,0
1098,0
1099,0
1100,0
1101,0
1102,0
1103,0
1104,0
1105,0
1106,0
1107,0
1108,0
1109,0
1110,0
1111,0
1112,0
1113,0
1114,0
1115,0
1116,0
1117,0
1118,0
1119,0
1120,0
1121,0
1122,0
1123,0
1124,0
1125,0
1126,0
1127,0
1128,0
1129,0
1130,0
1131,0
1132,0
1133,0
1134,0
1135,0
1136,0
1137,0
1138,0
1139,0
1140,0
1141,0
1142,0
1143,0
1144,0
1145,0
1146,0
1147,0
1148,0
1149,0
1150,0
1151,0
1152,0
1153,0
1154,0
1155,0
1156,0
1157,0
1158,0
1159,0
1160,0
1161,0
1162,0
1163,0
1164,0
1165,0
1166,0
1167,0
1168,0
1169,0
1170,0
1171,0
1172,0
1173,0
1174,0
1175,0
1176,0
1177,0
1178,0
1179,0
1180,0
1181,0
1182,0
1183,0
1184,0
1185,0
1186,0
1187,0
1188,0
1189,0
1190,0
1191,0
1192,0
1193,0
1194,0
1195,0
1196,0
1197,0
1198,0
1199,0
1200,0
1201,0
1202,0
1203,0
1204,0
1205,0
1206,0
1207,0
1208,0
1209,0
1210,0
1211,0
1212,0
1213,0
1214,0
1215,0
1216,0
1217,0
1218,0
1219,0
1220,0
1221,0
1222,0
1223,0
1224,0
1225,0
1226,0
1227,0
1228,0
1229,0
1230,0
1231,0
1232,0
1233,0
1234,0
1235,0
1236,0
1237,0
1238,0
1239,0
1240,0
1241,0
1242,0
1243,0
1244,0
1245,0
1246,0
1247,0
1248,0
1249,0
1250,0
1251,0
1252,0
1253,0
1254,0
1255,0
1256,0
1257,0
1258,0
1259,0
1260,0
1261,0
1262,0
1263,0
1264,0
1265,0
1266,0
1267,0
1268,0
1269,0
1270,0
1271,0
1272,0
1273,0
1274,0
1275,0
1276,0
1277,0
1278,0
1279,0
1280,0
1281,0
1282,0
1283,0
1284,0
1285,0
1286,0
1287,0
1288,0
1289,0
1290,0
1291,0
1292,0
1293,0
1294,0
1295,0
1296,0
1297,0
1298,0
1299,0
1300,0
1301,0
1302,0
1303,0
1304,0
1305,0
1306,0
1307,0
1308,0
1309,0
1310,0
1311,0
1312,0
1313,0
1314,0
1315,0
1316,0
1317,0
1318,0
1319,0
1320,0
1321,0
1322,0
1323,0
1324,0
1325,0
1326,0
1327,0
1328,0
1329,0
1330,0
1331,0
1332,0
1333,0
1334,0
1335,0
1336,0
1337,0
1338,0
1339,0
1340,0
1341,0
1342,0
1343,0
1344,0
1345,0
1346,0
1347,0
1348,0
1349,0
1350,0
1351,0
1352,0
1353,0
1354,0
1355,0
1356,0
1357,0
1358,0
1359,0
1360,0
1361,0
1362,0
1363,0
1364,0
1365,0
1366,0
1367,0
1368,0
1369,0
1370,0
1371,0
1372,0
1373,0
1374,0
1375,0
1376,0
1377,0
1378,0
1379,0
1380,0
1381,0
1382,0
1383,0
1384,0
1385,0
1386,0
1387,0
1388,0
1389,0
1390,0
1391,0
1392,0
1393,0
1394,0
1395,0
1396,0
1397,0
1398,0
1399,0
1400,0
1401,0
1402,0
1403,0
1404,0
1405,0
1406,0
1407,0
1408,0
1409,0
1410,0
1411,0
1412,0
1413,0
1414,0
1415,0
1416,0
1417,0
1418,0
1419,0
1420,0
1421,0
1422,0
1423,0
1424,0
1425,0
1426,0
1427,0
1428,0
1429,0
1430,0
1431,0
1432,0
1433,0
1434,0
1435,0
1436,0
1437,0
1438,0
1439,0
1440,0
1441,0
1442,0
1443,0
1444,0
1445,0
1446,0
1447,0
1448,0
1449,0
1450,0
1451,0
1452,0
1453,0
1454,0
1455,0
1456,0
1457,0
1458,0
1459,0
1460,0
1461,0
1462,0
1463,0
1464,0
1465,0
1466,0
1467,0
1468,0
1469,0
1470,0
1471,0
1472,0
1473,0
1474,0
1475,0
1476,0
1477,0
1478,0
1479,0
1480,0
1481,0
1482,0
1483,0
1484,0
1485,0
1486,0
1487,0
1488,0
1489,0
1490,0
1491,0
1492,0
1493,0
1494,0
1495,0
1496,0
1497,0
1498,0
1499,0
1500,0
1501,0
1502,0
1503,0
1504,0
1505,0
1506,0
1507,0
1508,0
1509,0
1510,0
1511,0
1512,0
1513,0
1514,0
1515,0
1516,0
1517,0
1518,0
1519,0
1520,0
1521,0
1522,0
1523,0
1524,0
1525,0
1526,0
1527,0
1528,0
1529,0
1530,0
1531,0
1532,0
1533,0
1534,0
1535,0
1536,0
1537,0
1538,0
1539,0
1540,0
1541,0
1542,0
1543,0
1544,0
1545,0
1546,0
1547,0
1548,0
1549,0
1550,0
1551,0
1552,0
1553,0
1554,0
1555,0
1556,0
1557,0
1558,0
1559,0
1560,0
1561,0
1562,0
1563,0
1564,0
1565,0
1566,0
1567,0
1568,0
1569,0
1570,0
1571,0
1572,0
1573,0
1574,0
1575,0
1576,0
1577,0
1578,0
1579,0
1580,0
1581,0
1582,0
1583,0
1584,0
1585,0
1586,0
1587,0
1588,0
1589,0
1590,0
1591,0
1592,0
1593,0
1594,0
1595,0
1596,0
1597,0
1598,0
1599,0
1600,0
1601,0
1602,0
1603,0
1604,0
1605,0
1606,0
1607,0
1608,0
1609,0
1610,0
1611,0
1612,0
1613,0
1614,0
1615,0
1616,0
1617,0
1618,0
1619,0
1620,0
1621,0
1622,0
1623,0
1624,0
1625,0
1626,0
1627,0
1628,0
1629,0
1630,0
1631,0
1632,0
1633,0
1634,0
1635,0
1636,0
1637,0
1638,0
1639,0
1640,0
1641,0
1642,0
1643,0
1644,0
1645,0
1646,0
1647,0
1648,0
1649,0
1650,0
1651,0
1652,0
1653,0
1654,0
1655,0
1656,0
1657,0
1658,0
1659,0
1660,0
1661,0
1662,0
1663,0
1664,0
1665,0
1666,0
1667,0
1668,0
1669,0
1670,0
1671,0
1672,0
1673,0
1674,0
1675,0
1676,0
1677,0
1678,0
1679,0
1680,0
1681,0
1682,0
1683,0
1684,0
1685,0
1686,0
1687,0
1688,0
1689,0
1690,0
1691,0
1692,0
1693,0
1694,0
1695,0
1696,0
1697,0
1698,0
1699,0
1700,0
1701,0
1702,0
1703,0
1704,0
1705,0
1706,0
1707,0
1708,0
1709,0
1710,0
1711,0
1712,0
1713,0
1714,0
1715,0
1716,0
1717,0
1718,0
1719,0
1720,0
1721,0
1722,0
1723,0
1724,0
1725,0
1726,0
1727,0
1728,0
1729,0
1730,0
1731,0
1732,0
1733,0
1734,0
1735,0
1736,0
1737,0
1738,0
1739,0
1740,0
1741,0
1742,0
1743,0
1744,0
1745,0
1746,0
1747,0
1748,0
1749,0
1750,0
1751,0
1752,0
1753,0
1754,0
1755,0
1756,0
1757,0
1758,0
1759,0
1760,0
1761,0
1762,0
1763,0
1764,0
1765,0
1766,0
1767,0
1768,0
1769,0
1770,0
1771,0
1772,0
1773,0
1774,0
1775,0
1776,0
1777,0
1778,0
1779,0
1780,0
1781,0
1782,0
1783,0
1784,0
1785,0
1786,0
1787,0
1788,0
1789,0
1790,0
1791,0
1792,0.00016368
1793,0.00031953
1794,0.00047036
1795,0.00060441
1796,0.00092233
1797,0.0011977
1798,0.0014696
1799,0.0017699
1800,0.0020558
1801,0.0023322
1802,0.0025757
1803,0.0028631
1804,0.0031282
1805,0.0033313
1806,0.0035607
1807,0.0038088
1808,0.0039829
1809,0.0041452
1810,0.0043291
1811,0.0045306
1812,0.0047401
1813,0.0049643
1814,0.0051254
1815,0.005313
1816,0.0054952
1817,0.0056769
1818,0.0058685
1819,0.006045
1820,0.0061989
1821,0.0064286
1822,0.0066807
1823,0.0069413
1824,0.0071504
1825,0.007365
1826,0.0075435
1827,0.0077374
1828,0.0079333
1829,0.0081281
1830,0.0082824
1831,0.0084491
1832,0.0086048
1833,0.008743
1834,0.0088753
1835,0.0090461
1836,0.0092281
1837,0.009403
1838,0.0095947
1839,0.0097853
1840,0.01001
1841,0.010218
1842,0.010384
1843,0.010489
1844,0.01057
1845,0.010684
1846,0.010828
1847,0.010954
1848,0.011061
1849,0.01121
1850,0.011396
1851,0.011557
1852,0.011725
1853,0.011907
1854,0.012022
1855,0.012148
1856,0.012292
1857,0.012411
1858,0.012531
1859,0.012701
1860,0.012849
1861,0.012977
1862,0.013183
1863,0.013362
1864,0.013496
1865,0.013564
1866,0.013632
1867,0.013926
1868,0.014247
1869,0.014566
1870,0.014845
1871,0.015107
1872,0.015363
1873,0.015627
1874,0.015888
1875,0.016205
1876,0.016425
1877,0.016588
1878,0.016692
1879,0.01681
1880,0.016965
1881,0.017115
1882,0.017289
1883,0.017467
1884,0.01771
1885,0.017893
1886,0.018054
1887,0.018244
1888,0.018579
1889,0.018917
1890,0.019268
1891,0.019651
1892,0.020004
1893,0.020315
1894,0.020632
1895,0.020914
1896,0.021213
1897,0.021537
1898,0.021842
1899,0.022322
1900,0.022711
1901,0.023031
1902,0.023349
1903,0.023638
1904,0.023959
1905,0.024249
1906,0.024542
1907,0.024845
1908,0.02519
1909,0.025514
1910,0.025916
1911,0.026438
1912,0.026845
1913,0.027264
1914,0.027702
1915,0.028122
1916,0.028562
1917,0.029069
1918,0.029601
1919,0.030085
1920,0.030439
1921,0.030817
1922,0.031224
1923,0.031628
1924,0.032032
1925,0.032361
1926,0.03278
1927,0.03319
1928,0.033608
1929,0.033974
1930,0.034369
1931,0.034953
1932,0.035482
1933,0.036011
1934,0.036565
1935,0.037109
1936,0.037647
1937,0.038161
1938,0.038763
1939,0.039342
1940,0.039967
1941,0.040506
1942,0.040956
1943,0.041436
1944,0.041874
1945,0.042353
1946,0.04311
1947,0.044054
1948,0.044978
1949,0.045815
1950,0.046694
1951,0.047525
1952,0.048374
1953,0.049227
1954,0.050163
1955,0.051061
1956,0.051911
1957,0.052938
1958,0.053864
1959,0.054771
1960,0.055532
1961,0.056356
1962,0.057089
1963,0.057846
1964,0.058635
1965,0.059434
1966,0.060397
1967,0.061349
1968,0.062248
1969,0.063134
1970,0.063985
1971,0.064805
1972,0.065659
1973,0.066591
1974,0.067521
1975,0.068498
1976,0.069485
1977,0.07051
1978,0.071441
1979,0.072334
1980,0.073205
1981,0.074024
1982,0.074752
1983,0.075506
1984,0.076274
1985,0.077035
1986,0.077906
1987,0.0789
1988,0.080168
1989,0.081385
1990,0.082828
1991,0.084226
1992,0.085815
1993,0.087389
1994,0.088836
1995,0.09026
1996,0.091669
1997,0.09334
1998,0.095072
1999,0.096721
2000,0.098082
2001,0.09953
2002,0.10104
2003,0.10253
2004,0.10426
2005,0.10597
2006,0.10762
2007,0.10925
2008,0.11077
2009,0.11236
2010,0.11388
2011,0.11557
2012,0.11715
2013,0.11867
2014,0.12014
2015,0.12162
2016,0.12306
2017,0.12447
2018,0.12605
2019,0.1279
2020,0.12975
2021,0.13158
2022,0.13346
2023,0.1355
2024,0.13756
2025,0.13958
2026,0.1415
2027,0.14339
2028,0.14518
2029,0.14685
2030,0.14842
2031,0.14971
2032,0.15107
2033,0.15233
2034,0.15379
2035,0.15532
2036,0.15682
2037,0.15838
2038,0.15976
2039,0.16137
2040,0.16312
2041,0.16486
2042,0.16643
2043,0.16806
2044,0.16973
2045,0.17132
2046,0.17292
2047,0.1746
2048,0.17629
2049,0.17791
2050,0.17948
2051,0.18097
2052,0.1824
2053,0.18387
2054,0.18536
2055,0.18669
2056,0.1881
2057,0.18942
2058,0.19081
2059,0.19244
2060,0.19393
2061,0.19567
2062,0.19781
2063,0.19977
2064,0.20167
2065,0.20372
2066,0.20572
2067,0.20789
2068,0.21005
2069,0.21249
2070,0.21506
2071,0.21764
2072,0.22019
2073,0.22248
2074,0.22469
2075,0.22682
2076,0.22885
2077,0.23087
2078,0.23294
2079,0.23498
2080,0.23705
2081,0.23921
2082,0.2414
2083,0.24356
2084,0.24566
2085,0.24755
2086,0.25013
2087,0.25288
2088,0.25583
2089,0.25891
2090,0.26191
2091,0.26499
2092,0.26804
2093,0.27119
2094,0.27393
2095,0.27681
2096,0.2796
2097,0.28289
2098,0.28609
2099,0.28907
2100,0.2918
2101,0.2947
2102,0.2976
2103,0.30045
2104,0.30337
2105,0.30659
2106,0.31009
2107,0.31336
2108,0.31653
2109,0.31975
2110,0.32297
2111,0.32626
2112,0.32982
2113,0.33327
2114,0.33663
2115,0.33992
2116,0.34304
2117,0.34652
2118,0.34988
2119,0.35335
2120,0.35673
2121,0.36012
2122,0.36307
2123,0.3661
2124,0.36945
2125,0.37324
2126,0.37679
2127,0.38008
2128,0.38347
2129,0.38683
2130,0.3905
2131,0.39452
2132,0.39843
2133,0.40261
2134,0.40704
2135,0.41156
2136,0.41606
2137,0.42046
2138,0.42468
2139,0.42875
2140,0.43292
2141,0.43681
2142,0.44067
2143,0.44489
2144,0.44928
2145,0.45357
2146,0.45779
2147,0.46199
2148,0.46632
2149,0.47077
2150,0.47524
2151,0.47943
2152,0.48367
2153,0.48804
2154,0.49251
2155,0.49685
2156,0.50122
2157,0.50534
2158,0.50975
2159,0.51424
2160,0.51869
2161,0.52338
2162,0.52802
2163,0.53242
2164,0.53712
2165,0.54155
2166,0.54595
2167,0.55061
2168,0.55531
2169,0.55989
2170,0.56423
2171,0.56886
2172,0.57361
2173,0.57845
2174,0.58346
2175,0.58841
2176,0.59328
2177,0.59845
2178,0.60356
2179,0.60862
2180,0.61391
2181,0.61974
2182,0.62604
2183,0.63215
2184,0.63819
2185,0.64438
2186,0.65039
2187,0.65687
2188,0.66334
2189,0.66997
2190,0.67663
2191,0.68367
2192,0.69051
2193,0.69714
2194,0.70428
2195,0.71188
2196,0.71971
2197,0.72764
2198,0.73607
2199,0.74471
2200,0.75335
2201,0.76152
2202,0.76977
2203,0.77813
2204,0.78601
2205,0.79361
2206,0.8014
2207,0.80884
2208,0.81577
2209,0.82281
2210,0.82972
2211,0.83681
2212,0.8439
2213,0.85138
2214,0.85919
2215,0.8668
2216,0.87456
2217,0.88278
2218,0.89098
2219,0.89955
2220,0.90823
2221,0.91697
2222,0.92577
2223,0.93424
2224,0.9429
2225,0.95182
2226,0.96056
2227,0.96984
2228,0.97917
2229,0.98905
2230,0.99827
2231,1.0075
2232,1.0168
2233,1.0262
2234,1.0354
2235,1.0444
2236,1.0536
2237,1.0628
2238,1.072
2239,1.0815
2240,1.0906
2241,1.0995
2242,1.1086
2243,1.1172
2244,1.1257
2245,1.1345
2246,1.1438
2247,1.1528
2248,1.162
2249,1.1715
2250,1.1811
2251,1.191
2252,1.2005
2253,1.21
2254,1.2195
2255,1.2289
2256,1.2388
2257,1.2481
2258,1.2577
2259,1.2672
2260,1.2768
2261,1.2863
2262,1.2959
2263,1.3052
2264,1.315
2265,1.3247
2266,1.3344
2267,1.3439
2268,1.3541
2269,1.3644
2270,1.375
2271,1.3855
2272,1.3957
2273,1.4058
2274,1.4158
2275,1.426
2276,1.437
2277,1.4479
2278,1.4591
2279,1.47
2280,1.4818
2281,1.4934
2282,1.5048
2283,1.5161
2284,1.5274
2285,1.5382
2286,1.5491
2287,1.5596
2288,1.5699
2289,1.5802
2290,1.5908
2291,1.6015
2292,1.6119
2293,1.6226
2294,1.6331
2295,1.6435
2296,1.6538
2297,1.6651
2298,1.6768
2299,1.6889
2300,1.7009
2301,1.713
2302,1.7249
2303,1.7372
2304,1.7494
2305,1.761
2306,1.7725
2307,1.7841
2308,1.7957
2309,1.8076
2310,1.8194
2311,1.831
2312,1.8431
2313,1.8552
2314,1.867
2315,1.8787
2316,1.8906
2317,1.9025
2318,1.9152
2319,1.9279
2320,1.9413
2321,1.9552
2322,1.9691
2323,1.9834
2324,1.9974
2325,2.0114
2326,2.0248
2327,2.039
2328,2.0529
2329,2.0669
2330,2.0805
2331,2.0948
2332,2.1097
2333,2.1245
2334,2.1395
2335,2.1546
2336,2.1691
2337,2.1838
2338,2.1988
2339,2.2137
2340,2.2287
2341,2.2435
2342,2.2587
2343,2.2739
2344,2.289
2345,2.3046
2346,2.3199
2347,2.3355
2348,2.3509
2349,2.3667
2350,2.3822
2351,2.3978
2352,2.4137
2353,2.429
2354,2.4448
2355,2.4609
2356,2.4764
2357,2.4918
2358,2.5068
2359,2.5223
2360,2.5383
2361,2.5542
2362,2.5702
2363,2.586
2364,2.6022
2365,2.6195
2366,2.637
2367,2.6545
2368,2.6718
2369,2.689
2370,2.7058
2371,2.7234
2372,2.7409
2373,2.7589
2374,2.7769
2375,2.7944
2376,2.8125
2377,2.8303
2378,2.8479
2379,2.8656
2380,2.8828
2381,2.8999
2382,2.9173
2383,2.9348
2384,2.9525
2385,2.9704
2386,2.9886
2387,3.0067
2388,3.0245
2389,3.0429
2390,3.061
2391,3.0793
2392,3.0978
2393,3.1157
2394,3.1338
2395,3.1526
2396,3.1709
2397,3.1897
2398,3.2078
2399,3.2252
2400,3.2429
2401,3.2602
2402,3.2785
2403,3.2966
2404,3.3151
2405,3.3338
2406,3.3528
2407,3.3725
2408,3.3925
2409,3.4114
2410,3.4306
2411,3.4496
2412,3.4685
2413,3.4873
2414,3.5065
2415,3.5257
2416,3.5456
2417,3.5656
2418,3.5862
2419,3.6072
2420,3.6279
2421,3.6484
2422,3.6689
2423,3.6889
2424,3.7086
2425,3.7277
2426,3.7477
2427,3.7679
2428,3.7886
2429,3.81
2430,3.8317
2431,3.8541
2432,3.8765
2433,3.8992
2434,3.9223
2435,3.9455
2436,3.969
2437,3.9923
2438,4.0157
2439,4.0394
2440,4.0634
2441,4.0869
2442,4.1101
2443,4.1343
2444,4.1583
2445,4.1829
2446,4.2075
2447,4.2327
2448,4.2573
2449,4.2806
2450,4.3041
2451,4.3269
2452,4.3509
2453,4.3749
2454,4.3994
2455,4.4251
2456,4.45
2457,4.4749
2458,4.5005
2459,4.5256
2460,4.5507
2461,4.5764
2462,4.6018
2463,4.6269
2464,4.6522
2465,4.6785
2466,4.7041
2467,4.7297
2468,4.7545
2469,4.7787
2470,4.8023
2471,4.8261
2472,4.8509
2473,4.8759
2474,4.901
2475,4.9263
2476,4.9521
2477,4.9773
2478,5.0025
2479,5.028
2480,5.054
2481,5.0804
2482,5.1074
2483,5.1349
2484,5.1619
2485,5.1881
2486,5.215
2487,5.2421
2488,5.2685
2489,5.2951
2490,5.322
2491,5.3492
2492,5.3772
2493,5.4047
2494,5.4319
2495,5.4587
2496,5.4866
2497,5.5139
2498,5.5414
2499,5.5689
2500,5.5968
2501,5.6248
2502,5.6526
2503,5.6812
2504,5.71
2505,5.7393
2506,5.768
2507,5.7957
2508,5.8234
2509,5.8508
2510,5.8778
2511,5.905
2512,5.9328
2513,5.9609
2514,5.9894
2515,6.0183
2516,6.0488
2517,6.0791
2518,6.1094
2519,6.1397
2520,6.171
2521,6.2023
2522,6.2335
2523,6.2639
2524,6.2932
2525,6.3227
2526,6.3528
2527,6.3824
2528,6.4113
2529,6.4404
2530,6.4695
2531,6.4995
2532,6.53
2533,6.5601
2534,6.5907
2535,6.6214
2536,6.6517
2537,6.6814
2538,6.7109
2539,6.741
2540,6.7719
2541,6.8036
2542,6.8351
2543,6.8674
2544,6.8994
2545,6.931
2546,6.9631
2547,6.9953
2548,7.0271
2549,7.0593
2550,7.0911
2551,7.1231
2552,7.1552
2553,7.1877
2554,7.2197
2555,7.2517
2556,7.285
2557,7.3189
2558,7.3523
2559,7.3861
2560,7.4188
2561,7.4514
2562,7.4852
2563,7.5187
2564,7.5518
2565,7.5855
2566,7.6188
2567,7.6518
2568,7.6859
2569,7.7205
2570,7.7563
2571,7.7911
2572,7.8258
2573,7.8614
2574,7.8956
2575,7.9299
2576,7.9639
2577,7.9977
2578,8.0314
2579,8.0665
2580,8.1021
2581,8.1381
2582,8.1744
2583,8.2104
2584,8.2467
2585,8.2823
2586,8.3185
2587,8.3535
2588,8.388
2589,8.4238
2590,8.459
2591,8.4946
2592,8.5298
2593,8.5656
2594,8.6012
2595,8.6366
2596,8.6713
2597,8.7064
2598,8.7418
2599,8.7771
2600,8.8135
2601,8.8505
2602,8.8868
2603,8.922
2604,8.9588
2605,8.9955
2606,9.0328
2607,9.0691
2608,9.1057
2609,9.141
2610,9.1775
2611,9.2142
2612,9.2504
2613,9.286
2614,9.3204
2615,9.3556
2616,9.3916
2617,9.4284
2618,9.4651
2619,9.5006
2620,9.5368
2621,9.5727
2622,9.609
2623,9.6479
2624,9.6865
2625,9.7252
2626,9.7648
2627,9.8047
2628,9.8454
2629,9.8856
2630,9.926
2631,9.9659
2632,10.006
2633,10.046
2634,10.086
2635,10.127
2636,10.168
2637,10.209
2638,10.252
2639,10.296
2640,10.34
2641,10.385
2642,10.43
2643,10.475
2644,10.52
2645,10.565
2646,10.611
2647,10.656
2648,10.701
2649,10.748
2650,10.795
2651,10.841
2652,10.887
2653,10.934
2654,10.981
2655,11.029
2656,11.077
2657,11.123
2658,11.17
2659,11.218
2660,11.266
2661,11.315
2662,11.364
2663,11.411
2664,11.459
2665,11.509
2666,11.559
2667,11.609
2668,11.66
2669,11.711
2670,11.762
2671,11.813
2672,11.865
2673,11.917
2674,11.966
2675,12.018
2676,12.07
2677,12.123
2678,12.177
2679,12.228
2680,12.282
2681,12.335
2682,12.387
2683,12.439
2684,12.491
2685,12.544
2686,12.596
2687,12.65
2688,12.705
2689,12.759
2690,12.813
2691,12.866
2692,12.918
2693,12.971
2694,13.024
2695,13.077
2696,13.132
2697,13.188
2698,13.245
2699,13.301
2700,13.356
2701,13.412
2702,13.468
2703,13.524
2704,13.58
2705,13.636
2706,13.693
2707,13.75
2708,13.806
2709,13.863
2710,13.92
2711,13.975
2712,14.03
2713,14.085
2714,14.14
2715,14.196
2716,14.251
2717,14.307
2718,14.364
2719,14.422
2720,14.48
2721,14.537
2722,14.596
2723,14.655
2724,14.713
2725,14.775
2726,14.834
2727,14.895
2728,14.954
2729,15.013
2730,15.072
2731,15.131
2732,15.189
2733,15.248
2734,15.307
2735,15.366
2736,15.425
2737,15.486
2738,15.546
2739,15.607
2740,15.669
2741,15.732
2742,15.794
2743,15.857
2744,15.921
2745,15.984
2746,16.048
2747,16.112
2748,16.175
2749,16.238
2750,16.303
2751,16.366
2752,16.43
2753,16.493
2754,16.556
2755,16.622
2756,16.686
2757,16.751
2758,16.815
2759,16.878
2760,16.939
2761,17.002
2762,17.063
2763,17.127
2764,17.19
2765,17.253
2766,17.317
2767,17.381
2768,17.446
2769,17.512
2770,17.577
2771,17.642
2772,17.705
2773,17.768
2774,17.831
2775,17.895
2776,17.96
2777,18.023
2778,18.087
2779,18.151
2780,18.215
2781,18.279
2782,18.342
2783,18.406
2784,18.469
2785,18.534
2786,18.597
2787,18.66
2788,18.722
2789,18.784
2790,18.848
2791,18.911
2792,18.973
2793,19.034
2794,19.095
2795,19.156
2796,19.218
2797,19.279
2798,19.339
2799,19.4
2800,19.462
2801,19.522
2802,19.582
2803,19.642
2804,19.704
2805,19.767
2806,19.831
2807,19.893
2808,19.956
2809,20.019
2810,20.083
2811,20.145
2812,20.207
2813,20.269
2814,20.33
2815,20.391
2816,20.452
2817,20.513
2818,20.573
2819,20.633
2820,20.694
2821,20.754
2822,20.814
2823,20.874
2824,20.933
2825,20.993
2826,21.053
2827,21.116
2828,21.178
2829,21.238
2830,21.3
2831,21.362
2832,21.423
2833,21.485
2834,21.548
2835,21.611
2836,21.673
2837,21.736
2838,21.8
2839,21.864
2840,21.928
2841,21.993
2842,22.058
2843,22.123
2844,22.188
2845,22.253
2846,22.317
2847,22.38
2848,22.445
2849,22.508
2850,22.573
2851,22.639
2852,22.703
2853,22.769
2854,22.834
2855,22.898
2856,22.963
2857,23.027
2858,23.091
2859,23.155
2860,23.219
2861,23.285
2862,23.348
2863,23.412
2864,23.476
2865,23.54
2866,23.604
2867,23.667
2868,23.729
2869,23.792
2870,23.853
2871,23.914
2872,23.975
2873,24.036
2874,24.098
2875,24.16
2876,24.223
2877,24.286
2878,24.348
2879,24.41
2880,24.473
2881,24.535
2882,24.595
2883,24.654
2884,24.715
2885,24.776
2886,24.835
2887,24.897
2888,24.956
2889,25.015
2890,25.076
2891,25.138
2892,25.2
2893,25.261
2894,25.321
2895,25.381
2896,25.44
2897,25.499
2898,25.557
2899,25.615
2900,25.674
2901,25.731
2902,25.79
2903,25.849
2904,25.909
2905,25.969
2906,26.028
2907,26.088
2908,26.148
2909,26.206
2910,26.267
2911,26.328
2912,26.389
2913,26.45
2914,26.51
2915,26.572
2916,26.633
2917,26.692
2918,26.751
2919,26.81
2920,26.87
2921,26.931
2922,26.991
2923,27.052
2924,27.111
2925,27.17
2926,27.229
2927,27.287
2928,27.344
2929,27.402
2930,27.458
2931,27.513
2932,27.568
2933,27.623
2934,27.677
2935,27.73
2936,27.784
2937,27.839
2938,27.893
2939,27.946
2940,27.999
2941,28.052
2942,28.104
2943,28.156
2944,28.209
2945,28.262
2946,28.317
2947,28.37
2948,28.425
2949,28.478
2950,28.531
2951,28.583
2952,28.635
2953,28.69
2954,28.745
2955,28.802
2956,28.857
2957,28.912
2958,28.967
2959,29.021
2960,29.077
2961,29.132
2962,29.186
2963,29.241
2964,29.297
2965,29.353
2966,29.408
2967,29.463
2968,29.52
2969,29.576
2970,29.634
2971,29.692
2972,29.749
2973,29.806
2974,29.863
2975,29.919
2976,29.976
2977,30.031
2978,30.084
2979,30.137
2980,30.19
2981,30.242
2982,30.295
2983,30.346
2984,30.397
2985,30.448
2986,30.498
2987,30.549
2988,30.599
2989,30.65
2990,30.701
2991,30.754
2992,30.807
2993,30.86
2994,30.914
2995,30.966
2996,31.02
2997,31.074
2998,31.129
2999,31.183
3000,31.237
3001,31.291
3002,31.344
3003,31.397
3004,31.45
3005,31.502
3006,31.552
3007,31.602
3008,31.651
3009,31.701
3010,31.752
3011,31.804
3012,31.856
3013,31.908
3014,31.96
3015,32.013
3016,32.066
3017,32.118
3018,32.171
3019,32.224
3020,32.277
3021,32.33
3022,32.382
3023,32.432
3024,32.48
3025,32.529
3026,32.574
3027,32.622
3028,32.67
3029,32.717
3030,32.762
3031,32.809
3032,32.855
3033,32.902
3034,32.95
3035,32.998
3036,33.045
3037,33.091
3038,33.137
3039,33.184
3040,33.231
3041,33.279
3042,33.328
3043,33.373
3044,33.418
3045,33.465
3046,33.511
3047,33.555
3048,33.6
3049,33.644
3050,33.687
3051,33.732
3052,33.777
3053,33.822
3054,33.867
3055,33.912
3056,33.956
3057,34.004
3058,34.048
3059,34.093
3060,34.138
3061,34.183
3062,34.229
3063,34.275
3064,34.321
3065,34.366
3066,34.41
3067,34.454
3068,34.498
3069,34.541
3070,34.584
3071,34.627
3072,34.669
3073,34.71
3074,34.748
3075,34.786
3076,34.823
3077,34.861
3078,34.899
3079,34.935
3080,34.973
3081,35.012
3082,35.049
3083,35.087
3084,35.125
3085,35.161
3086,35.196
3087,35.232
3088,35.268
3089,35.305
3090,35.342
3091,35.378
3092,35.417
3093,35.455
3094,35.493
3095,35.53
3096,35.566
3097,35.601
3098,35.636
3099,35.67
3100,35.705
3101,35.741
3102,35.776
3103,35.811
3104,35.845
3105,35.879
3106,35.916
3107,35.952
3108,35.987
3109,36.022
3110,36.056
3111,36.091
3112,36.127
3113,36.161
3114,36.196
3115,36.228
3116,36.262
3117,36.296
3118,36.331
3119,36.367
3120,36.402
3121,36.437
3122,36.472
3123,36.505
3124,36.54
3125,36.573
3126,36.607
3127,36.64
3128,36.673
3129,36.708
3130,36.743
3131,36.778
3132,36.811
3133,36.845
3134,36.879
3135,36.913
3136,36.946
3137,36.976
3138,37.008
3139,37.042
3140,37.077
3141,37.111
3142,37.145
3143,37.179
3144,37.212
3145,37.245
3146,37.278
3147,37.31
3148,37.341
3149,37.371
3150,37.4
3151,37.429
3152,37.456
3153,37.483
3154,37.512
3155,37.539
3156,37.566
3157,37.593
3158,37.621
3159,37.646
3160,37.672
3161,37.698
3162,37.724
3163,37.751
3164,37.778
3165,37.806
3166,37.832
3167,37.858
3168,37.887
3169,37.912
3170,37.937
3171,37.964
3172,37.991
3173,38.019
3174,38.046
3175,38.073
3176,38.1
3177,38.126
3178,38.153
3179,38.178
3180,38.203
3181,38.229
3182,38.255
3183,38.281
3184,38.308
3185,38.336
3186,38.363
3187,38.39
3188,38.416
3189,38.442
3190,38.466
3191,38.491
3192,38.515
3193,38.538
3194,38.562
3195,38.586
3196,38.609
3197,38.632
3198,38.654
3199,38.675
3200,38.695
3201,38.716
3202,38.737
3203,38.759
3204,38.779
3205,38.797
3206,38.816
3207,38.836
3208,38.856
3209,38.873
3210,38.894
3211,38.916
3212,38.936
3213,38.955
3214,38.973
3215,38.988
3216,39.003
3217,39.021
3218,39.039
3219,39.056
3220,39.074
3221,39.093
3222,39.112
3223,39.127
3224,39.144
3225,39.16
3226,39.175
3227,39.191
3228,39.206
3229,39.222
3230,39.237
3231,39.253
3232,39.269
3233,39.284
3234,39.299
3235,39.313
3236,39.327
3237,39.342
3238,39.355
3239,39.366
3240,39.378
3241,39.39
3242,39.401
3243,39.412
3244,39.425
3245,39.437
3246,39.449
3247,39.459
3248,39.467
3249,39.474
3250,39.482
3251,39.492
3252,39.5
3253,39.506
3254,39.512
3255,39.518
3256,39.526
3257,39.533
3258,39.54
3259,39.545
3260,39.551
3261,39.553
3262,39.558
3263,39.562
3264,39.566
3265,39.57
3266,39.572
3267,39.575
3268,39.578
3269,39.58
3270,39.582
3271,39.582
3272,39.583
3273,39.584
3274,39.585
3275,39.585
3276,39.587
3277,39.588
3278,39.588
3279,39.588
3280,39.587
3281,39.587
3282,39.586
3283,39.587
3284,39.587
3285,39.586
3286,39.585
3287,39.582
3288,39.579
3289,39.577
3290,39.574
3291,39.573
3292,39.571
3293,39.569
3294,39.568
3295,39.567
3296,39.566
3297,39.565
3298,39.562
3299,39.56
3300,39.555
3301,39.55
3302,39.547
3303,39.544
3304,39.542
3305,39.539
3306,39.537
3307,39.537
3308,39.535
3309,39.531
3310,39.524
3311,39.516
3312,39.507
3313,39.498
3314,39.489
3315,39.481
3316,39.471
3317,39.461
3318,39.452
3319,39.442
3320,39.433
3321,39.426
3322,39.418
3323,39.411
3324,39.404
3325,39.395
3326,39.385
3327,39.374
3328,39.363
3329,39.352
3330,39.338
3331,39.325
3332,39.313
3333,39.301
3334,39.29
3335,39.278
3336,39.264
3337,39.251
3338,39.24
3339,39.23
3340,39.219
3341,39.207
3342,39.196
3343,39.183
3344,39.17
3345,39.159
3346,39.147
3347,39.134
3348,39.12
3349,39.107
3350,39.093
3351,39.078
3352,39.062
3353,39.046
3354,39.031
3355,39.016
3356,39.004
3357,38.992
3358,38.98
3359,38.967
3360,38.954
3361,38.944
3362,38.929
3363,38.914
3364,38.9
3365,38.883
3366,38.868
3367,38.856
3368,38.844
3369,38.83
3370,38.817
3371,38.804
3372,38.79
3373,38.776
3374,38.761
3375,38.747
3376,38.734
3377,38.72
3378,38.706
3379,38.691
3380,38.676
3381,38.657
3382,38.64
3383,38.621
3384,38.603
3385,38.587
3386,38.569
3387,38.552
3388,38.535
3389,38.516
3390,38.498
3391,38.481
3392,38.461
3393,38.443
3394,38.425
3395,38.408
3396,38.391
3397,38.374
3398,38.357
3399,38.341
3400,38.324
3401,38.308
3402,38.29
3403,38.27
3404,38.25
3405,38.228
3406,38.206
3407,38.184
3408,38.163
3409,38.141
3410,38.119
3411,38.098
3412,38.079
3413,38.061
3414,38.043
3415,38.023
3416,38.001
3417,37.979
3418,37.96
3419,37.94
3420,37.92
3421,37.901
3422,37.88
3423,37.86
3424,37.84
3425,37.82
3426,37.802
3427,37.782
3428,37.761
3429,37.739
3430,37.718
3431,37.697
3432,37.678
3433,37.657
3434,37.637
3435,37.616
3436,37.594
3437,37.572
3438,37.549
3439,37.526
3440,37.504
3441,37.483
3442,37.461
3443,37.44
3444,37.419
3445,37.399
3446,37.376
3447,37.356
3448,37.335
3449,37.315
3450,37.296
3451,37.279
3452,37.259
3453,37.239
3454,37.219
3455,37.2
3456,37.179
3457,37.158
3458,37.136
3459,37.113
3460,37.091
3461,37.068
3462,37.046
3463,37.023
3464,37.002
3465,36.98
3466,36.96
3467,36.938
3468,36.914
3469,36.892
3470,36.87
3471,36.847
3472,36.825
3473,36.804
3474,36.781
3475,36.758
3476,36.736
3477,36.714
3478,36.693
3479,36.67
3480,36.648
3481,36.625
3482,36.605
3483,36.583
3484,36.561
3485,36.538
3486,36.516
3487,36.494
3488,36.471
3489,36.447
3490,36.424
3491,36.398
3492,36.372
3493,36.346
3494,36.319
3495,36.294
3496,36.271
3497,36.247
3498,36.221
3499,36.196
3500,36.172
3501,36.146
3502,36.121
3503,36.095
3504,36.069
3505,36.042
3506,36.019
3507,35.995
3508,35.973
3509,35.95
3510,35.928
3511,35.904
3512,35.879
3513,35.855
3514,35.831
3515,35.807
3516,35.783
3517,35.757
3518,35.732
3519,35.707
3520,35.681
3521,35.656
3522,35.631
3523,35.606
3524,35.582
3525,35.556
3526,35.531
3527,35.507
3528,35.485
3529,35.461
3530,35.438
3531,35.417
3532,35.396
3533,35.373
3534,35.348
3535,35.322
3536,35.296
3537,35.274
3538,35.25
3539,35.224
3540,35.199
3541,35.175
3542,35.151
3543,35.127
3544,35.1
3545,35.073
3546,35.048
3547,35.023
3548,34.998
3549,34.974
3550,34.95
3551,34.924
3552,34.899
3553,34.873
3554,34.848
3555,34.82
3556,34.794
3557,34.767
3558,34.742
3559,34.716
3560,34.692
3561,34.669
3562,34.645
3563,34.619
3564,34.594
3565,34.567
3566,34.541
3567,34.514
3568,34.487
3569,34.46
3570,34.432
3571,34.404
3572,34.376
3573,34.349
3574,34.322
3575,34.295
3576,34.27
3577,34.243
3578,34.218
3579,34.193
3580,34.169
3581,34.143
3582,34.117
3583,34.091
3584,34.063
3585,34.036
3586,34.009
3587,33.982
3588,33.955
3589,33.928
3590,33.903
3591,33.877
3592,33.852
3593,33.827
3594,33.804
3595,33.78
3596,33.757
3597,33.733
3598,33.708
3599,33.684
3600,33.661
3601,33.639
3602,33.615
3603,33.59
3604,33.564
3605,33.539
3606,33.515
3607,33.49
3608,33.465
3609,33.44
3610,33.415
3611,33.391
3612,33.367
3613,33.343
3614,33.317
3615,33.294
3616,33.269
3617,33.245
3618,33.22
3619,33.198
3620,33.177
3621,33.155
3622,33.134
3623,33.112
3624,33.089
3625,33.066
3626,33.044
3627,33.023
3628,33.004
3629,32.984
3630,32.964
3631,32.944
3632,32.923
3633,32.903
3634,32.883
3635,32.863
3636,32.842
3637,32.821
3638,32.8
3639,32.779
3640,32.759
3641,32.736
3642,32.713
3643,32.69
3644,32.668
3645,32.646
3646,32.625
3647,32.602
3648,32.579
3649,32.558
3650,32.536
3651,32.518
3652,32.5
3653,32.482
3654,32.464
3655,32.445
3656,32.427
3657,32.407
3658,32.389
3659,32.37
3660,32.35
3661,32.332
3662,32.315
3663,32.298
3664,32.279
3665,32.263
3666,32.246
3667,32.228
3668,32.211
3669,32.195
3670,32.179
3671,32.164
3672,32.148
3673,32.134
3674,32.119
3675,32.104
3676,32.089
3677,32.074
3678,32.059
3679,32.043
3680,32.025
3681,32.008
3682,31.99
3683,31.972
3684,31.956
3685,31.937
3686,31.918
3687,31.898
3688,31.88
3689,31.861
3690,31.844
3691,31.825
3692,31.808
3693,31.789
3694,31.772
3695,31.755
3696,31.737
3697,31.721
3698,31.705
3699,31.689
3700,31.673
3701,31.655
3702,31.637
3703,31.619
3704,31.602
3705,31.587
3706,31.572
3707,31.559
3708,31.544
3709,31.53
3710,31.517
3711,31.503
3712,31.488
3713,31.473
3714,31.458
3715,31.443
3716,31.427
3717,31.411
3718,31.395
3719,31.378
3720,31.362
3721,31.346
3722,31.33
3723,31.314
3724,31.298
3725,31.28
3726,31.262
3727,31.243
3728,31.224
3729,31.206
3730,31.189
3731,31.171
3732,31.155
3733,31.139
3734,31.121
3735,31.103
3736,31.085
3737,31.068
3738,31.052
3739,31.036
3740,31.018
3741,31
3742,30.985
3743,30.969
3744,30.955
3745,30.94
3746,30.925
3747,30.909
3748,30.896
3749,30.882
3750,30.87
3751,30.858
3752,30.843
3753,30.829
3754,30.815
3755,30.801
3756,30.787
3757,30.776
3758,30.762
3759,30.751
3760,30.741
3761,30.73
3762,30.719
3763,30.707
3764,30.693
3765,30.679
3766,30.664
3767,30.649
3768,30.634
3769,30.621
3770,30.606
3771,30.593
3772,30.578
3773,30.566
3774,30.554
3775,30.543
3776,30.533
3777,30.523
3778,30.51
3779,30.498
3780,30.484
3781,30.472
3782,30.46
3783,30.448
3784,30.436
3785,30.423
3786,30.41
3787,30.4
3788,30.39
3789,30.379
3790,30.368
3791,30.358
3792,30.347
3793,30.337
3794,30.326
3795,30.315
3796,30.304
3797,30.295
3798,30.285
3799,30.274
3800,30.264
3801,30.253
3802,30.241
3803,30.23
3804,30.218
3805,30.205
3806,30.193
3807,30.181
3808,30.168
3809,30.155
3810,30.142
3811,30.129
3812,30.117
3813,30.106
3814,30.095
3815,30.084
3816,30.072
3817,30.06
3818,30.047
3819,30.037
3820,30.025
3821,30.013
3822,30.002
3823,29.991
3824,29.98
3825,29.972
3826,29.964
3827,29.955
3828,29.947
3829,29.938
3830,29.927
3831,29.917
3832,29.908
3833,29.901
3834,29.892
3835,29.885
3836,29.878
3837,29.872
3838,29.864
3839,29.856
3840,29.85
3841,29.843
3842,29.835
3843,29.827
3844,29.816
3845,29.805
3846,29.795
3847,29.784
3848,29.775
3849,29.766
3850,29.757
3851,29.752
3852,29.747
3853,29.741
3854,29.735
3855,29.728
3856,29.722
3857,29.714
3858,29.706
3859,29.698
3860,29.691
3861,29.684
3862,29.676
3863,29.67
3864,29.664
3865,29.657
3866,29.651
3867,29.646
3868,29.64
3869,29.634
3870,29.627
3871,29.621
3872,29.615
3873,29.609
3874,29.604
3875,29.6
3876,29.596
3877,29.591
3878,29.585
3879,29.579
3880,29.573
3881,29.569
3882,29.564
3883,29.561
3884,29.557
3885,29.552
3886,29.547
3887,29.542
3888,29.537
3889,29.533
3890,29.528
3891,29.523
3892,29.52
3893,29.515
3894,29.509
3895,29.505
3896,29.498
3897,29.491
3898,29.486
3899,29.483
3900,29.477
3901,29.472
3902,29.467
3903,29.463
3904,29.458
3905,29.456
3906,29.454
3907,29.451
3908,29.448
3909,29.445
3910,29.439
3911,29.433
3912,29.427
3913,29.422
3914,29.415
3915,29.41
3916,29.403
3917,29.397
3918,29.392
3919,29.385
3920,29.38
3921,29.374
3922,29.369
3923,29.364
3924,29.36
3925,29.356
3926,29.351
3927,29.345
3928,29.34
3929,29.335
3930,29.329
3931,29.322
3932,29.314
3933,29.307
3934,29.301
3935,29.295
3936,29.289
3937,29.284
3938,29.279
3939,29.275
3940,29.272
3941,29.27
3942,29.265
3943,29.262
3944,29.258
3945,29.252
3946,29.246
3947,29.241
3948,29.238
3949,29.235
3950,29.231
3951,29.227
3952,29.223
3953,29.219
3954,29.215
3955,29.211
3956,29.207
3957,29.201
3958,29.195
3959,29.191
3960,29.186
3961,29.182
3962,29.178
3963,29.174
3964,29.17
3965,29.166
3966,29.162
3967,29.159
3968,29.156
3969,29.154
3970,29.153
3971,29.152
3972,29.151
3973,29.15
3974,29.147
3975,29.143
3976,29.14
3977,29.136
3978,29.133
3979,29.129
3980,29.126
3981,29.123
3982,29.121
3983,29.118
3984,29.114
3985,29.108
3986,29.103
3987,29.097
3988,29.092
3989,29.088
3990,29.085
3991,29.08
3992,29.074
3993,29.068
3994,29.062
3995,29.056
3996,29.052
3997,29.05
3998,29.047
3999,29.045
4000,29.041
4001,29.038
4002,29.034
4003,29.03
4004,29.025
4005,29.02
4006,29.016
4007,29.013
4008,29.009
4009,29.004
4010,28.998
4011,28.995
4012,28.993
4013,28.99
4014,28.987
4015,28.983
4016,28.979
4017,28.976
4018,28.974
4019,28.97
4020,28.967
4021,28.963
4022,28.958
4023,28.955
4024,28.951
4025,28.946
4026,28.94
4027,28.935
4028,28.93
4029,28.926
4030,28.923
4031,28.919
4032,28.915
4033,28.911
4034,28.907
4035,28.902
4036,28.899
4037,28.895
4038,28.893
4039,28.891
4040,28.888
4041,28.884
4042,28.88
4043,28.876
4044,28.874
4045,28.871
4046,28.867
4047,28.864
4048,28.861
4049,28.856
4050,28.851
4051,28.848
4052,28.843
4053,28.839
4054,28.836
4055,28.832
4056,28.828
4057,28.824
4058,28.82
4059,28.814
4060,28.81
4061,28.806
4062,28.801
4063,28.796
4064,28.792
4065,28.789
4066,28.785
4067,28.782
4068,28.781
4069,28.78
4070,28.778
4071,28.776
4072,28.773
4073,28.77
4074,28.767
4075,28.763
4076,28.759
4077,28.756
4078,28.753
4079,28.749
4080,28.746
4081,28.742
4082,28.739
4083,28.735
4084,28.731
4085,28.729
4086,28.726
4087,28.724
4088,28.721
4089,28.719
4090,28.716
4091,28.712
4092,28.71
4093,28.707
4094,28.704
4095,28.701
4096,28.699
4097,28.699
4098,28.701
4099,28.702
4100,28.702
4101,28.704
4102,28.705
4103,28.705
4104,28.705
4105,28.706
4106,28.706
4107,28.706
4108,28.703
4109,28.701
4110,28.699
4111,28.698
4112,28.695
4113,28.693
4114,28.691
4115,28.689
4116,28.685
4117,28.682
4118,28.679
4119,28.678
4120,28.678
4121,28.678
4122,28.678
4123,28.678
4124,28.677
4125,28.674
4126,28.671
4127,28.668
4128,28.664
4129,28.659
4130,28.654
4131,28.649
4132,28.645
4133,28.641
4134,28.638
4135,28.636
4136,28.634
4137,28.635
4138,28.633
4139,28.633
4140,28.634
4141,28.633
4142,28.634
4143,28.634
4144,28.632
4145,28.631
4146,28.63
4147,28.63
4148,28.629
4149,28.63
4150,28.628
4151,28.626
4152,28.623
4153,28.621
4154,28.618
4155,28.616
4156,28.614
4157,28.613
4158,28.612
4159,28.612
4160,28.611
4161,28.611
4162,28.611
4163,28.61
4164,28.608
4165,28.605
4166,28.604
4167,28.604
4168,28.606
4169,28.607
4170,28.61
4171,28.611
4172,28.611
4173,28.61
4174,28.608
4175,28.606
4176,28.604
4177,28.601
4178,28.6
4179,28.598
4180,28.597
4181,28.596
4182,28.596
4183,28.596
4184,28.596
4185,28.595
4186,28.593
4187,28.591
4188,28.589
4189,28.587
4190,28.584
4191,28.579
4192,28.576
4193,28.576
4194,28.575
4195,28.573
4196,28.572
4197,28.571
4198,28.569
4199,28.568
4200,28.568
4201,28.567
4202,28.564
4203,28.561
4204,28.558
4205,28.555
4206,28.552
4207,28.552
4208,28.551
4209,28.549
4210,28.549
4211,28.55
4212,28.551
4213,28.553
4214,28.554
4215,28.553
4216,28.552
4217,28.551
4218,28.551
4219,28.551
4220,28.552
4221,28.553
4222,28.555
4223,28.555
4224,28.556
4225,28.555
4226,28.555
4227,28.554
4228,28.553
4229,28.552
4230,28.552
4231,28.551
4232,28.551
4233,28.552
4234,28.552
4235,28.552
4236,28.552
4237,28.552
4238,28.552
4239,28.55
4240,28.548
4241,28.546
4242,28.544
4243,28.543
4244,28.542
4245,28.54
4246,28.54
4247,28.54
4248,28.54
4249,28.539
4250,28.539
4251,28.539
4252,28.538
4253,28.539
4254,28.54
4255,28.539
4256,28.538
4257,28.537
4258,28.537
4259,28.538
4260,28.538
4261,28.537
4262,28.537
4263,28.538
4264,28.539
4265,28.54
4266,28.543
4267,28.544
4268,28.546
4269,28.545
4270,28.546
4271,28.545
4272,28.543
4273,28.543
4274,28.544
4275,28.543
4276,28.542
4277,28.541
4278,28.539
4279,28.539
4280,28.54
4281,28.539
4282,28.539
4283,28.538
4284,28.539
4285,28.539
4286,28.538
4287,28.537
4288,28.537
4289,28.536
4290,28.535
4291,28.534
4292,28.533
4293,28.533
4294,28.533
4295,28.531
4296,28.529
4297,28.527
4298,28.526
4299,28.526
4300,28.524
4301,28.522
4302,28.518
4303,28.516
4304,28.513
4305,28.511
4306,28.509
4307,28.506
4308,28.504
4309,28.502
4310,28.501
4311,28.5
4312,28.498
4313,28.498
4314,28.497
4315,28.495
4316,28.494
4317,28.493
4318,28.49
4319,28.49
4320,28.49
4321,28.491
4322,28.49
4323,28.49
4324,28.489
4325,28.489
4326,28.487
4327,28.486
4328,28.485
4329,28.484
4330,28.483
4331,28.483
4332,28.484
4333,28.486
4334,28.487
4335,28.487
4336,28.487
4337,28.487
4338,28.486
4339,28.485
4340,28.484
4341,28.484
4342,28.484
4343,28.484
4344,28.484
4345,28.484
4346,28.483
4347,28.482
4348,28.482
4349,28.482
4350,28.482
4351,28.481
4352,28.48
4353,28.481
4354,28.483
4355,28.483
4356,28.483
4357,28.483
4358,28.481
4359,28.479
4360,28.477
4361,28.475
4362,28.474
4363,28.474
4364,28.475
4365,28.476
4366,28.476
4367,28.477
4368,28.478
4369,28.477
4370,28.478
4371,28.476
4372,28.476
4373,28.476
4374,28.475
4375,28.474
4376,28.473
4377,28.471
4378,28.471
4379,28.472
4380,28.472
4381,28.472
4382,28.473
4383,28.475
4384,28.477
4385,28.479
4386,28.478
4387,28.476
4388,28.474
4389,28.474
4390,28.474
4391,28.475
4392,28.476
4393,28.478
4394,28.481
4395,28.481
4396,28.483
4397,28.484
4398,28.484
4399,28.483
4400,28.481
4401,28.48
4402,28.48
4403,28.48
4404,28.481
4405,28.483
4406,28.486
4407,28.487
4408,28.489
4409,28.49
4410,28.491
4411,28.492
4412,28.494
4413,28.495
4414,28.495
4415,28.496
4416,28.498
4417,28.497
4418,28.498
4419,28.498
4420,28.499
4421,28.499
4422,28.5
4423,28.501
4424,28.502
4425,28.503
4426,28.503
4427,28.502
4428,28.502
4429,28.503
4430,28.504
4431,28.504
4432,28.504
4433,28.505
4434,28.507
4435,28.507
4436,28.511
4437,28.513
4438,28.514
4439,28.514
4440,28.514
4441,28.514
4442,28.513
4443,28.511
4444,28.509
4445,28.509
4446,28.511
4447,28.512
4448,28.512
4449,28.512
4450,28.513
4451,28.513
4452,28.513
4453,28.513
4454,28.514
4455,28.515
4456,28.516
4457,28.518
4458,28.519
4459,28.521
4460,28.521
4461,28.522
4462,28.523
4463,28.523
4464,28.524
4465,28.524
4466,28.523
4467,28.524
4468,28.523
4469,28.525
4470,28.525
4471,28.526
4472,28.527
4473,28.527
4474,28.529
4475,28.531
4476,28.534
4477,28.537
4478,28.541
4479,28.542
4480,28.543
4481,28.542
4482,28.54
4483,28.538
4484,28.535
4485,28.532
4486,28.527
4487,28.525
4488,28.522
4489,28.52
4490,28.519
4491,28.519
4492,28.517
4493,28.516
4494,28.516
4495,28.517
4496,28.517
4497,28.518
4498,28.519
4499,28.52
4500,28.52
4501,28.52
4502,28.519
4503,28.517
4504,28.515
4505,28.513
4506,28.512
4507,28.51
4508,28.509
4509,28.509
4510,28.508
4511,28.51
4512,28.512
4513,28.512
4514,28.512
4515,28.511
4516,28.512
4517,28.513
4518,28.514
4519,28.515
4520,28.515
4521,28.514
4522,28.514
4523,28.514
4524,28.514
4525,28.515
4526,28.517
4527,28.517
4528,28.518
4529,28.518
4530,28.517
4531,28.516
4532,28.515
4533,28.515
4534,28.514
4535,28.513
4536,28.513
4537,28.512
4538,28.509
4539,28.507
4540,28.507
4541,28.507
4542,28.508
4543,28.508
4544,28.508
4545,28.508
4546,28.509
4547,28.509
4548,28.51
4549,28.51
4550,28.51
4551,28.51
4552,28.511
4553,28.511
4554,28.511
4555,28.512
4556,28.512
4557,28.51
4558,28.51
4559,28.512
4560,28.514
4561,28.516
4562,28.517
4563,28.52
4564,28.521
4565,28.52
4566,28.52
4567,28.518
4568,28.516
4569,28.515
4570,28.513
4571,28.512
4572,28.511
4573,28.509
4574,28.508
4575,28.506
4576,28.504
4577,28.506
4578,28.506
4579,28.509
4580,28.51
4581,28.511
4582,28.513
4583,28.515
4584,28.517
4585,28.517
4586,28.518
4587,28.517
4588,28.516
4589,28.516
4590,28.517
4591,28.519
4592,28.521
4593,28.522
4594,28.523
4595,28.523
4596,28.525
4597,28.525
4598,28.526
4599,28.527
4600,28.527
4601,28.529
4602,28.53
4603,28.53
4604,28.529
4605,28.53
4606,28.532
4607,28.533
4608,28.535
4609,28.538
4610,28.539
4611,28.54
4612,28.54
4613,28.542
4614,28.543
4615,28.544
4616,28.546
4617,28.549
4618,28.551
4619,28.555
4620,28.559
4621,28.564
4622,28.567
4623,28.571
4624,28.575
4625,28.578
4626,28.58
4627,28.581
4628,28.583
4629,28.584
4630,28.586
4631,28.587
4632,28.588
4633,28.589
4634,28.589
4635,28.588
4636,28.588
4637,28.588
4638,28.589
4639,28.591
4640,28.592
4641,28.593
4642,28.595
4643,28.596
4644,28.599
4645,28.601
4646,28.603
4647,28.604
4648,28.605
4649,28.606
4650,28.609
4651,28.609
4652,28.609
4653,28.609
4654,28.61
4655,28.609
4656,28.608
4657,28.607
4658,28.607
4659,28.608
4660,28.608
4661,28.608
4662,28.609
4663,28.61
4664,28.612
4665,28.612
4666,28.612
4667,28.613
4668,28.615
4669,28.617
4670,28.618
4671,28.62
4672,28.623
4673,28.625
4674,28.627
4675,28.628
4676,28.628
4677,28.627
4678,28.627
4679,28.629
4680,28.63
4681,28.631
4682,28.633
4683,28.634
4684,28.634
4685,28.635
4686,28.636
4687,28.639
4688,28.641
4689,28.642
4690,28.641
4691,28.641
4692,28.643
4693,28.643
4694,28.644
4695,28.645
4696,28.645
4697,28.645
4698,28.645
4699,28.645
4700,28.645
4701,28.644
4702,28.645
4703,28.645
4704,28.646
4705,28.648
4706,28.649
4707,28.651
4708,28.653
4709,28.654
4710,28.655
4711,28.657
4712,28.659
4713,28.66
4714,28.66
4715,28.661
4716,28.662
4717,28.663
4718,28.664
4719,28.662
4720,28.659
4721,28.657
4722,28.655
4723,28.655
4724,28.655
4725,28.656
4726,28.657
4727,28.658
4728,28.657
4729,28.657
4730,28.656
4731,28.655
4732,28.655
4733,28.654
4734,28.654
4735,28.655
4736,28.657
4737,28.66
4738,28.661
4739,28.665
4740,28.668
4741,28.673
4742,28.678
4743,28.681
4744,28.683
4745,28.686
4746,28.688
4747,28.69
4748,28.692
4749,28.693
4750,28.694
4751,28.694
4752,28.695
4753,28.696
4754,28.698
4755,28.7
4756,28.701
4757,28.703
4758,28.703
4759,28.705
4760,28.707
4761,28.708
4762,28.708
4763,28.709
4764,28.71
4765,28.711
4766,28.711
4767,28.711
4768,28.712
4769,28.713
4770,28.715
4771,28.717
4772,28.72
4773,28.722
4774,28.723
4775,28.725
4776,28.726
4777,28.726
4778,28.727
4779,28.728
4780,28.728
4781,28.728
4782,28.728
4783,28.729
4784,28.731
4785,28.732
4786,28.733
4787,28.733
4788,28.734
4789,28.734
4790,28.736
4791,28.737
4792,28.738
4793,28.739
4794,28.741
4795,28.742
4796,28.744
4797,28.747
4798,28.749
4799,28.751
4800,28.752
4801,28.751
4802,28.752
4803,28.752
4804,28.754
4805,28.757
4806,28.76
4807,28.763
4808,28.766
4809,28.769
4810,28.77
4811,28.771
4812,28.773
4813,28.774
4814,28.776
4815,28.779
4816,28.781
4817,28.783
4818,28.783
4819,28.783
4820,28.781
4821,28.781
4822,28.782
4823,28.781
4824,28.781
4825,28.78
4826,28.781
4827,28.781
4828,28.783
4829,28.783
4830,28.783
4831,28.785
4832,28.788
4833,28.79
4834,28.794
4835,28.797
4836,28.8
4837,28.803
4838,28.803
4839,28.804
4840,28.806
4841,28.807
4842,28.807
4843,28.807
4844,28.807
4845,28.807
4846,28.809
4847,28.812
4848,28.815
4849,28.82
4850,28.825
4851,28.827
4852,28.831
4853,28.833
4854,28.836
4855,28.84
4856,28.844
4857,28.849
4858,28.853
4859,28.857
4860,28.86
4861,28.862
4862,28.864
4863,28.866
4864,28.869
4865,28.872
4866,28.874
4867,28.876
4868,28.878
4869,28.88
4870,28.883
4871,28.886
4872,28.889
4873,28.891
4874,28.893
4875,28.895
4876,28.897
4877,28.9
4878,28.903
4879,28.905
4880,28.907
4881,28.909
4882,28.909
4883,28.91
4884,28.91
4885,28.911
4886,28.911
4887,28.911
4888,28.91
4889,28.91
4890,28.91
4891,28.91
4892,28.91
4893,28.911
4894,28.911
4895,28.913
4896,28.916
4897,28.917
4898,28.918
4899,28.918
4900,28.918
4901,28.919
4902,28.921
4903,28.923
4904,28.923
4905,28.924
4906,28.924
4907,28.925
4908,28.926
4909,28.927
4910,28.929
4911,28.93
4912,28.932
4913,28.933
4914,28.936
4915,28.937
4916,28.939
4917,28.942
4918,28.944
4919,28.946
4920,28.947
4921,28.947
4922,28.947
4923,28.948
4924,28.948
4925,28.949
4926,28.949
4927,28.949
4928,28.952
4929,28.955
4930,28.96
4931,28.962
4932,28.965
4933,28.966
4934,28.967
4935,28.97
4936,28.969
4937,28.967
4938,28.967
4939,28.965
4940,28.964
4941,28.963
4942,28.963
4943,28.964
4944,28.966
4945,28.968
4946,28.97
4947,28.972
4948,28.976
4949,28.979
4950,28.979
4951,28.979
4952,28.979
4953,28.978
4954,28.979
4955,28.98
4956,28.98
4957,28.982
4958,28.984
4959,28.987
4960,28.99
4961,28.993
4962,28.996
4963,28.998
4964,28.999
4965,29.002
4966,29.004
4967,29.006
4968,29.009
4969,29.011
4970,29.014
4971,29.017
4972,29.021
4973,29.023
4974,29.025
4975,29.027
4976,29.029
4977,29.03
4978,29.031
4979,29.031
4980,29.03
4981,29.031
4982,29.032
4983,29.032
4984,29.031
4985,29.03
4986,29.029
4987,29.029
4988,29.028
4989,29.028
4990,29.03
4991,29.031
4992,29.031
4993,29.031
4994,29.033
4995,29.034
4996,29.035
4997,29.035
4998,29.034
4999,29.033
5000,29.032
5001,29.032
5002,29.033
5003,29.034
5004,29.036
5005,29.037
5006,29.038
5007,29.038
5008,29.039
5009,29.04
5010,29.039
5011,29.038
5012,29.037
5013,29.037
5014,29.038
5015,29.04
5016,29.042
5017,29.044
5018,29.045
5019,29.047
5020,29.05
5021,29.052
5022,29.052
5023,29.055
5024,29.058
5025,29.062
5026,29.064
5027,29.066
5028,29.066
5029,29.066
5030,29.066
5031,29.065
5032,29.066
5033,29.066
5034,29.068
5035,29.068
5036,29.068
5037,29.067
5038,29.068
5039,29.072
5040,29.075
5041,29.078
5042,29.082
5043,29.085
5044,29.088
5045,29.091
5046,29.094
5047,29.095
5048,29.097
5049,29.1
5050,29.103
5051,29.106
5052,29.11
5053,29.113
5054,29.118
5055,29.122
5056,29.126
5057,29.128
5058,29.13
5059,29.132
5060,29.135
5061,29.136
5062,29.137
5063,29.14
5064,29.142
5065,29.143
5066,29.144
5067,29.146
5068,29.148
5069,29.148
5070,29.15
5071,29.152
5072,29.152
5073,29.153
5074,29.154
5075,29.155
5076,29.157
5077,29.16
5078,29.161
5079,29.16
5080,29.159
5081,29.159
5082,29.158
5083,29.157
5084,29.157
5085,29.156
5086,29.156
5087,29.158
5088,29.161
5089,29.164
5090,29.166
5091,29.165
5092,29.165
5093,29.166
5094,29.166
5095,29.167
5096,29.167
5097,29.167
5098,29.168
5099,29.168
5100,29.169
5101,29.17
5102,29.171
5103,29.171
5104,29.171
5105,29.169
5106,29.169
5107,29.17
5108,29.171
5109,29.173
5110,29.176
5111,29.178
5112,29.18
5113,29.181
5114,29.181
5115,29.182
5116,29.183
5117,29.184
5118,29.185
5119,29.187
5120,29.19
5121,29.191
5122,29.194
5123,29.196
5124,29.198
5125,29.198
5126,29.2
5127,29.202
5128,29.205
5129,29.209
5130,29.211
5131,29.214
5132,29.216
5133,29.216
5134,29.217
5135,29.218
5136,29.219
5137,29.222
5138,29.223
5139,29.225
5140,29.226
5141,29.227
5142,29.228
5143,29.229
5144,29.23
5145,29.231
5146,29.232
5147,29.232
5148,29.231
5149,29.231
5150,29.231
5151,29.232
5152,29.232
5153,29.233
5154,29.232
5155,29.23
5156,29.229
5157,29.228
5158,29.227
5159,29.226
5160,29.227
5161,29.228
5162,29.229
5163,29.232
5164,29.235
5165,29.238
5166,29.24
5167,29.24
5168,29.241
5169,29.244
5170,29.247
5171,29.249
5172,29.252
5173,29.254
5174,29.256
5175,29.257
5176,29.259
5177,29.262
5178,29.264
5179,29.267
5180,29.267
5181,29.27
5182,29.272
5183,29.275
5184,29.275
5185,29.278
5186,29.28
5187,29.282
5188,29.283
5189,29.286
5190,29.29
5191,29.293
5192,29.296
5193,29.3
5194,29.303
5195,29.305
5196,29.308
5197,29.308
5198,29.308
5199,29.308
5200,29.309
5201,29.309
5202,29.31
5203,29.311
5204,29.313
5205,29.316
5206,29.318
5207,29.321
5208,29.322
5209,29.322
5210,29.324
5211,29.326
5212,29.329
5213,29.33
5214,29.332
5215,29.333
5216,29.334
5217,29.334
5218,29.336
5219,29.338
5220,29.339
5221,29.339
5222,29.338
5223,29.337
5224,29.336
5225,29.335
5226,29.335
5227,29.337
5228,29.337
5229,29.337
5230,29.336
5231,29.336
5232,29.335
5233,29.335
5234,29.334
5235,29.334
5236,29.334
5237,29.335
5238,29.334
5239,29.334
5240,29.333
5241,29.334
5242,29.336
5243,29.339
5244,29.341
5245,29.344
5246,29.347
5247,29.349
5248,29.349
5249,29.349
5250,29.349
5251,29.351
5252,29.353
5253,29.356
5254,29.359
5255,29.362
5256,29.363
5257,29.364
5258,29.365
5259,29.365
5260,29.367
5261,29.369
5262,29.371
5263,29.371
5264,29.372
5265,29.373
5266,29.375
5267,29.376
5268,29.377
5269,29.38
5270,29.382
5271,29.383
5272,29.385
5273,29.387
5274,29.387
5275,29.389
5276,29.391
5277,29.392
5278,29.395
5279,29.395
5280,29.395
5281,29.397
5282,29.398
5283,29.399
5284,29.4
5285,29.4
5286,29.398
5287,29.398
5288,29.399
5289,29.398
5290,29.397
5291,29.398
5292,29.398
5293,29.399
5294,29.4
5295,29.402
5296,29.404
5297,29.406
5298,29.409
5299,29.41
5300,29.411
5301,29.411
5302,29.412
5303,29.412
5304,29.411
5305,29.409
5306,29.408
5307,29.407
5308,29.403
5309,29.4
5310,29.397
5311,29.396
5312,29.394
5313,29.393
5314,29.392
5315,29.392
5316,29.391
5317,29.389
5318,29.389
5319,29.39
5320,29.391
5321,29.393
5322,29.395
5323,29.397
5324,29.399
5325,29.4
5326,29.4
5327,29.4
5328,29.401
5329,29.403
5330,29.405
5331,29.407
5332,29.408
5333,29.409
5334,29.411
5335,29.412
5336,29.413
5337,29.414
5338,29.415
5339,29.415
5340,29.416
5341,29.416
5342,29.416
5343,29.416
5344,29.417
5345,29.418
5346,29.419
5347,29.419
5348,29.417
5349,29.416
5350,29.414
5351,29.414
5352,29.413
5353,29.411
5354,29.41
5355,29.408
5356,29.406
5357,29.405
5358,29.407
5359,29.408
5360,29.409
5361,29.408
5362,29.407
5363,29.406
5364,29.405
5365,29.405
5366,29.404
5367,29.403
5368,29.404
5369,29.405
5370,29.406
5371,29.407
5372,29.408
5373,29.407
5374,29.404
5375,29.401
5376,29.399
5377,29.398
5378,29.398
5379,29.4
5380,29.402
5381,29.404
5382,29.407
5383,29.41
5384,29.415
5385,29.419
5386,29.42
5387,29.421
5388,29.422
5389,29.422
5390,29.423
5391,29.423
5392,29.423
5393,29.423
5394,29.424
5395,29.426
5396,29.427
5397,29.426
5398,29.425
5399,29.424
5400,29.424
5401,29.424
5402,29.424
5403,29.424
5404,29.423
5405,29.424
5406,29.424
5407,29.425
5408,29.425
5409,29.425
5410,29.426
5411,29.425
5412,29.425
5413,29.425
5414,29.424
5415,29.424
5416,29.425
5417,29.426
5418,29.426
5419,29.427
5420,29.425
5421,29.425
5422,29.425
5423,29.426
5424,29.425
5425,29.426
5426,29.428
5427,29.428
5428,29.43
5429,29.43
5430,29.431
5431,29.432
5432,29.433
5433,29.435
5434,29.437
5435,29.439
5436,29.441
5437,29.443
5438,29.443
5439,29.443
5440,29.443
5441,29.442
5442,29.443
5443,29.444
5444,29.443
5445,29.441
5446,29.441
5447,29.439
5448,29.439
5449,29.439
5450,29.44
5451,29.442
5452,29.444
5453,29.445
5454,29.447
5455,29.451
5456,29.454
5457,29.455
5458,29.457
5459,29.461
5460,29.465
5461,29.468
5462,29.47
5463,29.473
5464,29.475
5465,29.476
5466,29.476
5467,29.477
5468,29.478
5469,29.48
5470,29.481
5471,29.482
5472,29.485
5473,29.488
5474,29.494
5475,29.498
5476,29.501
5477,29.501
5478,29.502
5479,29.503
5480,29.504
5481,29.505
5482,29.508
5483,29.511
5484,29.513
5485,29.516
5486,29.521
5487,29.525
5488,29.53
5489,29.535
5490,29.54
5491,29.544
5492,29.547
5493,29.55
5494,29.551
5495,29.551
5496,29.551
5497,29.551
5498,29.551
5499,29.551
5500,29.552
5501,29.553
5502,29.555
5503,29.558
5504,29.563
5505,29.569
5506,29.574
5507,29.579
5508,29.581
5509,29.583
5510,29.584
5511,29.587
5512,29.588
5513,29.589
5514,29.589
5515,29.589
5516,29.59
5517,29.591
5518,29.593
5519,29.595
5520,29.596
5521,29.6
5522,29.6
5523,29.602
5524,29.603
5525,29.604
5526,29.606
5527,29.606
5528,29.607
5529,29.608
5530,29.61
5531,29.611
5532,29.611
5533,29.613
5534,29.612
5535,29.612
5536,29.613
5537,29.612
5538,29.612
5539,29.613
5540,29.614
5541,29.615
5542,29.617
5543,29.619
5544,29.621
5545,29.623
5546,29.626
5547,29.629
5548,29.63
5549,29.631
5550,29.633
5551,29.636
5552,29.637
5553,29.64
5554,29.641
5555,29.645
5556,29.647
5557,29.649
5558,29.652
5559,29.654
5560,29.655
5561,29.657
5562,29.66
5563,29.662
5564,29.664
5565,29.666
5566,29.668
5567,29.671
5568,29.673
5569,29.675
5570,29.676
5571,29.678
5572,29.678
5573,29.679
5574,29.68
5575,29.681
5576,29.683
5577,29.685
5578,29.686
5579,29.686
5580,29.686
5581,29.684
5582,29.684
5583,29.685
5584,29.687
5585,29.688
5586,29.688
5587,29.687
5588,29.687
5589,29.686
5590,29.687
5591,29.689
5592,29.69
5593,29.691
5594,29.694
5595,29.693
5596,29.694
5597,29.694
5598,29.693
5599,29.692
5600,29.69
5601,29.689
5602,29.686
5603,29.684
5604,29.683
5605,29.681
5606,29.68
5607,29.68
5608,29.681
5609,29.681
5610,29.682
5611,29.682
5612,29.684
5613,29.685
5614,29.685
5615,29.686
5616,29.687
5617,29.687
5618,29.688
5619,29.687
5620,29.687
5621,29.687
5622,29.686
5623,29.685
5624,29.685
5625,29.684
5626,29.681
5627,29.679
5628,29.678
5629,29.678
5630,29.678
5631,29.679
5632,29.678
5633,29.678
5634,29.679
5635,29.68
5636,29.681
5637,29.681
5638,29.682
5639,29.681
5640,29.682
5641,29.681
5642,29.68
5643,29.678
5644,29.678
5645,29.675
5646,29.672
5647,29.671
5648,29.671
5649,29.671
5650,29.671
5651,29.673
5652,29.674
5653,29.675
5654,29.676
5655,29.677
5656,29.678
5657,29.681
5658,29.683
5659,29.684
5660,29.683
5661,29.682
5662,29.681
5663,29.681
5664,29.683
5665,29.683
5666,29.684
5667,29.686
5668,29.687
5669,29.69
5670,29.692
5671,29.694
5672,29.696
5673,29.697
5674,29.698
5675,29.698
5676,29.699
5677,29.701
5678,29.702
5679,29.703
5680,29.704
5681,29.706
5682,29.707
5683,29.707
5684,29.709
5685,29.711
5686,29.711
5687,29.71
5688,29.709
5689,29.709
5690,29.708
5691,29.709
5692,29.712
5693,29.713
5694,29.713
5695,29.713
5696,29.713
5697,29.714
5698,29.714
5699,29.714
5700,29.712
5701,29.711
5702,29.711
5703,29.712
5704,29.712
5705,29.712
5706,29.712
5707,29.714
5708,29.715
5709,29.715
5710,29.714
5711,29.714
5712,29.714
5713,29.715
5714,29.715
5715,29.715
5716,29.715
5717,29.717
5718,29.72
5719,29.723
5720,29.726
5721,29.73
5722,29.733
5723,29.735
5724,29.736
5725,29.736
5726,29.736
5727,29.734
5728,29.733
5729,29.732
5730,29.732
5731,29.73
5732,29.728
5733,29.727
5734,29.726
5735,29.725
5736,29.724
5737,29.723
5738,29.721
5739,29.722
5740,29.722
5741,29.723
5742,29.723
5743,29.723
5744,29.723
5745,29.725
5746,29.728
5747,29.73
5748,29.732
5749,29.732
5750,29.733
5751,29.734
5752,29.734
5753,29.735
5754,29.735
5755,29.736
5756,29.738
5757,29.741
5758,29.743
5759,29.745
5760,29.746
5761,29.748
5762,29.749
5763,29.751
5764,29.753
5765,29.753
5766,29.753
5767,29.753
5768,29.755
5769,29.756
5770,29.758
5771,29.761
5772,29.764
5773,29.768
5774,29.773
5775,29.776
5776,29.78
5777,29.785
5778,29.789
5779,29.794
5780,29.802
5781,29.808
5782,29.812
5783,29.817
5784,29.82
5785,29.823
5786,29.825
5787,29.828
5788,29.83
5789,29.832
5790,29.834
5791,29.836
5792,29.838
5793,29.839
5794,29.839
5795,29.839
5796,29.839
5797,29.839
5798,29.842
5799,29.844
5800,29.847
5801,29.849
5802,29.852
5803,29.853
5804,29.854
5805,29.854
5806,29.854
5807,29.855
5808,29.855
5809,29.856
5810,29.859
5811,29.861
5812,29.863
5813,29.862
5814,29.861
5815,29.859
5816,29.86
5817,29.859
5818,29.86
5819,29.861
5820,29.863
5821,29.866
5822,29.869
5823,29.873
5824,29.878
5825,29.882
5826,29.886
5827,29.889
5828,29.889
5829,29.89
5830,29.888
5831,29.889
5832,29.891
5833,29.894
5834,29.897
5835,29.898
5836,29.899
5837,29.9
5838,29.899
5839,29.901
5840,29.902
5841,29.904
5842,29.905
5843,29.905
5844,29.906
5845,29.907
5846,29.908
5847,29.908
5848,29.906
5849,29.906
5850,29.908
5851,29.91
5852,29.912
5853,29.913
5854,29.914
5855,29.915
5856,29.916
5857,29.918
5858,29.92
5859,29.921
5860,29.922
5861,29.923
5862,29.923
5863,29.922
5864,29.924
5865,29.925
5866,29.926
5867,29.928
5868,29.93
5869,29.931
5870,29.931
5871,29.933
5872,29.934
5873,29.934
5874,29.933
5875,29.932
5876,29.93
5877,29.928
5878,29.927
5879,29.926
5880,29.926
5881,29.926
5882,29.926
5883,29.926
5884,29.927
5885,29.928
5886,29.929
5887,29.931
5888,29.934
5889,29.936
5890,29.936
5891,29.937
5892,29.938
5893,29.939
5894,29.94
5895,29.94
5896,29.941
5897,29.939
5898,29.939
5899,29.938
5900,29.937
5901,29.937
5902,29.936
5903,29.936
5904,29.935
5905,29.932
5906,29.931
5907,29.93
5908,29.929
5909,29.928
5910,29.927
5911,29.927
5912,29.929
5913,29.93
5914,29.931
5915,29.931
5916,29.931
5917,29.934
5918,29.935
5919,29.934
5920,29.935
5921,29.938
5922,29.939
5923,29.939
5924,29.939
5925,29.94
5926,29.94
5927,29.94
5928,29.941
5929,29.942
5930,29.944
5931,29.946
5932,29.946
5933,29.946
5934,29.946
5935,29.947
5936,29.947
5937,29.949
5938,29.949
5939,29.95
5940,29.952
5941,29.957
5942,29.96
5943,29.961
5944,29.963
5945,29.967
5946,29.969
5947,29.969
5948,29.97
5949,29.968
5950,29.968
5951,29.965
5952,29.965
5953,29.964
5954,29.963
5955,29.963
5956,29.964
5957,29.964
5958,29.963
5959,29.963
5960,29.963
5961,29.963
5962,29.964
5963,29.964
5964,29.965
5965,29.965
5966,29.966
5967,29.965
5968,29.965
5969,29.964
5970,29.962
5971,29.959
5972,29.955
5973,29.952
5974,29.951
5975,29.95
5976,29.949
5977,29.949
5978,29.948
5979,29.947
5980,29.948
5981,29.949
5982,29.948
5983,29.949
5984,29.951
5985,29.952
5986,29.953
5987,29.955
5988,29.956
5989,29.956
5990,29.958
5991,29.958
5992,29.959
5993,29.961
5994,29.959
5995,29.958
5996,29.959
5997,29.963
5998,29.964
5999,29.965
6000,29.963
6001,29.962
6002,29.961
6003,29.961
6004,29.962
6005,29.962
6006,29.964
6007,29.965
6008,29.967
6009,29.97
6010,29.972
6011,29.971
6012,29.97
6013,29.969
6014,29.97
6015,29.972
6016,29.974
6017,29.975
6018,29.974
6019,29.976
6020,29.978
6021,29.981
6022,29.983
6023,29.986
6024,29.987
6025,29.987
6026,29.986
6027,29.987
6028,29.986
6029,29.986
6030,29.987
6031,29.986
6032,29.986
6033,29.987
6034,29.986
6035,29.987
6036,29.989
6037,29.991
6038,29.993
6039,29.993
6040,29.996
6041,29.997
6042,29.997
6043,29.997
6044,29.997
6045,29.996
6046,29.995
6047,29.995
6048,29.995
6049,29.995
6050,29.996
6051,29.995
6052,29.995
6053,29.996
6054,29.997
6055,29.997
6056,29.999
6057,30
6058,30.002
6059,30.003
6060,30.006
6061,30.007
6062,30.008
6063,30.01
6064,30.011
6065,30.013
6066,30.016
6067,30.016
6068,30.016
6069,30.017
6070,30.019
6071,30.018
6072,30.017
6073,30.018
6074,30.02
6075,30.022
6076,30.025
6077,30.027
6078,30.027
6079,30.025
6080,30.024
6081,30.024
6082,30.025
6083,30.026
6084,30.027
6085,30.028
6086,30.03
6087,30.032
6088,30.034
6089,30.036
6090,30.039
6091,30.04
6092,30.041
6093,30.043
6094,30.045
6095,30.046
6096,30.045
6097,30.045
6098,30.042
6099,30.041
6100,30.041
6101,30.042
6102,30.043
6103,30.042
6104,30.043
6105,30.044
6106,30.046
6107,30.049
6108,30.052
6109,30.054
6110,30.056
6111,30.058
6112,30.06
6113,30.062
6114,30.063
6115,30.066
6116,30.066
6117,30.066
6118,30.065
6119,30.065
6120,30.065
6121,30.065
6122,30.064
6123,30.064
6124,30.064
6125,30.066
6126,30.066
6127,30.066
6128,30.065
6129,30.064
6130,30.064
6131,30.064
6132,30.062
6133,30.061
6134,30.059
6135,30.06
6136,30.06
6137,30.06
6138,30.059
6139,30.06
6140,30.06
6141,30.06
6142,30.059
6143,30.058
6144,30.058
6145,30.058
6146,30.059
6147,30.059
6148,30.059
6149,30.058
6150,30.057
6151,30.056
6152,30.055
6153,30.055
6154,30.055
6155,30.054
6156,30.054
6157,30.053
6158,30.054
6159,30.055
6160,30.055
6161,30.055
6162,30.056
6163,30.056
6164,30.057
6165,30.059
6166,30.061
6167,30.063
6168,30.065
6169,30.067
6170,30.068
6171,30.068
6172,30.068
6173,30.067
6174,30.067
6175,30.067
6176,30.068
6177,30.069
6178,30.071
6179,30.072
6180,30.074
6181,30.075
6182,30.074
6183,30.074
6184,30.075
6185,30.073
6186,30.071
6187,30.068
6188,30.067
6189,30.068
6190,30.069
6191,30.072
6192,30.074
6193,30.074
6194,30.075
6195,30.079
6196,30.081
6197,30.082
6198,30.085
6199,30.086
6200,30.088
6201,30.09
6202,30.091
6203,30.09
6204,30.089
6205,30.087
6206,30.086
6207,30.085
6208,30.083
6209,30.083
6210,30.083
6211,30.083
6212,30.083
6213,30.084
6214,30.085
6215,30.085
6216,30.086
6217,30.087
6218,30.086
6219,30.085
6220,30.085
6221,30.084
6222,30.084
6223,30.082
6224,30.081
6225,30.079
6226,30.078
6227,30.08
6228,30.082
6229,30.085
6230,30.085
6231,30.086
6232,30.088
6233,30.089
6234,30.09
6235,30.089
6236,30.089
6237,30.088
6238,30.089
6239,30.089
6240,30.09
6241,30.089
6242,30.089
6243,30.089
6244,30.091
6245,30.092
6246,30.094
6247,30.094
6248,30.096
6249,30.095
6250,30.096
6251,30.098
6252,30.097
6253,30.096
6254,30.093
6255,30.091
6256,30.091
6257,30.09
6258,30.089
6259,30.087
6260,30.084
6261,30.083
6262,30.08
6263,30.078
6264,30.077
6265,30.076
6266,30.077
6267,30.079
6268,30.079
6269,30.078
6270,30.077
6271,30.076
6272,30.076
6273,30.075
6274,30.073
6275,30.073
6276,30.073
6277,30.076
6278,30.08
6279,30.083
6280,30.084
6281,30.085
6282,30.086
6283,30.087
6284,30.089
6285,30.09
6286,30.092
6287,30.093
6288,30.094
6289,30.095
6290,30.094
6291,30.094
6292,30.092
6293,30.091
6294,30.089
6295,30.088
6296,30.085
6297,30.084
6298,30.085
6299,30.085
6300,30.083
6301,30.08
6302,30.078
6303,30.078
6304,30.079
6305,30.078
6306,30.079
6307,30.079
6308,30.08
6309,30.081
6310,30.082
6311,30.082
6312,30.081
6313,30.081
6314,30.08
6315,30.081
6316,30.08
6317,30.08
6318,30.081
6319,30.083
6320,30.085
6321,30.087
6322,30.089
6323,30.089
6324,30.089
6325,30.089
6326,30.091
6327,30.091
6328,30.091
6329,30.092
6330,30.092
6331,30.093
6332,30.094
6333,30.095
6334,30.096
6335,30.097
6336,30.096
6337,30.097
6338,30.098
6339,30.099
6340,30.1
6341,30.1
6342,30.102
6343,30.104
6344,30.106
6345,30.107
6346,30.107
6347,30.106
6348,30.107
6349,30.107
6350,30.108
6351,30.109
6352,30.109
6353,30.109
6354,30.11
6355,30.111
6356,30.112
6357,30.114
6358,30.117
6359,30.118
6360,30.121
6361,30.122
6362,30.123
6363,30.123
6364,30.122
6365,30.12
6366,30.118
6367,30.116
6368,30.113
6369,30.111
6370,30.109
6371,30.108
6372,30.107
6373,30.104
6374,30.1
6375,30.097
6376,30.095
6377,30.095
6378,30.093
6379,30.094
6380,30.094
6381,30.094
6382,30.095
6383,30.097
6384,30.096
6385,30.094
6386,30.091
6387,30.087
6388,30.085
6389,30.083
6390,30.082
6391,30.08
6392,30.08
6393,30.079
6394,30.077
6395,30.076
6396,30.075
6397,30.074
6398,30.075
6399,30.074
6400,30.075
6401,30.075
6402,30.076
6403,30.076
6404,30.075
6405,30.074
6406,30.076
6407,30.076
6408,30.079
6409,30.08
6410,30.083
6411,30.086
6412,30.087
6413,30.088
6414,30.089
6415,30.09
6416,30.09
6417,30.091
6418,30.092
6419,30.092
6420,30.091
6421,30.091
6422,30.091
6423,30.091
6424,30.092
6425,30.093
6426,30.092
6427,30.091
6428,30.089
6429,30.086
6430,30.084
6431,30.083
6432,30.083
6433,30.082
6434,30.082
6435,30.081
6436,30.081
6437,30.08
6438,30.081
6439,30.081
6440,30.082
6441,30.081
6442,30.08
6443,30.08
6444,30.08
6445,30.079
6446,30.077
6447,30.075
6448,30.073
6449,30.074
6450,30.075
6451,30.074
6452,30.075
6453,30.076
6454,30.078
6455,30.08
6456,30.081
6457,30.083
6458,30.083
6459,30.084
6460,30.084
6461,30.083
6462,30.083
6463,30.082
6464,30.082
6465,30.083
6466,30.085
6467,30.087
6468,30.09
6469,30.091
6470,30.093
6471,30.095
6472,30.097
6473,30.097
6474,30.096
6475,30.095
6476,30.095
6477,30.096
6478,30.098
6479,30.099
6480,30.099
6481,30.098
6482,30.099
6483,30.1
6484,30.101
6485,30.101
6486,30.102
6487,30.103
6488,30.103
6489,30.102
6490,30.104
6491,30.104
6492,30.105
6493,30.106
6494,30.107
6495,30.109
6496,30.109
6497,30.11
6498,30.109
6499,30.109
6500,30.109
6501,30.109
6502,30.109
6503,30.109
6504,30.11
6505,30.111
6506,30.111
6507,30.112
6508,30.112
6509,30.111
6510,30.111
6511,30.111
6512,30.111
6513,30.109
6514,30.11
6515,30.11
6516,30.111
6517,30.114
6518,30.115
6519,30.115
6520,30.115
6521,30.114
6522,30.114
6523,30.112
6524,30.112
6525,30.11
6526,30.109
6527,30.108
6528,30.107
6529,30.107
6530,30.104
6531,30.103
6532,30.105
6533,30.106
6534,30.109
6535,30.109
6536,30.11
6537,30.11
6538,30.11
6539,30.109
6540,30.108
6541,30.108
6542,30.108
6543,30.108
6544,30.107
6545,30.108
6546,30.108
6547,30.107
6548,30.107
6549,30.108
6550,30.108
6551,30.109
6552,30.11
6553,30.11
6554,30.11
6555,30.111
6556,30.112
6557,30.112
6558,30.112
6559,30.114
6560,30.114
6561,30.114
6562,30.115
6563,30.116
6564,30.117
6565,30.119
6566,30.121
6567,30.121
6568,30.121
6569,30.121
6570,30.121
6571,30.12
6572,30.121
6573,30.12
6574,30.117
6575,30.115
6576,30.113
6577,30.11
6578,30.108
6579,30.108
6580,30.108
6581,30.108
6582,30.11
6583,30.112
6584,30.115
6585,30.117
6586,30.119
6587,30.122
6588,30.123
6589,30.123
6590,30.123
6591,30.123
6592,30.125
6593,30.127
6594,30.13
6595,30.131
6596,30.132
6597,30.132
6598,30.131
6599,30.129
6600,30.128
6601,30.126
6602,30.126
6603,30.126
6604,30.127
6605,30.129
6606,30.132
6607,30.134
6608,30.136
6609,30.136
6610,30.135
6611,30.135
6612,30.134
6613,30.135
6614,30.137
6615,30.136
6616,30.136
6617,30.135
6618,30.135
6619,30.134
6620,30.133
6621,30.132
6622,30.13
6623,30.128
6624,30.126
6625,30.125
6626,30.123
6627,30.123
6628,30.123
6629,30.124
6630,30.125
6631,30.128
6632,30.13
6633,30.132
6634,30.133
6635,30.134
6636,30.134
6637,30.135
6638,30.137
6639,30.138
6640,30.138
6641,30.14
6642,30.141
6643,30.141
6644,30.14
6645,30.139
6646,30.138
6647,30.136
6648,30.135
6649,30.134
6650,30.134
6651,30.137
6652,30.14
6653,30.142
6654,30.145
6655,30.146
6656,30.146
6657,30.145
6658,30.143
6659,30.141
6660,30.139
6661,30.137
6662,30.136
6663,30.135
6664,30.134
6665,30.134
6666,30.134
6667,30.135
6668,30.136
6669,30.136
6670,30.136
6671,30.135
6672,30.133
6673,30.131
6674,30.131
6675,30.131
6676,30.132
6677,30.131
6678,30.13
6679,30.131
6680,30.131
6681,30.13
6682,30.127
6683,30.126
6684,30.123
6685,30.119
6686,30.117
6687,30.115
6688,30.114
6689,30.114
6690,30.113
6691,30.112
6692,30.111
6693,30.113
6694,30.115
6695,30.115
6696,30.115
6697,30.115
6698,30.115
6699,30.114
6700,30.113
6701,30.114
6702,30.114
6703,30.114
6704,30.114
6705,30.115
6706,30.115
6707,30.115
6708,30.115
6709,30.114
6710,30.113
6711,30.113
6712,30.113
6713,30.114
6714,30.116
6715,30.116
6716,30.116
6717,30.116
6718,30.115
6719,30.114
6720,30.111
6721,30.108
6722,30.105
6723,30.103
6724,30.101
6725,30.1
6726,30.1
6727,30.1
6728,30.1
6729,30.1
6730,30.102
6731,30.104
6732,30.104
6733,30.106
6734,30.106
6735,30.106
6736,30.108
6737,30.11
6738,30.112
6739,30.113
6740,30.114
6741,30.115
6742,30.117
6743,30.119
6744,30.12
6745,30.12
6746,30.119
6747,30.119
6748,30.118
6749,30.117
6750,30.118
6751,30.119
6752,30.121
6753,30.124
6754,30.127
6755,30.129
6756,30.132
6757,30.133
6758,30.133
6759,30.132
6760,30.132
6761,30.13
6762,30.128
6763,30.127
6764,30.126
6765,30.122
6766,30.12
6767,30.119
6768,30.118
6769,30.118
6770,30.118
6771,30.119
6772,30.119
6773,30.119
6774,30.119
6775,30.119
6776,30.119
6777,30.119
6778,30.118
6779,30.118
6780,30.117
6781,30.116
6782,30.117
6783,30.118
6784,30.118
6785,30.119
6786,30.12
6787,30.12
6788,30.12
6789,30.119
6790,30.119
6791,30.121
6792,30.122
6793,30.124
6794,30.125
6795,30.127
6796,30.128
6797,30.129
6798,30.13
6799,30.132
6800,30.132
6801,30.135
6802,30.139
6803,30.144
6804,30.147
6805,30.15
6806,30.152
6807,30.153
6808,30.153
6809,30.155
6810,30.157
6811,30.16
6812,30.161
6813,30.162
6814,30.161
6815,30.161
6816,30.161
6817,30.16
6818,30.159
6819,30.159
6820,30.158
6821,30.157
6822,30.157
6823,30.157
6824,30.157
6825,30.154
6826,30.153
6827,30.151
6828,30.149
6829,30.146
6830,30.144
6831,30.141
6832,30.138
6833,30.138
6834,30.138
6835,30.138
6836,30.139
6837,30.14
6838,30.139
6839,30.141
6840,30.142
6841,30.142
6842,30.142
6843,30.142
6844,30.144
6845,30.145
6846,30.146
6847,30.148
6848,30.15
6849,30.151
6850,30.153
6851,30.155
6852,30.158
6853,30.16
6854,30.161
6855,30.162
6856,30.163
6857,30.165
6858,30.167
6859,30.169
6860,30.17
6861,30.172
6862,30.173
6863,30.174
6864,30.175
6865,30.176
6866,30.176
6867,30.177
6868,30.179
6869,30.182
6870,30.184
6871,30.185
6872,30.187
6873,30.188
6874,30.19
6875,30.191
6876,30.191
6877,30.19
6878,30.189
6879,30.188
6880,30.189
6881,30.189
6882,30.188
6883,30.188
6884,30.189
6885,30.187
6886,30.187
6887,30.185
6888,30.184
6889,30.183
6890,30.182
6891,30.181
6892,30.181
6893,30.181
6894,30.183
6895,30.184
6896,30.186
6897,30.187
6898,30.187
6899,30.186
6900,30.186
6901,30.185
6902,30.185
6903,30.185
6904,30.184
6905,30.184
6906,30.185
6907,30.187
6908,30.188
6909,30.189
6910,30.191
6911,30.19
6912,30.191
6913,30.193
6914,30.194
6915,30.194
6916,30.193
6917,30.192
6918,30.191
6919,30.19
6920,30.191
6921,30.191
6922,30.193
6923,30.192
6924,30.192
6925,30.191
6926,30.189
6927,30.188
6928,30.186
6929,30.185
6930,30.183
6931,30.183
6932,30.182
6933,30.182
6934,30.181
6935,30.18
6936,30.179
6937,30.18
6938,30.18
6939,30.181
6940,30.182
6941,30.183
6942,30.183
6943,30.181
6944,30.18
6945,30.178
6946,30.177
6947,30.178
6948,30.178
6949,30.177
6950,30.176
6951,30.176
6952,30.177
6953,30.176
6954,30.173
6955,30.173
6956,30.172
6957,30.172
6958,30.17
6959,30.168
6960,30.167
6961,30.166
6962,30.164
6963,30.164
6964,30.163
6965,30.161
6966,30.161
6967,30.163
6968,30.162
6969,30.163
6970,30.163
6971,30.164
6972,30.165
6973,30.167
6974,30.167
6975,30.169
6976,30.171
6977,30.174
6978,30.174
6979,30.174
6980,30.172
6981,30.171
6982,30.17
6983,30.17
6984,30.17
6985,30.17
6986,30.171
6987,30.171
6988,30.171
6989,30.172
6990,30.173
6991,30.174
6992,30.176
6993,30.176
6994,30.176
6995,30.175
6996,30.173
6997,30.172
6998,30.171
6999,30.169
7000,30.17
7001,30.17
7002,30.17
7003,30.17
7004,30.169
7005,30.169
7006,30.169
7007,30.167
7008,30.166
7009,30.164
7010,30.162
7011,30.16
7012,30.16
7013,30.16
7014,30.16
7015,30.16
7016,30.16
7017,30.159
7018,30.158
7019,30.156
7020,30.155
7021,30.155
7022,30.155
7023,30.156
7024,30.159
7025,30.16
7026,30.161
7027,30.162
7028,30.161
7029,30.16
7030,30.161
7031,30.161
7032,30.163
7033,30.162
7034,30.161
7035,30.161
7036,30.159
7037,30.159
7038,30.158
7039,30.157
7040,30.157
7041,30.159
7042,30.16
7043,30.162
7044,30.164
7045,30.166
7046,30.167
7047,30.169
7048,30.169
7049,30.168
7050,30.168
7051,30.169
7052,30.169
7053,30.168
7054,30.168
7055,30.166
7056,30.165
7057,30.166
7058,30.165
7059,30.164
7060,30.162
7061,30.161
7062,30.162
7063,30.162
7064,30.162
7065,30.16
7066,30.161
7067,30.162
7068,30.163
7069,30.163
7070,30.163
7071,30.164
7072,30.167
7073,30.166
7074,30.164
7075,30.163
7076,30.164
7077,30.164
7078,30.164
7079,30.164
7080,30.163
7081,30.163
7082,30.163
7083,30.163
7084,30.161
7085,30.162
7086,30.162
7087,30.162
7088,30.163
7089,30.166
7090,30.167
7091,30.167
7092,30.169
7093,30.17
7094,30.171
7095,30.172
7096,30.175
7097,30.177
7098,30.179
7099,30.18
7100,30.182
7101,30.185
7102,30.188
7103,30.189
7104,30.19
7105,30.191
7106,30.193
7107,30.193
7108,30.193
7109,30.192
7110,30.192
7111,30.191
7112,30.191
7113,30.192
7114,30.193
7115,30.194
7116,30.196
7117,30.198
7118,30.199
7119,30.201
7120,30.201
7121,30.202
7122,30.203
7123,30.203
7124,30.203
7125,30.204
7126,30.205
7127,30.205
7128,30.204
7129,30.204
7130,30.205
7131,30.206
7132,30.205
7133,30.202
7134,30.2
7135,30.197
7136,30.196
7137,30.194
7138,30.193
7139,30.191
7140,30.189
7141,30.187
7142,30.185
7143,30.186
7144,30.187
7145,30.188
7146,30.19
7147,30.189
7148,30.188
7149,30.187
7150,30.186
7151,30.187
7152,30.186
7153,30.187
7154,30.188
7155,30.188
7156,30.188
7157,30.187
7158,30.185
7159,30.183
7160,30.183
7161,30.182
7162,30.183
7163,30.183
7164,30.184
7165,30.185
7166,30.185
7167,30.186
7168,30.186
7169,30.186
7170,30.184
7171,30.183
7172,30.181
7173,30.18
7174,30.178
7175,30.179
7176,30.179
7177,30.179
7178,30.18
7179,30.181
7180,30.182
7181,30.184
7182,30.186
7183,30.186
7184,30.185
7185,30.184
7186,30.183
7187,30.182
7188,30.182
7189,30.181
7190,30.183
7191,30.183
7192,30.183
7193,30.184
7194,30.184
7195,30.183
7196,30.184
7197,30.186
7198,30.188
7199,30.19
7200,30.191
7201,30.191
7202,30.191
7203,30.19
7204,30.191
7205,30.193
7206,30.193
7207,30.194
7208,30.195
7209,30.197
7210,30.199
7211,30.2
7212,30.2
7213,30.2
7214,30.199
7215,30.199
7216,30.198
7217,30.197
7218,30.196
7219,30.196
7220,30.196
7221,30.196
7222,30.196
7223,30.196
7224,30.195
7225,30.194
7226,30.195
7227,30.194
7228,30.192
7229,30.19
7230,30.188
7231,30.187
7232,30.185
7233,30.185
7234,30.185
7235,30.183
7236,30.182
7237,30.182
7238,30.182
7239,30.182
7240,30.183
7241,30.183
7242,30.185
7243,30.187
7244,30.189
7245,30.191
7246,30.193
7247,30.196
7248,30.198
7249,30.201
7250,30.202
7251,30.203
7252,30.205
7253,30.205
7254,30.205
7255,30.205
7256,30.205
7257,30.204
7258,30.205
7259,30.206
7260,30.209
7261,30.212
7262,30.215
7263,30.216
7264,30.218
7265,30.219
7266,30.218
7267,30.215
7268,30.215
7269,30.213
7270,30.211
7271,30.209
7272,30.208
7273,30.208
7274,30.21
7275,30.213
7276,30.215
7277,30.216
7278,30.219
7279,30.221
7280,30.224
7281,30.224
7282,30.224
7283,30.222
7284,30.219
7285,30.218
7286,30.218
7287,30.217
7288,30.217
7289,30.218
7290,30.219
7291,30.22
7292,30.222
7293,30.226
7294,30.229
7295,30.23
7296,30.231
7297,30.23
7298,30.229
7299,30.23
7300,30.23
7301,30.233
7302,30.234
7303,30.236
7304,30.238
7305,30.239
7306,30.242
7307,30.244
7308,30.248
7309,30.252
7310,30.254
7311,30.254
7312,30.254
7313,30.254
7314,30.255
7315,30.256
7316,30.258
7317,30.257
7318,30.258
7319,30.258
7320,30.256
7321,30.253
7322,30.25
7323,30.248
7324,30.245
7325,30.244
7326,30.241
7327,30.241
7328,30.24
7329,30.239
7330,30.238
7331,30.238
7332,30.238
7333,30.238
7334,30.238
7335,30.239
7336,30.241
7337,30.243
7338,30.245
7339,30.246
7340,30.247
7341,30.249
7342,30.249
7343,30.249
7344,30.249
7345,30.248
7346,30.247
7347,30.246
7348,30.245
7349,30.247
7350,30.249
7351,30.251
7352,30.253
7353,30.256
7354,30.257
7355,30.258
7356,30.257
7357,30.255
7358,30.254
7359,30.254
7360,30.252
7361,30.25
7362,30.247
7363,30.244
7364,30.241
7365,30.239
7366,30.236
7367,30.233
7368,30.233
7369,30.232
7370,30.229
7371,30.229
7372,30.227
7373,30.226
7374,30.224
7375,30.223
7376,30.222
7377,30.221
7378,30.222
7379,30.224
7380,30.225
7381,30.226
7382,30.229
7383,30.233
7384,30.235
7385,30.239
7386,30.242
7387,30.243
7388,30.245
7389,30.246
7390,30.249
7391,30.248
7392,30.247
7393,30.246
7394,30.244
7395,30.243
7396,30.243
7397,30.242
7398,30.24
7399,30.239
7400,30.242
7401,30.243
7402,30.244
7403,30.245
7404,30.244
7405,30.244
7406,30.245
7407,30.247
7408,30.246
7409,30.246
7410,30.247
7411,30.247
7412,30.247
7413,30.245
7414,30.244
7415,30.242
7416,30.239
7417,30.238
7418,30.24
7419,30.241
7420,30.242
7421,30.242
7422,30.244
7423,30.248
7424,30.251
7425,30.253
7426,30.254
7427,30.254
7428,30.256
7429,30.258
7430,30.259
7431,30.259
7432,30.259
7433,30.26
7434,30.26
7435,30.259
7436,30.258
7437,30.259
7438,30.259
7439,30.261
7440,30.262
7441,30.263
7442,30.264
7443,30.266
7444,30.267
7445,30.268
7446,30.269
7447,30.27
7448,30.271
7449,30.272
7450,30.273
7451,30.273
7452,30.274
7453,30.274
7454,30.273
7455,30.274
7456,30.273
7457,30.273
7458,30.273
7459,30.274
7460,30.274
7461,30.276
7462,30.277
7463,30.277
7464,30.277
7465,30.276
7466,30.274
7467,30.273
7468,30.271
7469,30.271
7470,30.272
7471,30.274
7472,30.275
7473,30.277
7474,30.279
7475,30.281
7476,30.281
7477,30.281
7478,30.28
7479,30.278
7480,30.276
7481,30.274
7482,30.273
7483,30.271
7484,30.269
7485,30.267
7486,30.266
7487,30.264
7488,30.264
7489,30.266
7490,30.268
7491,30.268
7492,30.268
7493,30.267
7494,30.266
7495,30.265
7496,30.265
7497,30.265
7498,30.265
7499,30.266
7500,30.268
7501,30.268
7502,30.268
7503,30.266
7504,30.266
7505,30.265
7506,30.264
7507,30.265
7508,30.266
7509,30.268
7510,30.269
7511,30.271
7512,30.273
7513,30.275
7514,30.276
7515,30.277
7516,30.277
7517,30.278
7518,30.279
7519,30.279
7520,30.28
7521,30.279
7522,30.279
7523,30.278
7524,30.275
7525,30.274
7526,30.274
7527,30.275
7528,30.274
7529,30.273
7530,30.273
7531,30.273
7532,30.274
7533,30.276
7534,30.278
7535,30.28
7536,30.283
7537,30.284
7538,30.284
7539,30.284
7540,30.286
7541,30.288
7542,30.287
7543,30.287
7544,30.285
7545,30.284
7546,30.282
7547,30.281
7548,30.281
7549,30.282
7550,30.282
7551,30.283
7552,30.284
7553,30.283
7554,30.284
7555,30.284
7556,30.285
7557,30.287
7558,30.289
7559,30.29
7560,30.291
7561,30.291
7562,30.293
7563,30.295
7564,30.297
7565,30.298
7566,30.301
7567,30.303
7568,30.305
7569,30.307
7570,30.309
7571,30.311
7572,30.312
7573,30.314
7574,30.315
7575,30.314
7576,30.312
7577,30.309
7578,30.305
7579,30.302
7580,30.301
7581,30.302
7582,30.303
7583,30.304
7584,30.304
7585,30.303
7586,30.302
7587,30.302
7588,30.303
7589,30.305
7590,30.306
7591,30.306
7592,30.306
7593,30.308
7594,30.307
7595,30.306
7596,30.304
7597,30.302
7598,30.301
7599,30.3
7600,30.296
7601,30.292
7602,30.289
7603,30.286
7604,30.281
7605,30.28
7606,30.279
7607,30.278
7608,30.278
7609,30.279
7610,30.28
7611,30.281
7612,30.283
7613,30.283
7614,30.283
7615,30.284
7616,30.284
7617,30.286
7618,30.285
7619,30.287
7620,30.287
7621,30.287
7622,30.288
7623,30.287
7624,30.286
7625,30.286
7626,30.289
7627,30.292
7628,30.297
7629,30.3
7630,30.303
7631,30.305
7632,30.306
7633,30.307
7634,30.306
7635,30.304
7636,30.303
7637,30.303
7638,30.304
7639,30.304
7640,30.305
7641,30.304
7642,30.303
7643,30.303
7644,30.303
7645,30.303
7646,30.304
7647,30.304
7648,30.302
7649,30.302
7650,30.303
7651,30.303
7652,30.303
7653,30.301
7654,30.301
7655,30.301
7656,30.301
7657,30.302
7658,30.303
7659,30.302
7660,30.301
7661,30.301
7662,30.302
7663,30.302
7664,30.301
7665,30.299
7666,30.298
7667,30.297
7668,30.294
7669,30.291
7670,30.291
7671,30.288
7672,30.286
7673,30.284
7674,30.282
7675,30.28
7676,30.277
7677,30.275
7678,30.273
7679,30.273
7680,30.273
7681,30.274
7682,30.276
7683,30.279
7684,30.28
7685,30.283
7686,30.284
7687,30.286
7688,30.285
7689,30.286
7690,30.285
7691,30.283
7692,30.282
7693,30.279
7694,30.278
7695,30.275
7696,30.273
7697,30.271
7698,30.271
7699,30.273
7700,30.273
7701,30.273
7702,30.276
7703,30.278
7704,30.277
7705,30.276
7706,30.275
7707,30.275
7708,30.275
7709,30.275
7710,30.274
7711,30.274
7712,30.274
7713,30.275
7714,30.275
7715,30.275
7716,30.276
7717,30.275
7718,30.275
7719,30.274
7720,30.275
7721,30.278
7722,30.279
7723,30.279
7724,30.279
7725,30.279
7726,30.28
7727,30.281
7728,30.283
7729,30.285
7730,30.287
7731,30.29
7732,30.292
7733,30.294
7734,30.294
7735,30.293
7736,30.294
7737,30.294
7738,30.295
7739,30.296
7740,30.299
7741,30.301
7742,30.304
7743,30.304
7744,30.306
7745,30.307
7746,30.31
7747,30.313
7748,30.314
7749,30.315
7750,30.313
7751,30.311
7752,30.309
7753,30.307
7754,30.306
7755,30.304
7756,30.303
7757,30.303
7758,30.304
7759,30.305
7760,30.306
7761,30.308
7762,30.308
7763,30.309
7764,30.31
7765,30.311
7766,30.313
7767,30.313
7768,30.314
7769,30.315
7770,30.316
7771,30.316
7772,30.316
7773,30.316
7774,30.317
7775,30.318
7776,30.32
7777,30.32
7778,30.32
7779,30.32
7780,30.321
7781,30.322
7782,30.321
7783,30.32
7784,30.32
7785,30.32
7786,30.319
7787,30.316
7788,30.314
7789,30.313
7790,30.312
7791,30.312
7792,30.312
7793,30.311
7794,30.311
7795,30.313
7796,30.314
7797,30.316
7798,30.317
7799,30.317
7800,30.316
7801,30.317
7802,30.317
7803,30.319
7804,30.32
7805,30.322
7806,30.324
7807,30.325
7808,30.325
7809,30.323
7810,30.321
7811,30.318
7812,30.315
7813,30.314
7814,30.315
7815,30.315
7816,30.316
7817,30.316
7818,30.317
7819,30.319
7820,30.32
7821,30.319
7822,30.319
7823,30.319
7824,30.318
7825,30.319
7826,30.319
7827,30.318
7828,30.318
7829,30.319
7830,30.318
7831,30.317
7832,30.318
7833,30.319
7834,30.319
7835,30.318
7836,30.317
7837,30.317
7838,30.318
7839,30.32
7840,30.322
7841,30.322
7842,30.322
7843,30.324
7844,30.325
7845,30.326
7846,30.328
7847,30.33
7848,30.33
7849,30.331
7850,30.333
7851,30.334
7852,30.336
7853,30.338
7854,30.342
7855,30.344
7856,30.346
7857,30.347
7858,30.35
7859,30.351
7860,30.353
7861,30.354
7862,30.356
7863,30.355
7864,30.355
7865,30.354
7866,30.35
7867,30.347
7868,30.345
7869,30.343
7870,30.34
7871,30.336
7872,30.334
7873,30.332
7874,30.33
7875,30.329
7876,30.329
7877,30.329
7878,30.329
7879,30.329
7880,30.329
7881,30.327
7882,30.324
7883,30.322
7884,30.321
7885,30.32
7886,30.319
7887,30.319
7888,30.318
7889,30.319
7890,30.319
7891,30.321
7892,30.323
7893,30.324
7894,30.326
7895,30.328
7896,30.331
7897,30.33
7898,30.33
7899,30.329
7900,30.327
7901,30.325
7902,30.325
7903,30.326
7904,30.325
7905,30.325
7906,30.325
7907,30.326
7908,30.325
7909,30.325
7910,30.323
7911,30.321
7912,30.318
7913,30.317
7914,30.315
7915,30.313
7916,30.312
7917,30.31
7918,30.308
7919,30.307
7920,30.308
7921,30.308
7922,30.308
7923,30.307
7924,30.306
7925,30.306
7926,30.307
7927,30.307
7928,30.307
7929,30.307
7930,30.307
7931,30.308
7932,30.31
7933,30.312
7934,30.311
7935,30.31
7936,30.311
7937,30.311
7938,30.31
7939,30.311
7940,30.312
7941,30.312
7942,30.311
7943,30.311
7944,30.309
7945,30.308
7946,30.307
7947,30.305
7948,30.302
7949,30.302
7950,30.301
7951,30.302
7952,30.302
7953,30.301
7954,30.299
7955,30.299
7956,30.299
7957,30.298
7958,30.297
7959,30.297
7960,30.296
7961,30.295
7962,30.295
7963,30.295
7964,30.295
7965,30.296
7966,30.297
7967,30.298
7968,30.299
7969,30.299
7970,30.3
7971,30.302
7972,30.305
7973,30.309
7974,30.313
7975,30.317
7976,30.32
7977,30.324
7978,30.328
7979,30.331
7980,30.333
7981,30.336
7982,30.338
7983,30.337
7984,30.335
7985,30.334
7986,30.334
7987,30.333
7988,30.333
7989,30.334
7990,30.336
7991,30.337
7992,30.337
7993,30.337
7994,30.338
7995,30.341
7996,30.342
7997,30.342
7998,30.342
7999,30.34
8000,30.341
