timestamp,mouse_x
1,0
2,0
3,0
4,0
5,0
6,0
7,0
8,0
9,0
10,0
11,0
12,0
13,0
14,0
15,0
16,0
17,0
18,0
19,0
20,0
21,0
22,0
23,0
24,0
25,0
26,0
27,0
28,0
29,0
30,0
31,0
32,0
33,0
34,0
35,0
36,0
37,0
38,0
39,0
40,0
41,0
42,0
43,0
44,0
45,0
46,0
47,0
48,0
49,0
50,0
51,0
52,0
53,0
54,0
55,0
56,0
57,0
58,0
59,0
60,0
61,0
62,0
63,0
64,0
65,0
66,0
67,0
68,0
69,0
70,0
71,0
72,0
73,0
74,0
75,0
76,0
77,0
78,0
79,0
80,0
81,0
82,0
83,0
84,0
85,0
86,0
87,0
88,0
89,0
90,0
91,0
92,0
93,0
94,0
95,0
96,0
97,0
98,0
99,0
100,0
101,0
102,0
103,0
104,0
105,0
106,0
107,0
108,0
109,0
110,0
111,0
112,0
113,0
114,0
115,0
116,0
117,0
118,0
119,0
120,0
121,0
122,0
123,0
124,0
125,0
126,0
127,0
128,0
129,0
130,0
131,0
132,0
133,0
134,0
135,0
136,0
137,0
138,0
139,0
140,0
141,0
142,0
143,0
144,0
145,0
146,0
147,0
148,0
149,0
150,0
151,0
152,0
153,0
154,0
155,0
156,0
157,0
158,0
159,0
160,0
161,0
162,0
163,0
164,0
165,0
166,0
167,0
168,0
169,0
170,0
171,0
172,0
173,0
174,0
175,0
176,0
177,0
178,0
179,0
180,0
181,0
182,0
183,0
184,0
185,0
186,0
187,0
188,0
189,0
190,0
191,0
192,0
193,0
194,0
195,0
196,0
197,0
198,0
199,0
200,0
201,0
202,0
203,0
204,0
205,0
206,0
207,0
208,0
209,0
210,0
211,0
212,0
213,0
214,0
215,0
216,0
217,0
218,0
219,0
220,0
221,0
222,0
223,0
224,0
225,0
226,0
227,0
228,0
229,0
230,0
231,0
232,0
233,0
234,0
235,0
236,0
237,0
238,0
239,0
240,0
241,0
242,0
243,0
244,0
245,0
246,0
247,0
248,0
249,0
250,0
251,0
252,0
253,0
254,0
255,0
256,0
257,0
258,0
259,0
260,0
261,0
262,0
263,0
264,0
265,0
266,0
267,0
268,0
269,0
270,0
271,0
272,0
273,0
274,0
275,0
276,0
277,0
278,0
279,0
280,0
281,0
282,0
283,0
284,0
285,0
286,0
287,0
288,0
289,0
290,0
291,0
292,0
293,0
294,0
295,0
296,0
297,0
298,0
299,0
300,0
301,0
302,0
303,0
304,0
305,0
306,0
307,0
308,0
309,0
310,0
311,0
312,0
313,0
314,0
315,0
316,0
317,0
318,0
319,0
320,0
321,0
322,0
323,0
324,0
325,0
326,0
327,0
328,0
329,0
330,0
331,0
332,0
333,0
334,0
335,0
336,0
337,0
338,0
339,0
340,0
341,0
342,0
343,0
344,0
345,0
346,0
347,0
348,0
349,0
350,0
351,0
352,0
353,0
354,0
355,0
356,0
357,0
358,0
359,0
360,0
361,0
362,0
363,0
364,0
365,0
366,0
367,0
368,0
369,0
370,0
371,0
372,0
373,0
374,0
375,0
376,0
377,0
378,0
379,0
380,0
381,0
382,0
383,0
384,0
385,0
386,0
387,0
388,0
389,0
390,0
391,0
392,0
393,0
394,0
395,0
396,0
397,0
398,0
399,0
400,0
401,0
402,0
403,0
404,0
405,0
406,0
407,0
408,0
409,0
410,0
411,0
412,0
413,0
414,0
415,0
416,0
417,0
418,0
419,0
420,0
421,0
422,0
423,0
424,0
425,0
426,0
427,0
428,0
429,0
430,0
431,0
432,0
433,0
434,0
435,0
436,0
437,0
438,0
439,0
440,0
441,0
442,0
443,0
444,0
445,0
446,0
447,0
448,0
449,0
450,0
451,0
452,0
453,0
454,0
455,0
456,0
457,0
458,0
459,0
460,0
461,0
462,0
463,0
464,0
465,0
466,0
467,0
468,0
469,0
470,0
471,0
472,0
473,0
474,0
475,0
476,0
477,0
478,0
479,0
480,0
481,0
482,0
483,0
484,0
485,0
486,0
487,0
488,0
489,0
490,0
491,0
492,0
493,0
494,0
495,0
496,0
497,0
498,0
499,0
500,0
501,0
502,0
503,0
504,0
505,0
506,0
507,0
508,0
509,0
510,0
511,0
512,0
513,0
514,0
515,0
516,0
517,0
518,0
519,0
520,0
521,0
522,0
523,0
524,0
525,0
526,0
527,0
528,0
529,0
530,0
531,0
532,0
533,0
534,0
535,0
536,0
537,0
538,0
539,0
540,0
541,0
542,0
543,0
544,0
545,0
546,0
547,0
548,0
549,0
550,0
551,0
552,0
553,0
554,0
555,0
556,0
557,0
558,0
559,0
560,0
561,0
562,0
563,0
564,0
565,0
566,0
567,0
568,0
569,0
570,0
571,0
572,0
573,0
574,0
575,0
576,0
577,0
578,0
579,0
580,0
581,0
582,0
583,0
584,0
585,0
586,0
587,0
588,0
589,0
590,0
591,0
592,0
593,0
594,0
595,0
596,0
597,0
598,0
599,0
600,0
601,0
602,0
603,0
604,0
605,0
606,0
607,0
608,0
609,0
610,0
611,0
612,0
613,0
614,0
615,0
616,0
617,0
618,0
619,0
620,0
621,0
622,0
623,0
624,0
625,0
626,0
627,0
628,0
629,0
630,0
631,0
632,0
633,0
634,0
635,0
636,0
637,0
638,0
639,0
640,0
641,0
642,0
643,0
644,0
645,0
646,0
647,0
648,0
649,0
650,0
651,0
652,0
653,0
654,0
655,0
656,0
657,0
658,0
659,0
660,0
661,0
662,0
663,0
664,0
665,0
666,0
667,0
668,0
669,0
670,0
671,0
672,0
673,0
674,0
675,0
676,0
677,0
678,0
679,0
680,0
681,0
682,0
683,0
684,0
685,0
686,0
687,0
688,0
689,0
690,0
691,0
692,0
693,0
694,0
695,0
696,0
697,0
698,0
699,0
700,0
701,0
702,0
703,0
704,0
705,0
706,0
707,0
708,0
709,0
710,0
711,0
712,0
713,0
714,0
715,0
716,0
717,0
718,0
719,0
720,0
721,0
722,0
723,0
724,0
725,0
726,0
727,0
728,0
729,0
730,0
731,0
732,0
733,0
734,0
735,0
736,0
737,0
738,0
739,0
740,0
741,0
742,0
743,0
744,0
745,0
746,0
747,0
748,0
749,0
750,0
751,0
752,0
753,0
754,0
755,0
756,0
757,0
758,0
759,0
760,0
761,0
762,0
763,0
764,0
765,0
766,0
767,0
768,0
769,0
770,0
771,0
772,0
773,0
774,0
775,0
776,0
777,0
778,0
779,0
780,0
781,0
782,0
783,0
784,0
785,0
786,0
787,0
788,0
789,0
790,0
791,0
792,0
793,0
794,0
795,0
796,0
797,0
798,0
799,0
800,0
801,0
802,0
803,0
804,0
805,0
806,0
807,0
808,0
809,0
810,0
811,0
812,0
813,0
814,0
815,0
816,0
817,0
818,0
819,0
820,0
821,0
822,0
823,0
824,0
825,0
826,0
827,0
828,0
829,0
830,0
831,0
832,0
833,0
834,0
835,0
836,0
837,0
838,0
839,0
840,0
841,0
842,0
843,0
844,0
845,0
846,0
847,0
848,0
849,0
850,0
851,0
852,0
853,0
854,0
855,0
856,0
857,0
858,0
859,0
860,0
861,0
862,0
863,0
864,0
865,0
866,0
867,0
868,0
869,0
870,0
871,0
872,0
873,0
874,0
875,0
876,0
877,0
878,0
879,0
880,0
881,0
882,0
883,0
884,0
885,0
886,0
887,0
888,0
889,0
890,0
891,0
892,0
893,0
894,0
895,0
896,0
897,0
898,0
899,0
900,0
901,0
902,0
903,0
904,0
905,0
906,0
907,0
908,0
909,0
910,0
911,0
912,0
913,0
914,0
915,0
916,0
917,0
918,0
919,0
920,0
921,0
922,0
923,0
924,0
925,0
926,0
927,0
928,0
929,0
930,0
931,0
932,0
933,0
934,0
935,0
936,0
937,0
938,0
939,0
940,0
941,0
942,0
943,0
944,0
945,23.18
946,40.153
947,56.597
948,74.654
949,93.263
950,112.42
951,125.58
952,138.02
953,147.71
954,158.14
955,169.47
956,185.63
957,202.36
958,220.85
959,234.85
960,248.32
961,260.67
962,270.04
963,275.71
964,282.91
965,292.28
966,302.98
967,311.43
968,318.51
969,327.51
970,339.72
971,351.46
972,359.8
973,370.17
974,379.51
975,389.31
976,399.23
977,406.52
978,414.2
979,419.11
980,424.04
981,423.32
982,424.66
983,428.49
984,429.04
985,427.38
986,428.09
987,429.42
988,434.6
989,445.65
990,456.89
991,464.81
992,473.62
993,483.83
994,492.21
995,498.27
996,502.34
997,502.99
998,506.97
999,516.04
1000,524.87
1001,533.02
1002,539.95
1003,546.06
1004,554.74
1005,562.57
1006,568.84
1007,575.68
1008,582.04
1009,589.95
1010,599.54
1011,607.12
1012,611.65
1013,617.08
1014,622.18
1015,624.17
1016,627.97
1017,631.31
1018,635.29
1019,638.64
1020,641.09
1021,649.19
1022,657.92
1023,663.77
1024,674.15
1025,685.18
1026,690.57
1027,693.11
1028,695.27
1029,697.15
1030,700.93
1031,706.19
1032,710.01
1033,715.22
1034,719.51
1035,721.62
1036,723.09
1037,730.02
1038,734.6
1039,741.09
1040,743.41
1041,748.92
1042,757.91
1043,758.94
1044,758.73
1045,758.98
1046,759.66
1047,761.19
1048,760.18
1049,762.52
1050,764.45
1051,772.21
1052,780.23
1053,784.95
1054,787.35
1055,793.17
1056,799.19
1057,806.86
1058,809.11
1059,812.56
1060,818.8
1061,828.24
1062,832.34
1063,831.89
1064,834.41
1065,836.54
1066,838.13
1067,841.9
1068,845.5
1069,849.23
1070,852.7
1071,857.86
1072,863.16
1073,866.36
1074,864.52
1075,861.2
1076,859.3
1077,861.88
1078,864.8
1079,866.11
1080,865.8
1081,866.8
1082,869.01
1083,869.31
1084,869.43
1085,871.16
1086,873.51
1087,874.57
1088,872.81
1089,875.42
1090,880.85
1091,884.51
1092,890.85
1093,900.63
1094,913.31
1095,922.69
1096,931.07
1097,933.85
1098,933.45
1099,935.29
1100,936.39
1101,933.37
1102,927.65
1103,922.36
1104,916.35
1105,911.97
1106,908.65
1107,907.65
1108,909.63
1109,912.74
1110,916.29
1111,921.43
1112,923.59
1113,925.84
1114,925
1115,930.3
1116,934.99
1117,937.61
1118,939.29
1119,937.73
1120,933.47
1121,931.33
1122,929.68
1123,924.01
1124,920.38
1125,919.08
1126,918.73
1127,920.32
1128,918.96
1129,921.04
1130,920.26
1131,923.94
1132,925.4
1133,927.74
1134,929.25
1135,930.03
1136,930.73
1137,931.13
1138,933.43
1139,935.42
1140,934.98
1141,932.11
1142,925.87
1143,920.75
1144,915.02
1145,912.5
1146,909.98
1147,908.37
1148,908.92
1149,905.72
1150,901.69
1151,897.95
1152,892.48
1153,889.72
1154,890.97
1155,889.27
1156,887.07
1157,885.11
1158,887.19
1159,883.43
1160,877.84
1161,875.12
1162,870.22
1163,870.29
1164,874.24
1165,876.92
1166,878.96
1167,877.45
1168,874.31
1169,871.42
1170,869.62
1171,871.53
1172,869.85
1173,869.34
1174,868.33
1175,867.88
1176,868.85
1177,869.42
1178,869.43
1179,871.15
1180,869.28
1181,867.74
1182,867.76
1183,871.44
1184,873.78
1185,871.44
1186,868.49
1187,867.68
1188,871.14
1189,872.65
1190,870.59
1191,870.73
1192,870.95
1193,871.63
1194,868.72
1195,866.34
1196,866.36
1197,868.37
1198,868.26
1199,864.18
1200,863.44
1201,863.51
1202,863.72
1203,869.08
1204,875.53
1205,878.91
1206,881.06
1207,884.31
1208,885.02
1209,885.08
1210,884.66
1211,887.69
1212,890.59
1213,890.34
1214,894.02
1215,891.51
1216,889.01
1217,892.36
1218,892.74
1219,895.01
1220,898.16
1221,903.15
1222,908.34
1223,911.61
1224,912.85
1225,913.39
1226,913.3
1227,916.27
1228,918.04
1229,920.7
1230,925.03
1231,931.84
1232,940.82
1233,943.98
1234,945.16
1235,941.73
1236,940.36
1237,940.18
1238,939.24
1239,939.13
1240,942.55
1241,942.43
1242,943.39
1243,950.62
1244,953.63
1245,954.46
1246,950.68
1247,944.44
1248,941.77
1249,941.29
1250,941.01
1251,941.51
1252,946.08
1253,949.67
1254,952.6
1255,955.35
1256,958.36
1257,958.11
1258,962.05
1259,967.85
1260,974.02
1261,973.5
1262,975.45
1263,974.42
1264,971.88
1265,975.01
1266,975.17
1267,976.01
1268,975.57
1269,972.67
1270,968.36
1271,967.69
1272,965.24
1273,963.49
1274,966.85
1275,964.88
1276,964.22
1277,963.35
1278,966.32
1279,968.93
1280,971.08
1281,976.09
1282,980.02
1283,982.89
1284,987.17
1285,990.51
1286,987.9
1287,986.7
1288,988.3
1289,993.2
1290,996.59
1291,998.2
1292,997.58
1293,991.23
1294,987.82
1295,988.94
1296,990.29
1297,995.01
1298,998.81
1299,999.32
1300,997.93
1301,997.48
1302,993.37
1303,992.03
1304,992.19
1305,996.92
1306,1001.4
1307,999.35
1308,997.58
1309,999.46
1310,1000.7
1311,1002.7
1312,1002.1
1313,1003.2
1314,1008.8
1315,1010.2
1316,1009
1317,1010.1
1318,1014
1319,1012.1
1320,1006.8
1321,1001.8
1322,997.84
1323,997.28
1324,999.02
1325,999.78
1326,1001.6
1327,1007.5
1328,1010.7
1329,1016
1330,1018
1331,1022.5
1332,1026.7
1333,1026.2
1334,1024.2
1335,1029.2
1336,1033.1
1337,1035.7
1338,1035.4
1339,1034.7
1340,1036.6
1341,1039.6
1342,1040.2
1343,1042.2
1344,1043.8
1345,1041.4
1346,1037.9
1347,1037.9
1348,1037.2
1349,1036.8
1350,1036.8
1351,1034.7
1352,1034.4
1353,1036.1
1354,1038.7
1355,1037.6
1356,1038.4
1357,1040
1358,1043.5
1359,1044.7
1360,1043.2
1361,1039.7
1362,1040.7
1363,1035.2
1364,1029.8
1365,1030
1366,1031.9
1367,1029.5
1368,1025.6
1369,1026.4
1370,1029.9
1371,1030.2
1372,1030.7
1373,1035.9
1374,1036.1
1375,1034.4
1376,1031.7
1377,1027
1378,1017.1
1379,1009.1
1380,999.85
1381,995.85
1382,995.32
1383,994.59
1384,994.25
1385,995.99
1386,999.97
1387,1006.9
1388,1021.6
1389,1029.4
1390,1033.2
1391,1036.5
1392,1039.2
1393,1037.2
1394,1034.4
1395,1029.3
1396,1025.4
1397,1022.8
1398,1017.7
1399,1018.1
1400,1016.4
1401,1018.1
1402,1018.1
1403,1017.1
1404,1020
1405,1026.2
1406,1032.7
1407,1036.2
1408,1042.4
1409,1046.3
1410,1046.3
1411,1042.5
1412,1042.7
1413,1044.8
1414,1043.8
1415,1040.4
1416,1038.9
1417,1039.9
1418,1041.6
1419,1047.7
1420,1052.4
1421,1056.5
1422,1060.1
1423,1057.5
1424,1052.7
1425,1054.2
1426,1056.8
1427,1057.1
1428,1058.5
1429,1060.9
1430,1064.7
1431,1069.5
1432,1074.7
1433,1075.1
1434,1072.2
1435,1069.8
1436,1069.5
1437,1070
1438,1068.4
1439,1067.3
1440,1067.5
1441,1065.8
1442,1062
1443,1060.8
1444,1060.2
1445,1060.9
1446,1060.2
1447,1059.6
1448,1058.8
1449,1064
1450,1067.1
1451,1064.2
1452,1066.4
1453,1066.3
1454,1068.1
1455,1069.2
1456,1070.6
1457,1070.7
1458,1075
1459,1080.5
1460,1081.6
1461,1079.5
1462,1077.9
1463,1076.5
1464,1072.4
1465,1071.3
1466,1069.2
1467,1064.4
1468,1060.6
1469,1061.7
1470,1068.9
1471,1069.8
1472,1069.6
1473,1068.4
1474,1067.1
1475,1064.7
1476,1060
1477,1057.3
1478,1054
1479,1048.2
1480,1045.4
1481,1041.3
1482,1037.4
1483,1036.6
1484,1037.7
1485,1035.4
1486,1027.4
1487,1024.5
1488,1027.7
1489,1030.6
1490,1035
1491,1042
1492,1048.4
1493,1049.3
1494,1045.1
1495,1038.2
1496,1035.2
1497,1036.8
1498,1038.7
1499,1037.2
1500,1036.8
1501,1034.5
1502,1031
1503,1028
1504,1022.9
1505,1022.6
1506,1025
1507,1028.1
1508,1033
1509,1034
1510,1037.6
1511,1039.3
1512,1039.6
1513,1036.6
1514,1034
1515,1034.3
1516,1032.1
1517,1028.1
1518,1026.5
1519,1028.8
1520,1034.3
1521,1036.2
1522,1042.2
1523,1042.7
1524,1043.2
1525,1042
1526,1042.9
1527,1045.6
1528,1047
1529,1042.2
1530,1034.5
1531,1029.2
1532,1025.6
1533,1019.5
1534,1010.7
1535,997.92
1536,989.66
1537,983.07
1538,975.82
1539,966.28
1540,958.36
1541,950.1
1542,946.53
1543,946.69
1544,947.63
1545,944.49
1546,940.39
1547,933.32
1548,928.37
1549,920.02
1550,914.68
1551,909.57
1552,902.91
1553,894.94
1554,889.85
1555,887.28
1556,886.17
1557,887.6
1558,889.95
1559,891.14
1560,886.56
1561,884.7
1562,875.94
1563,866.37
1564,857.87
1565,857.38
1566,856.29
1567,857.2
1568,857.61
1569,859.5
1570,858.84
1571,859.86
1572,858.9
1573,859.93
1574,862.04
1575,862.33
1576,863
1577,862.4
1578,856.37
1579,852.83
1580,851.15
1581,850.75
1582,849.53
1583,850.33
1584,854.72
1585,858.28
1586,856.19
1587,852.17
1588,851.86
1589,853.12
1590,854.06
1591,853.21
1592,852.56
1593,849.99
1594,846.52
1595,847.14
1596,847
1597,845.87
1598,845.69
1599,844.5
1600,840.6
1601,841.03
1602,843.48
1603,845.34
1604,842.53
1605,837.47
1606,833.86
1607,833.63
1608,834.2
1609,833.44
1610,831.09
1611,824.27
1612,813.99
1613,806.12
1614,797.79
1615,788.8
1616,780.91
1617,777.24
1618,779.61
1619,785.68
1620,790.87
1621,792.46
1622,793.49
1623,791.97
1624,787.6
1625,785.59
1626,782.01
1627,777.79
1628,777.91
1629,778.41
1630,779.69
1631,781.34
1632,782.8
1633,785.47
1634,787.62
1635,786.89
1636,789.33
1637,789.98
1638,793.51
1639,794.05
1640,792.46
1641,789.22
1642,786.27
1643,783.74
1644,782.43
1645,778.92
1646,781.84
1647,783.18
1648,789.86
1649,794.64
1650,793.38
1651,791.61
1652,793.33
1653,795.06
1654,791.8
1655,786.1
1656,784.75
1657,781.65
1658,779.95
1659,777.85
1660,776.22
1661,773.72
1662,774.96
1663,775.01
1664,772.73
1665,770.87
1666,768.55
1667,765.4
1668,761.42
1669,756.13
1670,754.57
1671,754.92
1672,756.74
1673,757.63
1674,759.37
1675,758.35
1676,759.62
1677,756.94
1678,758.28
1679,764.82
1680,770.06
1681,772.57
1682,771.67
1683,774.26
1684,775.67
1685,775.11
1686,776.25
1687,777.98
1688,778.01
1689,777.69
1690,776.35
1691,775.71
1692,778.14
1693,781.56
1694,785.15
1695,782.89
1696,781.1
1697,778.64
1698,774.58
1699,769.5
1700,762.91
1701,763.85
1702,767.84
1703,772.22
1704,775.55
1705,781.32
1706,782.2
1707,779.7
1708,777.19
1709,776.1
1710,777.71
1711,781.46
1712,780.92
1713,782.44
1714,787.57
1715,785.81
1716,781.45
1717,780.01
1718,775.87
1719,772.72
1720,768.66
1721,766.75
1722,766.18
1723,766.72
1724,764.81
1725,760.28
1726,755.98
1727,751.17
1728,746.12
1729,742.67
1730,736.44
1731,732
1732,728.24
1733,726.94
1734,724.37
1735,722.4
1736,717.87
1737,718.22
1738,719.6
1739,723.67
1740,728.92
1741,737.33
1742,746.36
1743,754.35
1744,761.16
1745,761.94
1746,758.38
1747,757.82
1748,757.94
1749,760.19
1750,763.06
1751,765.13
1752,771.32
1753,773.53
1754,767.74
1755,764.75
1756,766.31
1757,771.68
1758,777.35
1759,777.27
1760,775.69
1761,773.49
1762,776.39
1763,777.95
1764,775.59
1765,770.79
1766,766.49
1767,764.36
1768,763.75
1769,761.24
1770,757.05
1771,752.88
1772,751.41
1773,749.39
1774,745.91
1775,743.29
1776,745.18
1777,747.89
1778,748.16
1779,744.71
1780,742.77
1781,740.4
1782,737.6
1783,736.08
1784,735
1785,731.93
1786,728.43
1787,732.7
1788,737.55
1789,742.38
1790,749.09
1791,755.7
1792,757.97
1793,759.16
1794,758.08
1795,758.45
1796,759.03
1797,760.71
1798,762.47
1799,762.02
1800,759.57
1801,760.01
1802,760.13
1803,761.62
1804,764.75
1805,765.98
1806,766.45
1807,766.52
1808,764.96
1809,761.13
1810,758.38
1811,754.35
1812,750.4
1813,747.56
1814,748.32
1815,749.41
1816,749.9
1817,745.58
1818,742.57
1819,736.35
1820,727.03
1821,716.17
1822,709.35
1823,702.96
1824,697.18
1825,692.67
1826,693.9
1827,698.35
1828,704.33
1829,709.37
1830,708.5
1831,704.59
1832,703.14
1833,701.19
1834,703.05
1835,703.96
1836,705.44
1837,706.21
1838,707.1
1839,711.04
1840,717.33
1841,719.64
1842,719.76
1843,713.9
1844,710.06
1845,707.02
1846,703.73
1847,704.26
1848,702.92
1849,704.73
1850,704.51
1851,705.46
1852,706.38
1853,706.01
1854,705.48
1855,707.32
1856,710.26
1857,709.79
1858,711.77
1859,711.6
1860,706.9
1861,702.42
1862,697.55
1863,695.36
1864,692.15
1865,688.85
1866,681.63
1867,675.32
1868,666.7
1869,660.18
1870,653.65
1871,648.81
1872,648.16
1873,645.2
1874,644.31
1875,645.18
1876,639.56
1877,637.14
1878,640.09
1879,636.7
1880,630.89
1881,627.01
1882,625.07
1883,623.5
1884,624.48
1885,624.33
1886,628.37
1887,631.87
1888,631.44
1889,630.05
1890,625.34
1891,621.05
1892,616.37
1893,611.11
1894,608.14
1895,606.17
1896,601.87
1897,601.82
1898,601.66
1899,603.34
1900,602.69
1901,598.98
1902,597.62
1903,594.78
1904,592.02
1905,590.38
1906,593.19
1907,593.76
1908,591.43
1909,588.63
1910,586.42
1911,579.58
1912,578.27
1913,580.7
1914,586.56
1915,586.75
1916,584.08
1917,580.05
1918,579.04
1919,582.68
1920,582.27
1921,583.65
1922,591.46
1923,596.05
1924,598.65
1925,599.52
1926,596.18
1927,594.04
1928,594.01
1929,594.06
1930,597.34
1931,599.07
1932,603.64
1933,607.4
1934,609.12
1935,610.23
1936,611.24
1937,608.08
1938,607.24
1939,609.96
1940,611.06
1941,614.71
1942,619.04
1943,618.06
1944,615.35
1945,613.11
1946,615.29
1947,618
1948,623.55
1949,629.79
1950,632.6
1951,637.31
1952,643.82
1953,645.97
1954,648.46
1955,647.99
1956,645.18
1957,644.86
1958,643.12
1959,641.73
1960,640.82
1961,644.31
1962,648.78
1963,649.13
1964,651.83
1965,652.55
1966,657.83
1967,658.34
1968,658.41
1969,660.02
1970,659.94
1971,659.78
1972,659.47
1973,658.66
1974,658.98
1975,657.85
1976,651.59
1977,645.12
1978,644.52
1979,644.98
1980,645.6
1981,646.29
1982,647.79
1983,649.8
1984,648.77
1985,646.76
1986,642.61
1987,640.54
1988,641.68
1989,646.89
1990,656.65
1991,663.19
1992,664.23
1993,658.74
1994,654.95
1995,654.24
1996,654.64
1997,659.19
1998,665.32
1999,668.8
2000,668.83
2001,669.46
2002,667.51
2003,660.62
2004,656.68
2005,656.81
2006,655.28
2007,654.32
2008,654.04
2009,656.51
2010,655.27
2011,651.83
2012,650.53
2013,652.47
2014,654.52
2015,653.79
2016,651.27
2017,647.9
2018,648.59
2019,652.03
2020,654.47
2021,653.87
2022,650.41
2023,646.44
2024,647.21
2025,648.44
2026,648.27
2027,647.71
2028,647.16
2029,652.73
2030,660.37
2031,671.03
2032,675.89
2033,676.63
2034,675.66
2035,677.19
2036,683.86
2037,692.86
2038,698.99
2039,702
2040,706.59
2041,711.53
2042,710.75
2043,709.21
2044,708.22
2045,706.37
2046,707.98
2047,712.38
2048,711.82
2049,709.41
2050,706.36
2051,703.47
2052,700.34
2053,695.23
2054,693.84
2055,689.24
2056,685.08
2057,683.26
2058,689.48
2059,694.17
2060,696.28
2061,699.73
2062,701.34
2063,700.32
2064,698.52
2065,698
2066,696.82
2067,694.96
2068,693.99
2069,697.06
2070,698.22
2071,698.21
2072,699.01
2073,703.61
2074,706.76
2075,709.84
2076,714.26
2077,715.24
2078,713.42
2079,713.86
2080,716.38
2081,722.07
2082,725.19
2083,726.37
2084,726.9
2085,723.68
2086,724.15
2087,727.65
2088,731.52
2089,740.1
2090,749.53
2091,759.75
2092,762.81
2093,763.35
2094,762.73
2095,760.53
2096,759.97
2097,759.01
2098,762.21
2099,764.66
2100,763.56
2101,759.01
2102,756.99
2103,755.21
2104,751.59
2105,751.27
2106,756.31
2107,757.82
2108,757.05
2109,759.31
2110,762.78
2111,765.15
2112,770.11
2113,772.06
2114,773.13
2115,774.28
2116,776.11
2117,775.21
2118,769.77
2119,768.47
2120,768.09
2121,768.28
2122,768.59
2123,769.74
2124,770.82
2125,770.02
2126,771.08
2127,772.01
2128,768.16
2129,764.63
2130,761.97
2131,759.41
2132,756.87
2133,756.95
2134,752.84
2135,749.1
2136,750.6
2137,751.14
2138,747.48
2139,748.6
2140,753.43
2141,763.26
2142,772.13
2143,778.76
2144,784.39
2145,790.94
2146,792.54
2147,795.71
2148,801.01
2149,802.27
2150,805.69
2151,806.48
2152,803.94
2153,800.9
2154,796.35
2155,793.27
2156,791.44
2157,786.49
2158,784.16
2159,782.57
2160,782.31
2161,788.98
2162,796.43
2163,803.2
2164,807
2165,814.89
2166,818.57
2167,816.41
2168,815.27
2169,819.56
2170,826.89
2171,834.08
2172,834.78
2173,835.07
2174,837.12
2175,837.31
2176,840.82
2177,838.89
2178,832.5
2179,827.83
2180,825.93
2181,820.65
2182,819.5
2183,818.5
2184,819.78
2185,823.99
2186,827.47
2187,824.1
2188,824.43
2189,822.35
2190,821.44
2191,819.05
2192,812.88
2193,808.06
2194,801.93
2195,795.36
2196,788.04
2197,782
2198,777.59
2199,778.97
2200,779.58
2201,775.9
2202,775.61
2203,776.45
2204,779.92
2205,781.22
2206,783.02
2207,779.7
2208,773.08
2209,768.62
2210,767.98
2211,765.21
2212,761.73
2213,755.32
2214,745.46
2215,739.76
2216,735.22
2217,730.8
2218,730.06
2219,726.74
2220,728.44
2221,728.23
2222,735.6
2223,737.37
2224,736.53
2225,739.52
2226,743.37
2227,741.62
2228,736.54
2229,733.1
2230,727.55
2231,727.21
2232,730.59
2233,732.39
2234,736.55
2235,738.03
2236,738.77
2237,737.13
2238,734.97
2239,733.2
2240,730.9
2241,728.43
2242,723.91
2243,721.11
2244,722.32
2245,724.95
2246,721.87
2247,719.07
2248,719.02
2249,722.06
2250,723.99
2251,724.35
2252,722.15
2253,719.67
2254,720.99
2255,719.23
2256,722.1
2257,725.82
2258,724.7
2259,722.18
2260,721.67
2261,719.12
2262,717.19
2263,717.15
2264,719.13
2265,719.99
2266,716.69
2267,712.37
2268,710.04
2269,707.48
2270,705.52
2271,706.28
2272,703.97
2273,704.97
2274,705.01
2275,703.74
2276,702.58
2277,701.32
2278,702.77
2279,698.68
2280,696
2281,692.18
2282,689.74
2283,689.69
2284,692
2285,691.45
2286,691.91
2287,692.56
2288,695.53
2289,699.35
2290,703.59
2291,706.65
2292,704.66
2293,701.82
2294,698.59
2295,696.39
2296,693.11
2297,691.23
2298,691.32
2299,689.11
2300,688.58
2301,690.3
2302,692.59
2303,692.88
2304,689.67
2305,685.52
2306,681.53
2307,676.82
2308,676.07
2309,677.46
2310,676.51
2311,678.46
2312,681.57
2313,685.66
2314,689.67
2315,687.44
2316,685.76
2317,688.38
2318,690.98
2319,692.02
2320,695.26
2321,697.4
2322,699.37
2323,700.46
2324,704.46
2325,709.9
2326,712.57
2327,712.58
2328,714.45
2329,717.41
2330,717.76
2331,721.54
2332,726.08
2333,728.26
2334,727.82
2335,727.71
2336,732.68
2337,737.02
2338,738.35
2339,737.49
2340,735.47
2341,732.56
2342,728.25
2343,724.56
2344,722.5
2345,723.22
2346,723.16
2347,727.25
2348,730.31
2349,733.21
2350,735.44
2351,733.04
2352,733.45
2353,734.24
2354,733.15
2355,732.36
2356,736.21
2357,737.72
2358,737.24
2359,734.78
2360,732.52
2361,730.26
2362,734.18
2363,734.45
2364,735.45
2365,732.44
2366,724.4
2367,715.8
2368,707.79
2369,699.05
2370,690.81
2371,684.55
2372,681.38
2373,680.06
2374,679.89
2375,676.8
2376,677.37
2377,676.33
2378,672.84
2379,671.06
2380,668.51
2381,661.32
2382,653.45
2383,649.19
2384,644.85
2385,642.17
2386,642.02
2387,642.58
2388,639.91
2389,636.16
2390,632.37
2391,627.98
2392,625.65
2393,626.78
2394,633.14
2395,638.19
2396,640.61
2397,645.42
2398,652.23
2399,655.94
2400,663.34
2401,669.22
2402,676.24
2403,681.15
2404,680.46
2405,678.03
2406,678.4
2407,677.83
2408,673.12
2409,670.33
2410,670.16
2411,668.59
2412,670.73
2413,671.46
2414,674.34
2415,679.4
2416,678.82
2417,674.64
2418,669.68
2419,661.44
2420,656.29
2421,651.42
2422,649.46
2423,649.85
2424,649.4
2425,646.75
2426,646.71
2427,649.86
2428,657.3
2429,659.84
2430,661.92
2431,665.24
2432,668.61
2433,672.72
2434,674.97
2435,679.19
2436,683.57
2437,687.32
2438,689.57
2439,688.83
2440,688.02
2441,687.89
2442,689.68
2443,693.61
2444,695.44
2445,693.86
2446,694.43
2447,696.33
2448,696.82
2449,700.42
2450,704.05
2451,703.79
2452,701.04
2453,702.6
2454,699.28
2455,699.87
2456,704.18
2457,706.98
2458,713.19
2459,712.19
2460,711.59
2461,706.91
2462,702.45
2463,702.88
2464,704.42
2465,703.6
2466,700.48
2467,695.87
2468,693.48
2469,694.52
2470,694.95
2471,691.68
2472,691.13
2473,687.21
2474,681.66
2475,680.78
2476,681.96
2477,681.39
2478,678.58
2479,675.12
2480,671.88
2481,669.45
2482,669.06
2483,668.7
2484,671.87
2485,674.38
2486,675.05
2487,674.55
2488,680.29
2489,684.16
2490,684.74
2491,684.17
2492,681.52
2493,680.41
2494,680.4
2495,679.84
2496,681.43
2497,681.91
2498,683.96
2499,687.47
2500,688.78
2501,691
2502,690
2503,689.94
2504,687.2
2505,682.12
2506,681.81
2507,680.5
2508,677.34
2509,679.29
2510,680.44
2511,680.91
2512,678.85
2513,676.75
2514,674.67
2515,670.74
2516,669.3
2517,668.36
2518,666.1
2519,668.66
2520,668.08
2521,666.27
2522,662.51
2523,659.72
2524,657.19
2525,658.37
2526,661.27
2527,664.62
2528,670.78
2529,677.07
2530,679.04
2531,682.78
2532,692.37
2533,696.54
2534,697.67
2535,698.87
2536,701.42
2537,704.19
2538,703.19
2539,699.97
2540,696.57
2541,691.2
2542,686.57
2543,681.6
2544,677.17
2545,672.36
2546,670.51
2547,670.65
2548,675.13
2549,681.19
2550,683.9
2551,684.93
2552,686.42
2553,688.18
2554,688.36
2555,688.7
2556,688.42
2557,694.43
2558,700.59
2559,702.76
2560,704.05
2561,707.73
2562,713.59
2563,716.18
2564,719.56
2565,718.99
2566,718.21
2567,719.53
2568,718.54
2569,717.7
2570,716.63
2571,716.35
2572,719.86
2573,722.22
2574,725.12
2575,726.63
2576,723.14
2577,721.9
2578,718.45
2579,715.12
2580,709.86
2581,706.93
2582,703.67
2583,705.48
2584,710.7
2585,716.09
2586,719.87
2587,718.17
2588,718.29
2589,720.05
2590,723.72
2591,720.16
2592,718.59
2593,719.4
2594,722.37
2595,723.25
2596,724.58
2597,723.67
2598,723.82
2599,726.71
2600,726.1
2601,725.34
2602,721.81
2603,715.76
2604,710.44
2605,708.14
2606,704.95
2607,704.59
2608,705.93
2609,706.88
2610,706.15
2611,706.02
2612,704.86
2613,705.59
2614,707.84
2615,709.23
2616,711.29
2617,710.76
2618,708.07
2619,706.57
2620,703.87
2621,701.02
2622,695.85
2623,694.38
2624,692.27
2625,693.04
2626,692.8
2627,693.72
2628,691.74
2629,691.48
2630,689.88
2631,690.11
2632,692.21
2633,693.4
2634,698.72
2635,705.24
2636,706.3
2637,703.1
2638,697.67
2639,692.12
2640,691.55
2641,687.55
2642,684.58
2643,683.74
2644,683.33
2645,682.88
2646,680.77
2647,680.56
2648,678.53
2649,676.99
2650,678.07
2651,679.48
2652,681.37
2653,678.16
2654,683.05
2655,683.23
2656,680.98
2657,678.52
2658,674.05
2659,669.36
2660,662.78
2661,657.26
2662,654.51
2663,654.08
2664,651.7
2665,649.43
2666,651.55
2667,654.79
2668,659.37
2669,657.09
2670,658.06
2671,661.85
2672,665.45
2673,665.99
2674,665.83
2675,666.88
2676,671.14
2677,670.48
2678,670.15
2679,672.02
2680,672.39
2681,672.74
2682,668.78
2683,662.44
2684,661.76
2685,657.86
2686,656.04
2687,655.57
2688,655.24
2689,651.4
2690,647.83
2691,649.95
2692,655.66
2693,659.51
2694,661.94
2695,663.34
2696,660.6
2697,660.11
2698,659.12
2699,659.87
2700,657.4
2701,651.45
2702,645.66
2703,642.53
2704,644.49
2705,645.95
2706,646.28
2707,645.84
2708,644.81
2709,642.3
2710,640.81
2711,642.43
2712,644.11
2713,646.84
2714,649.89
2715,650.12
2716,643.51
2717,637.71
2718,631.62
2719,628.23
2720,626.28
2721,622.82
2722,622.71
2723,625.4
2724,629.4
2725,636.14
2726,642.47
2727,648.09
2728,649.4
2729,649.9
2730,647.49
2731,645.91
2732,644.33
2733,648.19
2734,648.59
2735,652.37
2736,654.27
2737,656.41
2738,659.58
2739,662.79
2740,664.99
2741,665.19
2742,662.02
2743,660.09
2744,659.12
2745,664.64
2746,666.49
2747,668.77
2748,666.49
2749,665.05
2750,667.91
2751,669.06
2752,671.38
2753,674.03
2754,674
2755,673.78
2756,674.81
2757,675.48
2758,679.71
2759,682.03
2760,687.08
2761,689.23
2762,692.73
2763,697.5
2764,702.37
2765,705.09
2766,703.7
2767,702.88
2768,700.97
2769,699.13
2770,700.44
2771,700.79
2772,703.08
2773,710.05
2774,712.14
2775,711.73
2776,713.44
2777,715.17
2778,713.3
2779,715.38
2780,716.1
2781,720.67
2782,728.74
2783,734.62
2784,739.6
2785,742.16
2786,740.74
2787,741.62
2788,740.35
2789,738
2790,736.04
2791,737.17
2792,737.45
2793,739.44
2794,739.35
2795,739.6
2796,738.77
2797,738.19
2798,738.85
2799,737.24
2800,735.87
2801,734.75
2802,731.4
2803,728.8
2804,727.44
2805,724.63
2806,722.33
2807,718.26
2808,718.21
2809,719
2810,718.18
2811,718.31
2812,720.72
2813,724.88
2814,727.18
2815,727.59
2816,725.47
2817,722.64
2818,722.51
2819,722.92
2820,725.84
2821,723.51
2822,718.97
2823,711.7
2824,704.99
2825,701.5
2826,696.27
2827,693.3
2828,691.81
2829,693.12
2830,690.67
2831,686.5
2832,685.09
2833,686.31
2834,685.89
2835,683.95
2836,682.31
2837,679.46
2838,680.7
2839,686.2
2840,688.3
2841,687.63
2842,689.76
2843,693.44
2844,696.03
2845,695.98
2846,697.74
2847,696.99
2848,695.04
2849,694.29
2850,697.56
2851,699.14
2852,695.39
2853,691.8
2854,689.04
2855,685.47
2856,683.94
2857,679.99
2858,678.02
2859,677.33
2860,679.39
2861,679.66
2862,680.79
2863,680.45
2864,678.6
2865,675.99
2866,674.1
2867,673.77
2868,670.55
2869,669.82
2870,669.92
2871,666.88
2872,667.21
2873,671.01
2874,676.55
2875,680.67
2876,685.53
2877,690.73
2878,696.31
2879,699.6
2880,701.12
2881,702.13
2882,706.51
2883,712.16
2884,715.2
2885,721.41
2886,727.8
2887,736.07
2888,742.6
2889,746.1
2890,745.71
2891,744.32
2892,743.92
2893,743.98
2894,742.71
2895,737.72
2896,734.85
2897,731.44
2898,730.12
2899,728.6
2900,724.93
2901,724.35
2902,721.93
2903,717.69
2904,713.37
2905,708.31
2906,708.42
2907,711.12
2908,712.08
2909,707.6
2910,704.42
2911,703.29
2912,700.09
2913,699.72
2914,700.79
2915,704.59
2916,707.3
2917,706.49
2918,704.93
2919,702.23
2920,695.68
2921,691.55
2922,687.61
2923,683.87
2924,681.51
2925,680.27
2926,682.23
2927,685.12
2928,687.94
2929,687.58
2930,685.07
2931,684.97
2932,687.53
2933,689.34
2934,686.53
2935,686.88
2936,688.76
2937,689.73
2938,694
2939,693.75
2940,691.81
2941,693.79
2942,695.2
2943,695.81
2944,692.7
2945,691.12
2946,688.06
2947,683.62
2948,680.51
2949,680.55
2950,681.97
2951,680.55
2952,677.07
2953,674.76
2954,678.14
2955,683.42
2956,691.34
2957,703.18
2958,714.62
2959,722.4
2960,726.12
2961,729.35
2962,732.13
2963,733.89
2964,736.46
2965,740.35
2966,747.9
2967,751.93
2968,758.62
2969,759.53
2970,756.83
2971,754.43
2972,753.47
2973,750.05
2974,744.5
2975,739.4
2976,738.2
2977,740.29
2978,744.14
2979,750.47
2980,754.74
2981,761.5
2982,763.68
2983,767.9
2984,772.87
2985,780.53
2986,786.53
2987,783.91
2988,781.41
2989,780.19
2990,782.38
2991,786.61
2992,790
2993,794.75
2994,803.55
2995,810.55
2996,814.19
2997,820.18
2998,823.4
2999,826.5
3000,828.05
3001,833.41
3002,835.92
3003,841.02
3004,843.06
3005,842.58
3006,840.68
3007,839.26
3008,842
3009,841.42
3010,838.65
3011,835.39
3012,834.35
3013,833.97
3014,830.97
3015,822.56
3016,818.07
3017,817.85
3018,813.97
3019,809.78
3020,808.23
3021,810.7
3022,811.87
3023,813.05
3024,812.49
3025,812.92
3026,814.29
3027,816.1
3028,816.25
3029,814.75
3030,807.35
3031,802.28
3032,804.82
3033,806.93
3034,809.87
3035,812.63
3036,811.53
3037,812.11
3038,813.96
3039,814.61
3040,814.41
3041,813.03
3042,814.91
3043,820.85
3044,829.45
3045,836.19
3046,839.8
3047,841.84
3048,843.61
3049,843.39
3050,837.54
3051,836.84
3052,837.56
3053,842.43
3054,843.61
3055,843.58
3056,840.47
3057,837.02
3058,837.99
3059,841.03
3060,841.7
3061,844.5
3062,843.3
3063,841.79
3064,839.59
3065,835.61
3066,831.79
3067,833.96
3068,838.78
3069,841.59
3070,842.4
3071,840.44
3072,842.66
3073,843.7
3074,845.04
3075,844.52
3076,848.08
3077,850.71
3078,853.21
3079,853.79
3080,859.19
3081,861.94
3082,862.9
3083,859.67
3084,860.69
3085,862.13
3086,860.16
3087,852.84
3088,849.4
3089,849.14
3090,850.5
3091,848.62
3092,844.37
3093,837.63
3094,833.01
3095,830.78
3096,826.46
3097,826.68
3098,823.63
3099,822.11
3100,822.91
3101,816.09
3102,810.52
3103,804.87
3104,801.68
3105,799.36
3106,798.5
3107,795.48
3108,794.49
3109,794.89
3110,796.72
3111,798.35
3112,796.6
3113,793.82
3114,792.61
3115,791.08
3116,788.81
3117,785.01
3118,785.58
3119,783.57
3120,780.13
3121,776.8
3122,775.32
3123,770.99
3124,764.77
3125,757.35
3126,750.04
3127,746.91
3128,745.62
3129,746.62
3130,747.36
3131,748.59
3132,747.89
3133,745.47
3134,741.75
3135,738.42
3136,733.02
3137,728.92
3138,729.74
3139,729.93
3140,725.94
3141,718.28
3142,711.35
3143,707.35
3144,702.21
3145,699.99
3146,700.64
3147,699.22
3148,696.51
3149,696.29
3150,695.44
3151,690.31
3152,685.17
3153,684.22
3154,685.57
3155,683.76
3156,684.44
3157,684.65
3158,681.1
3159,677.98
3160,678.29
3161,677.99
3162,675.65
3163,673.27
3164,671.56
3165,666.24
3166,663.19
3167,664.95
3168,666.59
3169,671
3170,672.01
3171,675.1
3172,682.29
3173,686.82
3174,691.76
3175,693.49
3176,694.65
3177,697.5
3178,702.51
3179,702.36
3180,702.32
3181,700.02
3182,702.94
3183,705.78
3184,709.56
3185,710.53
3186,710.06
3187,709.57
3188,705.75
3189,706.18
3190,710.06
3191,713.26
3192,724.06
3193,734.22
3194,741.74
3195,743.36
3196,749.84
3197,756.89
3198,759.63
3199,759
3200,760.8
3201,758.65
3202,754.66
3203,753.59
3204,751.58
3205,752.9
3206,752.9
3207,754.22
3208,753.53
3209,752.52
3210,758.21
3211,763.6
3212,766.04
3213,765.51
3214,768.81
3215,772.72
3216,776.15
3217,778.86
3218,780.96
3219,783.02
3220,782.17
3221,780.55
3222,775.25
3223,776.18
3224,780.11
3225,780.13
3226,781.69
3227,786.18
3228,790.97
3229,793.56
3230,799.22
3231,800.51
3232,798.21
3233,795.66
3234,793.52
3235,789.11
3236,791.08
3237,793.99
3238,795.05
3239,797.87
3240,798.52
3241,796.34
3242,794.54
3243,792
3244,788.11
3245,789.01
3246,793.02
3247,797.59
3248,803.9
3249,811.48
3250,820.02
3251,824.76
3252,827.02
3253,824.47
3254,824.41
3255,825.46
3256,827.71
3257,834.53
3258,836.79
3259,835.31
3260,831.05
3261,829.88
3262,829.39
3263,828.99
3264,827.88
3265,830.45
3266,833.81
3267,836.33
3268,834.59
3269,836.02
3270,835.58
3271,834.38
3272,830.64
3273,831.13
3274,826.69
3275,824.46
3276,824.12
3277,823.42
3278,822.07
3279,819.6
3280,819.94
3281,822.46
3282,828.24
3283,833.74
3284,837.91
3285,846.26
3286,851.17
3287,852.02
3288,851.25
3289,845.14
3290,843.91
3291,845.11
3292,850.91
3293,856.82
3294,856.57
3295,859.28
3296,861.58
3297,866.25
3298,869.31
3299,868.76
3300,865.66
3301,861.12
3302,857.19
3303,853.51
3304,852.84
3305,852.11
3306,856.32
3307,861.2
3308,864.03
3309,868.42
3310,866.28
3311,866.56
3312,868.29
3313,866.75
3314,862.2
3315,861.93
3316,862.27
3317,864.36
3318,863.38
3319,857.91
3320,851.87
3321,846.96
3322,841.95
3323,837.44
3324,833.49
3325,830.19
3326,828.57
3327,823.33
3328,819.13
3329,816.37
3330,813.02
3331,808.81
3332,806.46
3333,808.76
3334,812.17
3335,811.08
3336,816.11
3337,815.4
3338,816.36
3339,817.03
3340,818.17
3341,816.98
3342,816.34
3343,815.82
3344,815.1
3345,816.61
3346,818.05
3347,816.21
3348,812.23
3349,808.78
3350,808.28
3351,809.77
3352,806.23
3353,801.12
3354,794.55
3355,787.96
3356,781.43
3357,774.99
3358,770.55
3359,772.46
3360,769.25
3361,764.54
3362,756.62
3363,751.87
3364,749.01
3365,746.48
3366,745.78
3367,742.14
3368,739.76
3369,741.01
3370,742.15
3371,740.58
3372,736.75
3373,737.58
3374,740.15
3375,740.75
3376,741.88
3377,738.55
3378,735.65
3379,727.09
3380,717.93
3381,713.29
3382,713.8
3383,712.74
3384,712.36
3385,710.13
3386,708.48
3387,703.38
3388,698.42
3389,697.12
3390,703.5
3391,706.55
3392,709.24
3393,708.84
3394,711.89
3395,717.57
3396,719.72
3397,719.44
3398,721.33
3399,723.94
3400,725.53
3401,726.89
3402,727.08
3403,727.11
3404,725.52
3405,722.39
3406,719.09
3407,712.97
3408,711.28
3409,712.01
3410,710.38
3411,705.88
3412,703.32
3413,702.7
3414,700.58
3415,704.2
3416,704.81
3417,705.78
3418,707.87
3419,710.79
3420,711.78
3421,710.76
3422,710.69
3423,712.53
3424,713.21
3425,714
3426,719.73
3427,725.8
3428,729.88
3429,731.18
3430,729.94
3431,726.7
3432,724.58
3433,722.4
3434,723.44
3435,724.69
3436,723.63
3437,723.87
3438,721.9
3439,721.35
3440,725.53
3441,726.41
3442,721.02
3443,716.9
3444,712.04
3445,706.97
3446,699.7
3447,695.66
3448,700.22
3449,707.56
3450,712.35
3451,716.82
3452,719.43
3453,716.62
3454,714.11
3455,715.59
3456,719.3
3457,721.94
3458,724.98
3459,727.23
3460,731.18
3461,729.24
3462,726.35
3463,723.93
3464,726.16
3465,728.56
3466,732.47
3467,733.68
3468,734.42
3469,737.49
3470,738.83
3471,737.5
3472,737.64
3473,737.28
3474,737.76
3475,735.1
3476,731.78
3477,727.75
3478,725.98
3479,727.5
3480,727.49
3481,728.23
3482,728.98
3483,728.47
3484,722.57
3485,718.82
3486,716.78
3487,715.62
3488,715.79
3489,715.05
3490,717.2
3491,723.88
3492,734.18
3493,738.44
3494,743.16
3495,745.8
3496,752.14
3497,756.76
3498,757.51
3499,755.81
3500,753.37
3501,752.86
3502,752.24
3503,753.28
3504,758.5
3505,767.42
3506,775.26
3507,775.97
3508,774.75
3509,778.58
3510,772.71
3511,764.05
3512,758.33
3513,756.41
3514,755.26
3515,752.3
3516,752.2
3517,755.59
3518,758.53
3519,760.68
3520,762.27
3521,761.1
3522,764
3523,767.35
3524,766.06
3525,765.24
3526,766.51
3527,765.37
3528,764.92
3529,769.55
3530,775.09
3531,778.97
3532,776.02
3533,774.94
3534,774.17
3535,773.59
3536,776.41
3537,778.34
3538,775.7
3539,778.22
3540,782.4
3541,779.53
3542,773.43
3543,769.35
3544,765.26
3545,763.79
3546,763.32
3547,761.61
3548,760.43
3549,760.61
3550,759.84
3551,756.59
3552,755.53
3553,753.53
3554,750.89
3555,749.96
3556,746.91
3557,749.59
3558,753.07
3559,758.19
3560,762.6
3561,766.22
3562,774.09
3563,777.01
3564,773.11
3565,766.87
3566,760.75
3567,755.22
3568,753.08
3569,750.03
3570,748.99
3571,751.42
3572,754.66
3573,758.17
3574,756.13
3575,754.58
3576,752.49
3577,752.08
3578,751.37
3579,752.8
3580,750.31
3581,752.61
3582,754.85
3583,756.21
3584,753.5
3585,755.61
3586,753.28
3587,751.13
3588,749.19
3589,748.56
3590,746.94
3591,744
3592,739.97
3593,739.82
3594,737.88
3595,743.8
3596,749.51
3597,751.92
3598,755.65
3599,753.24
3600,747.02
3601,743.99
3602,740.24
3603,742.96
3604,745.81
3605,745.26
3606,742.99
3607,740.67
3608,740.51
3609,738.78
3610,735.08
3611,734.18
3612,729.8
3613,725.88
3614,720.84
3615,715.13
3616,710.38
3617,708.31
3618,707.58
3619,703.73
3620,697.53
3621,691.1
3622,686.93
3623,682.58
3624,674.08
3625,668.78
3626,665.53
3627,668.48
3628,675.51
3629,682.85
3630,689.11
3631,690.88
3632,690.71
3633,691.48
3634,691.11
3635,691.81
3636,691.42
3637,686.5
3638,679.78
3639,675.8
3640,670.09
3641,664.98
3642,659.36
3643,652.9
3644,650.88
3645,646.27
3646,640.76
3647,638.61
3648,639.26
3649,641.96
3650,644.8
3651,649.82
3652,654.79
3653,654.62
3654,655.32
3655,658.81
3656,661.34
3657,661.6
3658,662.89
3659,662.46
3660,663.12
3661,661.87
3662,661.63
3663,660.23
3664,659.58
3665,662.47
3666,664.52
3667,665.7
3668,670.42
3669,675.93
3670,676.71
3671,677.3
3672,677.68
3673,678.96
3674,682.82
3675,687.42
3676,688.09
3677,690.96
3678,692.18
3679,696.08
3680,698.7
3681,703.38
3682,708.54
3683,711.68
3684,712.34
3685,715.65
3686,722.3
3687,728.16
3688,729.31
3689,730.79
3690,733.88
3691,735.5
3692,733.45
3693,730.55
3694,727.43
3695,731.35
3696,732.2
3697,729.84
3698,730.72
3699,730.66
3700,732.51
3701,735.33
3702,737.3
3703,739.45
3704,744.32
3705,745.64
3706,747.79
3707,751.2
3708,749.88
3709,747.27
3710,746.76
3711,747.41
3712,747.73
3713,748.59
3714,746.51
3715,744
3716,738.84
3717,734.18
3718,728.42
3719,723.78
3720,722.88
3721,723.91
3722,720.62
3723,718.93
3724,720.01
3725,719.8
3726,719.5
3727,715.99
3728,714.91
3729,718.87
3730,726.04
3731,736.64
3732,743.15
3733,748.62
3734,752.09
3735,752.49
3736,748.49
3737,747.93
3738,744.38
3739,739.19
3740,742.25
3741,746.14
3742,747.44
3743,745.65
3744,746.29
3745,745.26
3746,744.69
3747,747.58
3748,748.6
3749,748.98
3750,752.72
3751,753.98
3752,749.27
3753,742.91
3754,739.1
3755,737.2
3756,735
3757,734
3758,734.46
3759,734.04
3760,732.82
3761,733.25
3762,734.94
3763,737.19
3764,740.37
3765,742
3766,741.82
3767,735.89
3768,730.66
3769,729.62
3770,735.47
3771,737.46
3772,736.37
3773,733.29
3774,724.82
3775,717.19
3776,713.55
3777,711.38
3778,709.85
3779,707.9
3780,709.75
3781,711.96
3782,716.24
3783,714.95
3784,717.84
3785,723.65
3786,728.43
3787,726.1
3788,725.66
3789,720.01
3790,714.06
3791,710.3
3792,708.77
3793,705.68
3794,703.13
3795,697.76
3796,695.53
3797,693.7
3798,691.9
3799,689.4
3800,686.82
3801,683.47
3802,680.9
3803,679.3
3804,676.5
3805,674.81
3806,677.31
3807,678.57
3808,675.31
3809,672.11
3810,666.31
3811,659.66
3812,653.37
3813,647.6
3814,642.53
3815,639.8
3816,638.27
3817,640.29
3818,643.11
3819,643.39
3820,637.37
3821,632.38
3822,628.56
3823,626.59
3824,625.7
3825,623.82
3826,624.04
3827,623.33
3828,620.53
3829,619.9
3830,619.29
3831,619.71
3832,623.76
3833,628.02
3834,628.82
3835,631.05
3836,634.74
3837,635.51
3838,636.74
3839,636.67
3840,635.99
3841,639.39
3842,639.11
3843,635.48
3844,630.56
3845,623.56
3846,615.62
3847,610.43
3848,607.41
3849,607.15
3850,607.56
3851,612.75
3852,621.1
3853,628.04
3854,633.48
3855,635.77
3856,636.61
3857,639.41
3858,640.77
3859,639.72
3860,639.81
3861,637.59
3862,632.43
3863,628.64
3864,627.29
3865,625.64
3866,624.91
3867,619.04
3868,614.1
3869,614.15
3870,611.38
3871,607.65
3872,603.66
3873,599.03
3874,593.61
3875,588.13
3876,584.77
3877,579.21
3878,577.67
3879,577.1
3880,581.19
3881,585.05
3882,588
3883,585.12
3884,579.33
3885,575.76
3886,572.78
3887,566.86
3888,563.1
3889,558.96
3890,556
3891,552.4
3892,551.08
3893,552.95
3894,555.63
3895,558.11
3896,558.54
3897,559.55
3898,560.33
3899,561.04
3900,556.81
3901,552.08
3902,551.07
3903,550.55
3904,549.05
3905,548.9
3906,549.34
3907,548.66
3908,549.68
3909,553.33
3910,554.62
3911,558.83
3912,562.53
3913,567.64
3914,572.39
3915,575.24
3916,577.22
3917,579.11
3918,578.56
3919,579.69
3920,579.01
3921,579.84
3922,579.43
3923,581.21
3924,581.46
3925,581.12
3926,580.32
3927,579.3
3928,576.11
3929,572.67
3930,566.6
3931,561.51
3932,556.4
3933,552.87
3934,549.76
3935,553.42
3936,557.61
3937,557.91
3938,554.59
3939,552.47
3940,553.53
3941,552.39
3942,552.63
3943,554.81
3944,556.46
3945,556.43
3946,557.49
3947,555.04
3948,554.79
3949,557.7
3950,562.05
3951,564.68
3952,569.5
3953,570.16
3954,571.93
3955,573.83
3956,573.56
3957,571.04
3958,570.62
3959,569.87
3960,569.83
3961,570.75
3962,571.37
3963,571.64
3964,572.95
3965,569.1
3966,564.64
3967,561.98
3968,561.87
3969,563.93
3970,562.72
3971,562.58
3972,559.32
3973,556.55
3974,558.79
3975,563.91
3976,569.44
3977,575.01
3978,577.78
3979,578.21
3980,582.55
3981,588.89
3982,598.43
3983,605.41
3984,605.64
3985,603.97
3986,603.01
3987,601.74
3988,603.09
3989,598.9
3990,595.88
3991,593.81
3992,588.6
3993,585.32
3994,583.99
3995,584.16
3996,584.38
3997,586.37
3998,586.31
3999,585.32
4000,585.33
