timestamp,mouse_x
1,0
2,0
3,0
4,0
5,0
6,0
7,0
8,0
9,0
10,0
11,0
12,0
13,0
14,0
15,0
16,0
17,0
18,0
19,0
20,0
21,0
22,0
23,0
24,0
25,0
26,0
27,0
28,0
29,0
30,0
31,0
32,0
33,0
34,0
35,0
36,0
37,0
38,0
39,0
40,0
41,0
42,0
43,0
44,0
45,0
46,0
47,0
48,0
49,0
50,0
51,0
52,0
53,0
54,0
55,0
56,0
57,0
58,0
59,0
60,0
61,0
62,0
63,0
64,0
65,0
66,0
67,0
68,0
69,0
70,0
71,0
72,0
73,0
74,0
75,0
76,0
77,0
78,0
79,0
80,0
81,0
82,0
83,0
84,0
85,0
86,0
87,0
88,0
89,0
90,0
91,0
92,0
93,0
94,0
95,0
96,0
97,0
98,0
99,0
100,0
101,0
102,0
103,0
104,0
105,0
106,0
107,0
108,0
109,0
110,0
111,0
112,0
113,0
114,0
115,0
116,0
117,0
118,0
119,0
120,0
121,0
122,0
123,0
124,0
125,0
126,0
127,0
128,0
129,0
130,0
131,0
132,0
133,0
134,0
135,0
136,0
137,0
138,0
139,0
140,0
141,0
142,0
143,0
144,0
145,0
146,0
147,0
148,0
149,0
150,0
151,0
152,0
153,0
154,0
155,0
156,0
157,0
158,0
159,0
160,0
161,0
162,0
163,0
164,0
165,0
166,0
167,0
168,0
169,0
170,0
171,0
172,0
173,0
174,0
175,0
176,0
177,0
178,0
179,0
180,0
181,0
182,0
183,0
184,0
185,0
186,0
187,0
188,0
189,0
190,0
191,0
192,0
193,0
194,0
195,0
196,0
197,0
198,0
199,0
200,0
201,0
202,0
203,0
204,0
205,0
206,0
207,0
208,0
209,0
210,0
211,0
212,0
213,0
214,0
215,0
216,0
217,0
218,0
219,0
220,0
221,0
222,0
223,0
224,0
225,0
226,0
227,0
228,0
229,0
230,0
231,0
232,0
233,0
234,0
235,0
236,0
237,0
238,0
239,0
240,0
241,0
242,0
243,0
244,0
245,0
246,0
247,0
248,0
249,0
250,0
251,0
252,0
253,0
254,0
255,0
256,0
257,0
258,0
259,0
260,0
261,0
262,0
263,0
264,0
265,0
266,0
267,0
268,0
269,0
270,0
271,0
272,0
273,0
274,0
275,0
276,0
277,0
278,0
279,0
280,0
281,0
282,0
283,0
284,0
285,0
286,0
287,0
288,0
289,0
290,0
291,0
292,0
293,0
294,0
295,0
296,0
297,0
298,0
299,0
300,0
301,0
302,0
303,0
304,0
305,0
306,0
307,0
308,0
309,0
310,0
311,0
312,0
313,0
314,0
315,0
316,0
317,0
318,0
319,0
320,0
321,0
322,0
323,0
324,0
325,0
326,0
327,0
328,0
329,0
330,0
331,0
332,0
333,0
334,0
335,0
336,0
337,0
338,0
339,0
340,0
341,0
342,0
343,0
344,0
345,0
346,0
347,0
348,0
349,0
350,0
351,0
352,0
353,0
354,0
355,0
356,0
357,0
358,0
359,0
360,0
361,0
362,0
363,0
364,0
365,0
366,0
367,0
368,0
369,0
370,0
371,0
372,0
373,0
374,0
375,0
376,0
377,0
378,0
379,0
380,0
381,0
382,0
383,0
384,0
385,0
386,0
387,0
388,0
389,0
390,0
391,0
392,0
393,0
394,0
395,0
396,0
397,0
398,0
399,0
400,0
401,0
402,0
403,0
404,0
405,0
406,0
407,0
408,0
409,0
410,0
411,0
412,0
413,0
414,0
415,0
416,0
417,0
418,0
419,0
420,0
421,0
422,0
423,0
424,0
425,0
426,0
427,0
428,0
429,0
430,0
431,0
432,0
433,0
434,0
435,0
436,0
437,0
438,0
439,0
440,0
441,0
442,0
443,0
444,0
445,0
446,0
447,0
448,0
449,0
450,0
451,0
452,0
453,0
454,0
455,0
456,0
457,0
458,0
459,0
460,0
461,0
462,0
463,0
464,0
465,0
466,0
467,0
468,0
469,0
470,0
471,0
472,0
473,0
474,0
475,0
476,0
477,0
478,0
479,0
480,0
481,0
482,0
483,0
484,0
485,0
486,0
487,0
488,0
489,0
490,0
491,0
492,0
493,0
494,0
495,0
496,0
497,0
498,0
499,0
500,0
501,0
502,0
503,0
504,0
505,0
506,0
507,0
508,0
509,0
510,0
511,0
512,0
513,0
514,0
515,0
516,0
517,0
518,0
519,0
520,0
521,0
522,0
523,0
524,0
525,0
526,0
527,0
528,0
529,0
530,0
531,0
532,0
533,0
534,0
535,0
536,0
537,0
538,0
539,0
540,0
541,0
542,0
543,0
544,0
545,0
546,0
547,0
548,0
549,0
550,0
551,0
552,0
553,0
554,0
555,0
556,0
557,0
558,0
559,0
560,0
561,0
562,0
563,0
564,0
565,0
566,0
567,0
568,0
569,0
570,0
571,0
572,0
573,0
574,0
575,0
576,0
577,0
578,0
579,0
580,0
581,0
582,0
583,0
584,0
585,0
586,0
587,0
588,0
589,0
590,0
591,0
592,0
593,0
594,0
595,0
596,0
597,0
598,0
599,0
600,0
601,0
602,0
603,0
604,0
605,0
606,0
607,0
608,0
609,0
610,0
611,0
612,0
613,0
614,0
615,0
616,0
617,0
618,0
619,0
620,0
621,0
622,0
623,0
624,0
625,0
626,0
627,0
628,0
629,0
630,0
631,0
632,0
633,0
634,0
635,0
636,0
637,0
638,0
639,0
640,0
641,0
642,0
643,0
644,0
645,0
646,0
647,0
648,0
649,0
650,0
651,0
652,0
653,0
654,0
655,0
656,0
657,0
658,0
659,0
660,0
661,0
662,0
663,0
664,0
665,0
666,0
667,0
668,0
669,0
670,0
671,0
672,0
673,0
674,0
675,0
676,0
677,0
678,0
679,0
680,0
681,0
682,0
683,0
684,0
685,0
686,0
687,0
688,0
689,0
690,0
691,0
692,0
693,0
694,0
695,0
696,0
697,0
698,0
699,0
700,0
701,0
702,0
703,0
704,0
705,0
706,0
707,0
708,0
709,0
710,0
711,0
712,0
713,0
714,0
715,0
716,0
717,0
718,0
719,0
720,0
721,0
722,0
723,0
724,0
725,0
726,0
727,0
728,0
729,0
730,0
731,0
732,0
733,0
734,0
735,0
736,0
737,0
738,0
739,0
740,0
741,0
742,0
743,0
744,0
745,0
746,0
747,0
748,0
749,0
750,0
751,0
752,0
753,0
754,0
755,0
756,0
757,0
758,0
759,0
760,0
761,0
762,0
763,0
764,0
765,0
766,0
767,0
768,0
769,0
770,0
771,0
772,0
773,0
774,0
775,0
776,0
777,0
778,0
779,0
780,0
781,0
782,0
783,0
784,0
785,0
786,0
787,0
788,0
789,0
790,0
791,0
792,0
793,0
794,0
795,0
796,0
797,0
798,0
799,0
800,0
801,0
802,0
803,0
804,0
805,0
806,0
807,0
808,0
809,0
810,0
811,0
812,0
813,0
814,0
815,0
816,0
817,0
818,0
819,0
820,0
821,0
822,0
823,0
824,0
825,0
826,0
827,0
828,0
829,0
830,0
831,0
832,0
833,0
834,0
835,0
836,0
837,0
838,0
839,0
840,0
841,0
842,0
843,0
844,0
845,0
846,0
847,0
848,0
849,0
850,0
851,0
852,0
853,0
854,0
855,0
856,0
857,0
858,0
859,0
860,0
861,0
862,0
863,0
864,0
865,0
866,0
867,0
868,0
869,0
870,0
871,0
872,0
873,0
874,0
875,0
876,0
877,0
878,0
879,0
880,0
881,0
882,0
883,0
884,0
885,0
886,0
887,0
888,0
889,0
890,0
891,0
892,0
893,0
894,0
895,0
896,0
897,0
898,0
899,0
900,0
901,0
902,0
903,0
904,0
905,0
906,0
907,0
908,0
909,0
910,0
911,0
912,0
913,0
914,0
915,0
916,0
917,0
918,0
919,0
920,0
921,0
922,0
923,0
924,0
925,0
926,0
927,0
928,0
929,0
930,0
931,0
932,0
933,0
934,0
935,0
936,0
937,0
938,0
939,0
940,0
941,0
942,0
943,0
944,0
945,0
946,0
947,0
948,0
949,0
950,0
951,0
952,0
953,0
954,0
955,0
956,0
957,0
958,0
959,0
960,0
961,0
962,0
963,0
964,0
965,0
966,0
967,0
968,0
969,0
970,0
971,0
972,0
973,0
974,0
975,0
976,0
977,0
978,0
979,0
980,0
981,0
982,0
983,0
984,0
985,0
986,0
987,0
988,0
989,0
990,0
991,0
992,0
993,0
994,0
995,0
996,0
997,0
998,0
999,0
1000,0
1001,0
1002,0
1003,0
1004,0
1005,0
1006,0
1007,0
1008,0
1009,0
1010,0
1011,0
1012,0
1013,0
1014,0
1015,0
1016,0
1017,0
1018,0
1019,0
1020,0
1021,0
1022,0
1023,0
1024,0
1025,0
1026,0
1027,0
1028,0
1029,0
1030,0
1031,0
1032,0
1033,0
1034,0
1035,0
1036,0
1037,0
1038,0
1039,0
1040,0
1041,0
1042,0
1043,0
1044,0
1045,0
1046,0
1047,0
1048,0
1049,0
1050,0
1051,0
1052,0
1053,0
1054,0
1055,0
1056,0
1057,0
1058,0
1059,0
1060,0
1061,0
1062,0
1063,0
1064,0
1065,0
1066,0
1067,0
1068,0
1069,0
1070,0
1071,0
1072,0
1073,0
1074,0
1075,0
1076,0
1077,0
1078,0
1079,0
1080,0
1081,0
1082,0
1083,0
1084,0
1085,0
1086,0
1087,0
1088,0
1089,0
1090,0
1091,0
1092,0
1093,0
1094,0
1095,0
1096,0
1097,0
1098,0
1099,0
1100,0
1101,0
1102,0
1103,0
1104,0
1105,0
1106,0
1107,0
1108,0
1109,0
1110,0
1111,0
1112,0
1113,0
1114,0
1115,0
1116,0
1117,0
1118,0
1119,0
1120,0
1121,0
1122,0
1123,0
1124,0
1125,0
1126,0
1127,0
1128,0
1129,0
1130,0
1131,0
1132,0
1133,0
1134,0
1135,0
1136,0
1137,0
1138,0
1139,0
1140,0
1141,0
1142,0
1143,0
1144,0
1145,0
1146,0
1147,0
1148,0
1149,0
1150,0
1151,0
1152,0
1153,0
1154,0
1155,0
1156,0
1157,0
1158,0
1159,0
1160,0
1161,0
1162,0
1163,0
1164,0
1165,0
1166,0
1167,0
1168,0
1169,0
1170,0
1171,0
1172,0
1173,0
1174,0
1175,0
1176,0
1177,0
1178,0
1179,0
1180,0
1181,0
1182,0
1183,0
1184,0
1185,0
1186,0
1187,0
1188,0
1189,0
1190,0
1191,0
1192,0
1193,0
1194,0
1195,0
1196,0
1197,0
1198,0
1199,0
1200,0
1201,0
1202,0
1203,0
1204,0
1205,0
1206,0
1207,0
1208,0
1209,0
1210,0
1211,0
1212,0
1213,0
1214,0
1215,0
1216,0
1217,0
1218,0
1219,0
1220,0
1221,0
1222,0
1223,0
1224,0
1225,0
1226,0
1227,0
1228,0
1229,0
1230,0
1231,0
1232,0
1233,0
1234,0
1235,0
1236,0
1237,0
1238,0
1239,0
1240,0
1241,0
1242,0
1243,0
1244,0
1245,0
1246,0
1247,0
1248,0
1249,0
1250,0
1251,0
1252,0
1253,0
1254,0
1255,0
1256,0
1257,0
1258,0
1259,0
1260,0
1261,0
1262,0
1263,0
1264,0
1265,0
1266,0
1267,0
1268,0
1269,0
1270,0
1271,0
1272,0
1273,0
1274,0
1275,0
1276,0
1277,0
1278,0
1279,0
1280,0
1281,0
1282,0
1283,0
1284,0
1285,0
1286,0
1287,0
1288,0
1289,0
1290,0
1291,0
1292,0
1293,0
1294,0
1295,0
1296,0
1297,0
1298,0
1299,0
1300,0
1301,0
1302,0
1303,0
1304,0
1305,0
1306,0
1307,0
1308,0
1309,0
1310,0
1311,0
1312,0
1313,0
1314,0
1315,0
1316,0
1317,0
1318,0
1319,0
1320,0
1321,0
1322,0
1323,0
1324,0
1325,0
1326,0
1327,0
1328,0
1329,0
1330,0
1331,0
1332,0
1333,0
1334,0
1335,0
1336,0
1337,0
1338,0
1339,0
1340,0
1341,0
1342,0
1343,0
1344,0
1345,0
1346,0
1347,0
1348,0
1349,0
1350,0
1351,0
1352,0
1353,0
1354,0
1355,0
1356,0
1357,0
1358,0
1359,0
1360,0
1361,0
1362,0
1363,0
1364,0
1365,0
1366,0
1367,0
1368,0
1369,0
1370,0
1371,0
1372,0
1373,0
1374,0
1375,0
1376,0
1377,0
1378,0
1379,0
1380,0
1381,0
1382,0
1383,0
1384,0
1385,0
1386,0
1387,0
1388,0
1389,0
1390,0
1391,0
1392,0
1393,0
1394,0
1395,0
1396,0
1397,0
1398,0
1399,0
1400,0
1401,0
1402,0
1403,0
1404,0
1405,0
1406,0
1407,0
1408,0
1409,0
1410,0
1411,0
1412,0
1413,0
1414,0
1415,0
1416,0
1417,0
1418,0
1419,0
1420,0
1421,0
1422,0
1423,0
1424,0
1425,0
1426,0
1427,0
1428,0
1429,0
1430,0
1431,0
1432,0
1433,0
1434,0
1435,0
1436,0
1437,0
1438,0
1439,0
1440,0
1441,0
1442,0
1443,0
1444,0
1445,0
1446,0
1447,0
1448,0
1449,0
1450,0
1451,0
1452,0
1453,0
1454,0
1455,0
1456,0
1457,0
1458,0
1459,0
1460,0
1461,0
1462,0
1463,0
1464,0
1465,0
1466,0
1467,0
1468,0
1469,0
1470,0
1471,0
1472,0
1473,0
1474,0
1475,0
1476,0
1477,0
1478,0
1479,0
1480,0
1481,0
1482,0
1483,0
1484,0
1485,0
1486,0
1487,0
1488,0
1489,0
1490,0
1491,0
1492,0
1493,0
1494,0
1495,0
1496,0
1497,0
1498,0
1499,0
1500,-8.9274
1501,-23.404
1502,-38.649
1503,-53.544
1504,-63.961
1505,-72.153
1506,-82.612
1507,-93.16
1508,-108.8
1509,-125.44
1510,-141.27
1511,-158.94
1512,-179.29
1513,-198.97
1514,-219.48
1515,-241.88
1516,-261.93
1517,-282.29
1518,-297.77
1519,-307.54
1520,-310.39
1521,-321.6
1522,-330.64
1523,-334.84
1524,-338.19
1525,-345.35
1526,-354.75
1527,-372.9
1528,-384.75
1529,-397.48
1530,-407.69
1531,-418.67
1532,-427.72
1533,-436.28
1534,-445.7
1535,-453.19
1536,-460.92
1537,-469.5
1538,-480.78
1539,-498.17
1540,-509.56
1541,-519.3
1542,-526.16
1543,-536.3
1544,-548.08
1545,-563.45
1546,-573.72
1547,-581.5
1548,-591.57
1549,-607.72
1550,-622.16
1551,-632.64
1552,-643.7
1553,-656.53
1554,-667.82
1555,-681.11
1556,-693.59
1557,-705.06
1558,-711.5
1559,-717.2
1560,-728.26
1561,-742.17
1562,-757.04
1563,-767.56
1564,-778.36
1565,-790.14
1566,-797.69
1567,-804.89
1568,-815.37
1569,-826.29
1570,-837
1571,-845.68
1572,-854.71
1573,-859.51
1574,-860.29
1575,-868.69
1576,-881.66
1577,-894.92
1578,-904.86
1579,-913.07
1580,-918.72
1581,-928.58
1582,-937.44
1583,-946.05
1584,-952.49
1585,-955.73
1586,-960.02
1587,-967.65
1588,-973.16
1589,-978.62
1590,-984.91
1591,-991.24
1592,-992.53
1593,-995.08
1594,-995.75
1595,-999.73
1596,-1005.9
1597,-1011.3
1598,-1015.9
1599,-1020.2
1600,-1024.7
1601,-1033.2
1602,-1039.4
1603,-1040.6
1604,-1046.6
1605,-1050.6
1606,-1050.2
1607,-1050.9
1608,-1057.3
1609,-1062.9
1610,-1059.5
1611,-1057.6
1612,-1062.4
1613,-1067.9
1614,-1065.5
1615,-1059.4
1616,-1057.2
1617,-1052.3
1618,-1051.9
1619,-1057.6
1620,-1061.7
1621,-1067.3
1622,-1075.1
1623,-1085.8
1624,-1090.1
1625,-1092.9
1626,-1092.9
1627,-1087.1
1628,-1085.5
1629,-1091.8
1630,-1097.7
1631,-1100.6
1632,-1106.5
1633,-1105.2
1634,-1097.7
1635,-1089
1636,-1080
1637,-1075.5
1638,-1069.5
1639,-1065.7
1640,-1063.6
1641,-1060.3
1642,-1060.3
1643,-1057.2
1644,-1050.5
1645,-1049
1646,-1048.5
1647,-1046.9
1648,-1048
1649,-1047.1
1650,-1045.1
1651,-1045.3
1652,-1048.4
1653,-1048.1
1654,-1043.5
1655,-1037.8
1656,-1037.1
1657,-1039.3
1658,-1038.7
1659,-1037.4
1660,-1031.7
1661,-1024.9
1662,-1016.1
1663,-1009.2
1664,-1002.5
1665,-995.02
1666,-992.46
1667,-993.15
1668,-990.15
1669,-984.54
1670,-978.28
1671,-969.86
1672,-961.93
1673,-959.05
1674,-965.38
1675,-965.84
1676,-963.45
1677,-961.63
1678,-961.54
1679,-959.31
1680,-955.61
1681,-957.11
1682,-958.2
1683,-958.78
1684,-963.78
1685,-968.75
1686,-966.68
1687,-963.92
1688,-963.99
1689,-961.63
1690,-953.03
1691,-951.98
1692,-953.67
1693,-945.32
1694,-933.15
1695,-924.33
1696,-917.64
1697,-910.61
1698,-903.04
1699,-902.06
1700,-897.85
1701,-898.13
1702,-897.82
1703,-900.17
1704,-900.2
1705,-895.05
1706,-889.39
1707,-884.56
1708,-881.88
1709,-878.23
1710,-880.44
1711,-880.5
1712,-878.39
1713,-874.96
1714,-871.02
1715,-870.76
1716,-871.74
1717,-872.7
1718,-873.73
1719,-873.4
1720,-870.14
1721,-868.23
1722,-865.51
1723,-861.79
1724,-859.9
1725,-854
1726,-850.12
1727,-848.59
1728,-847.09
1729,-843.24
1730,-838.81
1731,-835
1732,-835.36
1733,-836.96
1734,-837.8
1735,-841.4
1736,-841.1
1737,-841.96
1738,-841.53
1739,-840.29
1740,-834.56
1741,-833.14
1742,-832.17
1743,-828.95
1744,-821.77
1745,-815.18
1746,-808.49
1747,-800.96
1748,-794.43
1749,-787.16
1750,-779.67
1751,-775.75
1752,-774.02
1753,-773.37
1754,-774.68
1755,-772.44
1756,-772.39
1757,-770.45
1758,-768.08
1759,-767.42
1760,-766.85
1761,-760.21
1762,-752.91
1763,-751.58
1764,-749.93
1765,-751.14
1766,-749.24
1767,-745.84
1768,-741.42
1769,-735.63
1770,-733.13
1771,-724.72
1772,-719.73
1773,-717.1
1774,-711.48
1775,-704.89
1776,-697.94
1777,-695.18
1778,-694.03
1779,-694.14
1780,-693.97
1781,-692.3
1782,-687.66
1783,-684.51
1784,-682.18
1785,-681.02
1786,-681.63
1787,-685.07
1788,-687.38
1789,-686.62
1790,-688.9
1791,-688.13
1792,-688.99
1793,-687.92
1794,-687.94
1795,-681.52
1796,-674.81
1797,-669.16
1798,-664.44
1799,-658.48
1800,-652.44
1801,-648.21
1802,-649.67
1803,-648.84
1804,-646.7
1805,-644.2
1806,-644.93
1807,-643.09
1808,-641.94
1809,-641.94
1810,-639.43
1811,-634.94
1812,-632.53
1813,-625.99
1814,-620.33
1815,-615.47
1816,-611.28
1817,-606.53
1818,-603.19
1819,-599.84
1820,-597.72
1821,-596.69
1822,-596.65
1823,-594
1824,-591.36
1825,-589.09
1826,-585.99
1827,-584.47
1828,-580.62
1829,-577.44
1830,-574.82
1831,-575.03
1832,-571.98
1833,-570.41
1834,-571.89
1835,-574.11
1836,-570.59
1837,-565.91
1838,-563.31
1839,-560.59
1840,-561.2
1841,-564.81
1842,-566.49
1843,-565.97
1844,-566.2
1845,-558.93
1846,-553.13
1847,-547.67
1848,-544.83
1849,-538.87
1850,-533.97
1851,-530.87
1852,-525.82
1853,-522.95
1854,-520.37
1855,-519.2
1856,-520.35
1857,-522.41
1858,-522.1
1859,-523.21
1860,-523.27
1861,-527.2
1862,-529.11
1863,-528.45
1864,-525.38
1865,-522.19
1866,-519.69
1867,-515.48
1868,-512.57
1869,-507.82
1870,-501.66
1871,-496.28
1872,-491.66
1873,-485.95
1874,-480.06
1875,-479.13
1876,-476.47
1877,-470.04
1878,-465.21
1879,-459.98
1880,-459.27
1881,-458.18
1882,-460.36
1883,-461.09
1884,-460.83
1885,-459.8
1886,-457.04
1887,-452.07
1888,-443.38
1889,-440.86
1890,-440.95
1891,-439.45
1892,-436.94
1893,-431.87
1894,-427.14
1895,-423.88
1896,-418.84
1897,-414.29
1898,-409.98
1899,-407.35
1900,-407.41
1901,-404.73
1902,-400.97
1903,-395.45
1904,-391.29
1905,-388.95
1906,-384.17
1907,-386.08
1908,-387.17
1909,-386.46
1910,-387.11
1911,-387.19
1912,-384.93
1913,-382.97
1914,-384.84
1915,-382.9
1916,-381.03
1917,-378.76
1918,-375.33
1919,-373.37
1920,-369.6
1921,-366.96
1922,-363.53
1923,-357.67
1924,-350.27
1925,-341.47
1926,-335.5
1927,-327.28
1928,-320.24
1929,-313.03
1930,-305.85
1931,-304.14
1932,-302.92
1933,-302.5
1934,-300.82
1935,-299.58
1936,-297.04
1937,-294.2
1938,-289.13
1939,-283.77
1940,-283.43
1941,-279.55
1942,-274.14
1943,-271.18
1944,-268.43
1945,-266.23
1946,-265.65
1947,-260.4
1948,-253.6
1949,-247.66
1950,-237.9
1951,-232.1
1952,-228.81
1953,-225.35
1954,-222.46
1955,-219.93
1956,-217.23
1957,-215.74
1958,-214.54
1959,-216.36
1960,-217.29
1961,-215.57
1962,-211.15
1963,-205.26
1964,-200.96
1965,-201.42
1966,-200.05
1967,-197.28
1968,-196.58
1969,-194.78
1970,-193
1971,-193.44
1972,-194.53
1973,-195.26
1974,-195.03
1975,-189.79
1976,-184.71
1977,-181.42
1978,-180.19
1979,-180.53
1980,-179.06
1981,-179.68
1982,-175.61
1983,-172.56
1984,-171.89
1985,-167.4
1986,-165.35
1987,-164.81
1988,-164.23
1989,-162.99
1990,-164.34
1991,-166.46
1992,-164.8
1993,-162.87
1994,-160.16
1995,-159.49
1996,-157.39
1997,-156.32
1998,-156.34
1999,-154.42
2000,-154.97
2001,-154.97
2002,-152.97
2003,-148.76
2004,-147.2
2005,-148.5
2006,-149.23
2007,-147.65
2008,-145.38
2009,-142.45
2010,-139.76
2011,-136
2012,-134.36
2013,-129.84
2014,-124.92
2015,-120.85
2016,-113.14
2017,-107.91
2018,-101.97
2019,-99.054
2020,-93.702
2021,-94.837
2022,-92.753
2023,-86.695
2024,-75.109
2025,-67.85
2026,-65.479
2027,-62.433
2028,-60.654
2029,-60.487
2030,-56.992
2031,-53.291
2032,-50.862
2033,-45.818
2034,-38.749
2035,-34.339
2036,-31.574
2037,-27.467
2038,-21.566
2039,-16.866
2040,-11.436
2041,-9.4595
2042,-7.3067
2043,-4.6986
2044,1.3142
2045,9.9537
2046,15.666
2047,19.854
2048,23.741
2049,25.604
2050,27.025
2051,29.146
2052,34.32
2053,36.142
2054,36.457
2055,37.716
2056,41.594
2057,46.848
2058,47.048
2059,52.857
2060,59.633
2061,63.882
2062,65.065
2063,65.38
2064,65.547
2065,66.357
2066,65.996
2067,68.903
2068,75.3
2069,80.213
2070,86.268
2071,85.391
2072,82.369
2073,81.729
2074,84.157
2075,88.951
2076,93.348
2077,99.575
2078,103.12
2079,103.38
2080,104.81
2081,107.5
2082,107.43
2083,105.47
2084,101.78
2085,101.94
2086,105.83
2087,111.24
2088,117.91
2089,123.82
2090,129.37
2091,133.04
2092,135.22
2093,142.31
2094,147.99
2095,152.71
2096,155.69
2097,160
2098,166.12
2099,173.34
2100,180.43
2101,184.07
2102,187.08
2103,192.5
2104,195.6
2105,199.25
2106,205.69
2107,209.15
2108,212.5
2109,213.88
2110,215.41
2111,213.9
2112,212.17
2113,213.16
2114,216.44
2115,216.46
2116,215.36
2117,216.71
2118,220.38
2119,226.91
2120,228.81
2121,230.34
2122,231.94
2123,235.15
2124,237.69
2125,242.26
2126,245.77
2127,245.5
2128,244.65
2129,245.54
2130,247.54
2131,247
2132,249.14
2133,251.86
2134,254.34
2135,252.83
2136,253.07
2137,256.35
2138,262.91
2139,265.04
2140,264.83
2141,267.46
2142,270.45
2143,276.12
2144,282.41
2145,284.91
2146,289.13
2147,293.39
2148,298.52
2149,303.65
2150,305.21
2151,308.03
2152,308.74
2153,308.2
2154,308.8
2155,309.08
2156,310.19
2157,313.71
2158,318.7
2159,319.57
2160,317.83
2161,312.74
2162,310.18
2163,310.21
2164,308.92
2165,309.84
2166,314.85
2167,320.09
2168,325
2169,328.78
2170,331.48
2171,334.08
2172,336.09
2173,334.85
2174,335.82
2175,338.93
2176,339.79
2177,341.94
2178,341.96
2179,342
2180,340.62
2181,340.58
2182,341.06
2183,342.69
2184,345.92
2185,350.71
2186,354.84
2187,353.73
2188,352.49
2189,354.32
2190,355.01
2191,358.86
2192,364.16
2193,367.33
2194,369.21
2195,369.01
2196,371.69
2197,377.13
2198,381.98
2199,384.81
2200,382.75
2201,380.67
2202,380.49
2203,380.31
2204,384.96
2205,385
2206,383.51
2207,380.44
2208,379.12
2209,377.63
2210,377.53
2211,380.22
2212,380.93
2213,383.96
2214,384.96
2215,386.06
2216,386.04
2217,383.06
2218,380.59
2219,378.7
2220,376.92
2221,377.05
2222,376.01
2223,378.05
2224,376.99
2225,376.86
2226,379.33
2227,380.3
2228,379.25
2229,376.92
2230,374.54
2231,374.59
2232,374.38
2233,372.8
2234,372.83
2235,371.14
2236,371.69
2237,376.55
2238,377.99
2239,375.55
2240,373.4
2241,376.02
2242,381.95
2243,385.08
2244,384.7
2245,382.19
2246,380.71
2247,379.96
2248,378.92
2249,379.29
2250,381.96
2251,389.03
2252,392.05
2253,389.08
2254,387.38
2255,386.66
2256,384.8
2257,384.71
2258,387.75
2259,387.42
2260,388.39
2261,389.46
2262,391.38
2263,392.39
2264,393.37
2265,392.96
2266,395.23
2267,392.96
2268,395.97
2269,401.01
2270,406.21
2271,407.57
2272,408.47
2273,409.59
2274,409.92
2275,408.17
2276,407.29
2277,406.58
2278,407.02
2279,404.66
2280,399.52
2281,396.38
2282,393.42
2283,390.19
2284,390.82
2285,393.94
2286,398.65
2287,404.04
2288,409.81
2289,417.39
2290,426.27
2291,428.1
2292,431.04
2293,433.28
2294,432.01
2295,428.51
2296,424.68
2297,426.77
2298,427.54
2299,428.24
2300,428.44
2301,427.8
2302,426.07
2303,424.61
2304,420.91
2305,419.87
2306,422.44
2307,425.18
2308,429.29
2309,431.77
2310,429.51
2311,425.9
2312,423.61
2313,422.01
2314,420.82
2315,422.16
2316,423.06
2317,426.5
2318,427.97
2319,435.13
2320,443.15
2321,449.05
2322,456.52
2323,460.7
2324,463.57
2325,465.67
2326,464.77
2327,464.62
2328,468.27
2329,470.07
2330,474.22
2331,478.22
2332,488.64
2333,495.29
2334,500.78
2335,499.92
2336,500.19
2337,499.99
2338,499.41
2339,496.85
2340,497.26
2341,499.15
2342,503.97
2343,505.22
2344,503.03
2345,501.66
2346,497.04
2347,494.24
2348,491.9
2349,494.99
2350,497.97
2351,498.12
2352,494.44
2353,494.3
2354,495.86
2355,496.01
2356,493.26
2357,492.68
2358,494.43
2359,495.11
2360,494.85
2361,494.31
2362,493.7
2363,491.84
2364,491.77
2365,489.83
2366,492.45
2367,497.23
2368,498.97
2369,498.72
2370,494.46
2371,490.58
2372,486.79
2373,483.52
2374,479.64
2375,476.48
2376,471.78
2377,466.83
2378,464.38
2379,465.4
2380,469.75
2381,475.89
2382,480.11
2383,482.97
2384,483.53
2385,484.11
2386,485.57
2387,487.1
2388,486.02
2389,484.55
2390,482.5
2391,480.79
2392,479.2
2393,476.86
2394,474.98
2395,472.99
2396,470.73
2397,469.52
2398,469.51
2399,465.57
2400,466.16
2401,466.97
2402,469.03
2403,468.49
2404,466.72
2405,464.49
2406,461.57
2407,458.29
2408,456.52
2409,457.83
2410,457.27
2411,457.31
2412,454.45
2413,451.39
2414,448
2415,445.27
2416,443.13
2417,440.56
2418,442.38
2419,441.94
2420,438.73
2421,438.45
2422,440.64
2423,443.66
2424,445.62
2425,444.93
2426,446.82
2427,446.07
2428,447.01
2429,454.62
2430,456.46
2431,457.13
2432,456.66
2433,457.5
2434,459.17
2435,461.76
2436,463.3
2437,462.59
2438,460.78
2439,461.14
2440,460.91
2441,458.47
2442,454.8
2443,452.82
2444,453.48
2445,456.34
2446,461.68
2447,464.88
2448,467.09
2449,467.68
2450,469.49
2451,471.19
2452,477.06
2453,481.25
2454,481.53
2455,479.06
2456,477.7
2457,472.6
2458,469.79
2459,464.65
2460,458.75
2461,452.44
2462,448.19
2463,444.12
2464,444.48
2465,448.03
2466,453.32
2467,454.91
2468,453.38
2469,452.62
2470,454.17
2471,457.07
2472,460.99
2473,463.46
2474,463.79
2475,464.96
2476,468.47
2477,470.68
2478,471.31
2479,471.03
2480,466.81
2481,462.9
2482,460.68
2483,459.47
2484,458.82
2485,462.65
2486,465.39
2487,465.57
2488,465.47
2489,469.54
2490,476.36
2491,480.32
2492,485.16
2493,486.72
2494,487.27
2495,487.13
2496,491.69
2497,496.09
2498,503.4
2499,512.1
2500,516.86
2501,518.51
2502,517.62
2503,515.45
2504,511.6
2505,511.66
2506,514.81
2507,515.93
2508,515.12
2509,512.5
2510,509.83
2511,510.91
2512,508.01
2513,501.74
2514,499.95
2515,503.19
2516,504.44
2517,509.37
2518,511.21
2519,518.85
2520,522.5
2521,524.35
2522,521.58
2523,520.98
2524,517.06
2525,514.86
2526,511.2
2527,510.53
2528,509.89
2529,510.13
2530,515.2
2531,516.76
2532,515.48
2533,514.36
2534,513.71
2535,514.98
2536,510.55
2537,505.62
2538,502.75
2539,501.34
2540,501.96
2541,499.15
2542,498.58
2543,501.16
2544,502.79
2545,506.51
2546,510.86
2547,509.77
2548,513.05
2549,517.23
2550,519.15
2551,524.02
2552,525.16
2553,525.6
2554,526.77
2555,531.47
2556,534.15
2557,538.48
2558,544.29
2559,546.92
2560,551.62
2561,555.66
2562,559.52
2563,563.35
2564,564.86
2565,566.32
2566,568.32
2567,569.85
2568,572.92
2569,578.3
2570,584.52
2571,588.04
2572,592.1
2573,599.21
2574,609.63
2575,618.33
2576,620.19
2577,623.49
2578,627.37
2579,628.32
2580,630.85
2581,634.12
2582,632.42
2583,629.44
2584,622.56
2585,619.08
2586,617.36
2587,618.13
2588,616.02
2589,612.58
2590,612.04
2591,610.84
2592,613.42
2593,616.24
2594,615.29
2595,610.94
2596,606.46
2597,600.85
2598,595.29
2599,595.55
2600,598.14
2601,599.69
2602,606.3
2603,608.08
2604,606.66
2605,604.8
2606,601.7
2607,601.87
2608,599.48
2609,595.66
2610,592.73
2611,589.88
2612,589.13
2613,590.02
2614,594.96
2615,596.24
2616,596.29
2617,603.25
2618,609.89
2619,614.18
2620,621.06
2621,627.12
2622,630.57
2623,632.92
2624,634.52
2625,635.42
2626,633.36
2627,632.93
2628,631.76
2629,631.14
2630,629.35
2631,625.98
2632,628.27
2633,626.69
2634,626.6
2635,626.76
2636,629.11
2637,628.89
2638,633.91
2639,641.28
2640,647.89
2641,647.72
2642,641.96
2643,640.41
2644,636.42
2645,631.23
2646,628.77
2647,629.54
2648,630.19
2649,632.66
2650,636.67
2651,639.44
2652,637.38
2653,633.09
2654,631.84
2655,628.59
2656,624.28
2657,625.95
2658,627.73
2659,626.51
2660,621.77
2661,618.97
2662,615.9
2663,613.89
2664,611.14
2665,610.08
2666,610.03
2667,608.95
2668,611.52
2669,614.43
2670,612.29
2671,609.9
2672,608.89
2673,606.39
2674,602.93
2675,600.52
2676,599.46
2677,601.51
2678,598.75
2679,596.98
2680,595.77
2681,595.55
2682,594.99
2683,598.3
2684,601.14
2685,602.79
2686,604.75
2687,602.43
2688,597.6
2689,596.38
2690,596.95
2691,600.52
2692,602.02
2693,604.55
2694,605.46
2695,604.35
2696,601.63
2697,601.94
2698,602.67
2699,602.88
2700,605.63
2701,607.35
2702,606.55
2703,605.63
2704,607.45
2705,613.49
2706,620.78
2707,623.71
2708,626
2709,633.22
2710,638.77
2711,643.6
2712,647.87
2713,649.75
2714,655.43
2715,659.26
2716,665.67
2717,669.91
2718,671.74
2719,671.16
2720,669.28
2721,668.52
2722,665.96
2723,662.3
2724,661.7
2725,657.98
2726,656.14
2727,655.47
2728,653.67
2729,652.56
2730,650.92
2731,648.08
2732,644.22
2733,642.11
2734,640.49
2735,638.95
2736,635.25
2737,636.44
2738,637.6
2739,638.63
2740,639.98
2741,636.08
2742,629.23
2743,624.63
2744,621.32
2745,620.35
2746,622.87
2747,623.69
2748,620.57
2749,617.8
2750,612.74
2751,608.6
2752,606.09
2753,605.54
2754,603.41
2755,605.68
2756,607.29
2757,607.38
2758,608.37
2759,611.21
2760,614.77
2761,619.44
2762,619.38
2763,617.06
2764,615.76
2765,614.3
2766,611.61
2767,610.47
2768,612.18
2769,611.92
2770,607.55
2771,605.43
2772,603.92
2773,607.6
2774,605.59
2775,604.92
2776,605.28
2777,605.15
2778,609.28
2779,611.05
2780,610.29
2781,608.02
2782,607.21
2783,606.12
2784,601.06
2785,600.84
2786,605.35
2787,612.4
2788,621.39
2789,627.1
2790,634.47
2791,640.29
2792,646.52
2793,653.54
2794,656.1
2795,660.98
2796,667.05
2797,670.82
2798,671.77
2799,675.18
2800,678.47
2801,685.08
2802,691.14
2803,695.98
2804,698.94
2805,699.52
2806,694.81
2807,688.33
2808,682.32
2809,678.87
2810,675.35
2811,671.24
2812,671.51
2813,671.9
2814,673.51
2815,673.09
2816,669.11
2817,666.05
2818,661.62
2819,654.14
2820,647.4
2821,642.97
2822,643.06
2823,642.52
2824,637.17
2825,632.33
2826,628.68
2827,625.41
2828,620.02
2829,616.51
2830,615.81
2831,618.5
2832,621.12
2833,626.46
2834,627.1
2835,627.05
2836,625.88
2837,623.86
2838,626.49
2839,630.09
2840,629.59
2841,629.6
2842,632.66
2843,636.03
2844,638.02
2845,639.65
2846,640.32
2847,640.96
2848,644.44
2849,652.03
2850,661.05
2851,666.24
2852,668.51
2853,666.89
2854,663.99
2855,665.46
2856,660.2
2857,654.15
2858,652.98
2859,654.69
2860,652.57
2861,652.4
2862,650.66
2863,650.52
2864,651.78
2865,654.64
2866,659.6
2867,661.46
2868,661.22
2869,663.56
2870,667.14
2871,667.15
2872,663.9
2873,667.17
2874,673.3
2875,681.85
2876,684
2877,687.11
2878,688.28
2879,688.26
2880,690.02
2881,690.8
2882,693.01
2883,694.11
2884,696.68
2885,696.91
2886,697.99
2887,695.8
2888,695.16
2889,699.58
2890,699.96
2891,695.63
2892,690.77
2893,689.06
2894,690.21
2895,688.67
2896,692.2
2897,699.21
2898,704.39
2899,703.19
2900,700.81
2901,699.14
2902,694.08
2903,687.71
2904,681.51
2905,676.47
2906,671.72
2907,670.61
2908,672.64
2909,675.68
2910,679.31
2911,679.04
2912,680.01
2913,682.09
2914,688.78
2915,696.58
2916,700.07
2917,702.04
2918,704.96
2919,701.62
2920,699.68
2921,698.01
2922,698.07
2923,698.18
2924,699
2925,701.12
2926,703.05
2927,703.96
2928,709.6
2929,715.86
2930,720.35
2931,726.86
2932,729.49
2933,729.76
2934,727.56
2935,729.9
2936,731.27
2937,724.78
2938,719.79
2939,717.94
2940,716.65
2941,713.84
2942,710.32
2943,709.4
2944,705.78
2945,703.66
2946,703.76
2947,704.44
2948,702.14
2949,698.76
2950,696.22
2951,697.3
2952,694.68
2953,690.29
2954,685.69
2955,685.53
2956,688.78
2957,689.5
2958,687.77
2959,684.79
2960,683.99
2961,683.42
2962,688.36
2963,695.01
2964,701.73
2965,704.84
2966,705.89
2967,704.31
2968,700.52
2969,699.47
2970,701.19
2971,704.23
2972,706.73
2973,709.34
2974,712.72
2975,714.12
2976,715.34
2977,717.8
2978,726.3
2979,732.15
2980,730.55
2981,726.7
2982,726.93
2983,726.46
2984,726.7
2985,729.89
2986,733.84
2987,732.95
2988,734.51
2989,734.92
2990,736.3
2991,732.17
2992,727.7
2993,724.36
2994,723.83
2995,723.76
2996,722.98
2997,727.16
2998,729.01
2999,729.93
3000,731.34
3001,734.5
3002,733.73
3003,737.38
3004,741.92
3005,745.66
3006,744.58
3007,744.92
3008,740.7
3009,737.81
3010,738.83
3011,742.68
3012,748.15
3013,750.08
3014,753.25
3015,751.31
3016,749.12
3017,748.65
3018,745.1
3019,740.59
3020,734.96
3021,731.94
3022,731.58
3023,732.16
3024,735.59
3025,743.04
3026,750.45
3027,755.53
3028,759.2
3029,763.33
3030,762.2
3031,759.89
3032,756.25
3033,752.37
3034,752.66
3035,753.09
3036,751.2
3037,747.87
3038,746.54
3039,748.02
3040,749.56
3041,749.43
3042,749.6
3043,750.05
3044,745.07
3045,742.21
3046,740.99
3047,742.22
3048,744.35
3049,744.81
3050,743.15
3051,737.83
3052,738.06
3053,736.92
3054,734.71
3055,731.05
3056,728.91
3057,727.01
3058,725.52
3059,722.5
3060,724.48
3061,721.11
3062,716.31
3063,716.57
3064,715.69
3065,714.72
3066,715.31
3067,716.94
3068,714.65
3069,711.92
3070,708.45
3071,704.76
3072,704.15
3073,707.41
3074,710.8
3075,712.46
3076,714.2
3077,715.99
3078,720.08
3079,722.59
3080,727.33
3081,728.89
3082,725.84
3083,724.39
3084,726.53
3085,725.64
3086,727.02
3087,724.49
3088,721.38
3089,722.71
3090,727.86
3091,733.73
3092,734.56
3093,735.17
3094,733.89
3095,729.57
3096,731.46
3097,733.19
3098,733.41
3099,735.52
3100,741.86
3101,745.19
3102,750.84
3103,751.12
3104,751.56
3105,754.64
3106,755.92
3107,758.6
3108,757.71
3109,759.48
3110,759.01
3111,756.76
3112,752.8
3113,748.55
3114,744.96
3115,742.61
3116,740.37
3117,743.34
3118,747.62
3119,749.8
3120,751.3
3121,751.75
3122,749.16
3123,751.1
3124,752.82
3125,756.17
3126,761.1
3127,760.93
3128,759.3
3129,756.3
3130,754.09
3131,752.27
3132,749.24
3133,746.07
3134,740.08
3135,736.96
3136,734.03
3137,728.74
3138,721.92
3139,714.76
3140,713.89
3141,713.52
3142,713.51
3143,712.79
3144,715.22
3145,716.33
3146,717.42
3147,717.01
3148,717.98
3149,719.02
3150,718.37
3151,718.22
3152,717.96
3153,721.95
3154,723.14
3155,722.95
3156,722.06
3157,718.96
3158,717.61
3159,717.13
3160,712.87
3161,710.42
3162,709.73
3163,707.96
3164,704.39
3165,702.91
3166,703.53
3167,702.64
3168,700.88
3169,697.13
3170,694.83
3171,694.81
3172,689.66
3173,691.16
3174,691.34
3175,693.99
3176,698.62
3177,698.89
3178,700.05
3179,699.9
3180,704.18
3181,701.42
3182,699.77
3183,699.45
3184,697.85
3185,697.82
3186,696.23
3187,694.44
3188,689.22
3189,685.92
3190,682.92
3191,681.17
3192,684.09
3193,690.14
3194,696.19
3195,700.28
3196,710.4
3197,723.94
3198,734.32
3199,737.9
3200,739.67
3201,740.97
3202,743.61
3203,743.82
3204,747.16
3205,746.82
3206,745.42
3207,743.76
3208,743.74
3209,745.33
3210,747.63
3211,747.57
3212,750.24
3213,749.36
3214,747.18
3215,744.26
3216,746.28
3217,748.96
3218,751.06
3219,753.2
3220,753.69
3221,757.4
3222,759.63
3223,758.41
3224,757.99
3225,758.47
3226,762.26
3227,765.9
3228,768.64
3229,768.88
3230,768.84
3231,768.37
3232,772.88
3233,777.3
3234,781.73
3235,783.66
3236,779.15
3237,776.28
3238,775.96
3239,779.77
3240,784.24
3241,783.49
3242,783.64
3243,784.02
3244,783.79
3245,784.11
3246,782.01
3247,779.93
3248,779.97
3249,785.03
3250,784.62
3251,778.82
3252,777.02
3253,776.59
3254,777.28
3255,776.2
3256,777.77
3257,779.82
3258,778.86
3259,782.38
3260,782.49
3261,777.89
3262,776.83
3263,773.38
3264,767.43
3265,761.36
3266,754.12
3267,752.02
3268,746.97
3269,743.64
3270,740.8
3271,737.81
3272,734.95
3273,736.12
3274,742.98
3275,747.15
3276,749.65
3277,751.82
3278,751.11
3279,750.37
3280,750.31
3281,746.08
3282,745.55
3283,744.14
3284,746.75
3285,750.64
3286,755.36
3287,760.81
3288,764.04
3289,764.74
3290,770.35
3291,773.03
3292,776.3
3293,776.73
3294,777.06
3295,780.34
3296,784.88
3297,789.7
3298,794.51
3299,797.25
3300,797.25
3301,796.77
3302,795.89
3303,794.22
3304,796.89
3305,799.16
3306,808.43
3307,816.43
3308,820.87
3309,823.67
3310,821.79
3311,817.8
3312,817.48
3313,816.28
3314,813.33
3315,812.36
3316,810.29
3317,807.54
3318,805.87
3319,804.57
3320,804.91
3321,808.79
3322,809.04
3323,810.19
3324,812.61
3325,817.13
3326,818.83
3327,828.91
3328,835.01
3329,837.29
3330,836.8
3331,834.42
3332,832.87
3333,836.74
3334,839.45
3335,837.02
3336,836.09
3337,837.5
3338,837.53
3339,834.78
3340,834.19
3341,833.26
3342,829.48
3343,822.79
3344,814.03
3345,806.01
3346,801.9
3347,798.14
3348,792.5
3349,782.88
3350,776.18
3351,772.66
3352,767.39
3353,762.2
3354,764.47
3355,762.75
3356,756.89
3357,754.42
3358,750.33
3359,745.51
3360,737.95
3361,735.54
3362,730.19
3363,726.62
3364,722.46
3365,719.85
3366,720.4
3367,715.1
3368,711.09
3369,706.85
3370,706.22
3371,706.01
3372,702.6
3373,700.64
3374,696.34
3375,695.1
3376,697.46
3377,702.83
3378,709.2
3379,715.83
3380,721.39
3381,721.53
3382,722.56
3383,724.22
3384,726.72
3385,724.89
3386,722.7
3387,721.22
3388,720.8
3389,718.34
3390,713.96
3391,708.67
3392,708.12
3393,711.84
3394,712.62
3395,710.85
3396,706.14
3397,704.25
3398,701.43
3399,697.91
3400,691.63
3401,688.96
3402,688.36
3403,688.6
3404,687.01
3405,686.64
3406,680.81
3407,674.03
3408,668.6
3409,667.48
3410,667.19
3411,668.41
3412,670.39
3413,676.29
3414,682.05
3415,685.55
3416,690.3
3417,693.7
3418,697.45
3419,703.03
3420,704.66
3421,707.21
3422,703.29
3423,701.98
3424,699.69
3425,690.94
3426,683.23
3427,676.72
3428,673.87
3429,672.93
3430,671.3
3431,672.18
3432,673.21
3433,670.53
3434,668.36
3435,667.11
3436,666.16
3437,666.35
3438,666.82
3439,668.7
3440,670.44
3441,672.42
3442,671.53
3443,669.34
3444,668.5
3445,666.25
3446,665.25
3447,666.67
3448,667.51
3449,668.08
3450,665.89
3451,660.54
3452,657.58
3453,657.89
3454,661.76
3455,664.31
3456,665.36
3457,667.31
3458,667.81
3459,668.6
3460,666.26
3461,665.24
3462,661.79
3463,658.71
3464,654.6
3465,648.69
3466,641.84
3467,637.46
3468,634.09
3469,634.7
3470,639.13
3471,642.32
3472,648.24
3473,656.11
3474,660.02
3475,665.41
3476,670.32
3477,670.14
3478,670.66
3479,672.58
3480,670.22
3481,669.95
3482,670.03
3483,674.87
3484,675.15
3485,674.96
3486,672
3487,670.7
3488,669.99
3489,672.71
3490,676.59
3491,682.65
3492,686.32
3493,688.21
3494,691.11
3495,693.97
3496,697.75
3497,702.04
3498,703.93
3499,702.6
3500,704.3
3501,705.41
3502,705.29
3503,702.38
3504,697.76
3505,695.27
3506,697.11
3507,699.15
3508,700.32
3509,700.22
3510,698.67
3511,703.27
3512,710.75
3513,712.14
3514,709.65
3515,707.17
3516,703.89
3517,701.67
3518,702.1
3519,706.45
3520,708.16
3521,710.67
3522,710.56
3523,709.1
3524,708.21
3525,706.04
3526,702.79
3527,698.48
3528,696.44
3529,696.38
3530,696.31
3531,696.03
3532,700.05
3533,703.88
3534,706.56
3535,710.74
3536,713.35
3537,713.74
3538,713.88
3539,714.52
3540,718.06
3541,720.13
3542,724.72
3543,729.58
3544,731.17
3545,728.76
3546,721.37
3547,715.57
3548,711.8
3549,713.21
3550,717.01
3551,721.58
3552,721.94
3553,719.24
3554,720.12
3555,725.61
3556,727.84
3557,728.72
3558,729.04
3559,727.23
3560,721.92
3561,717.23
3562,713.35
3563,708.73
3564,702.9
3565,703.47
3566,705.33
3567,707.14
3568,703.26
3569,701.59
3570,698.62
3571,697.51
3572,694.68
3573,695.56
3574,696.69
3575,695.58
3576,695.7
3577,697.67
3578,696.1
3579,694.01
3580,694.31
3581,695.27
3582,695.75
3583,695.61
3584,695.33
3585,697.72
3586,696.97
3587,694.96
3588,696.77
3589,699.83
3590,703.5
3591,705.16
3592,706.83
3593,712.08
3594,717.35
3595,721.3
3596,726.7
3597,734.26
3598,739.22
3599,740.87
3600,739.86
3601,738.25
3602,734.68
3603,733.2
3604,732.99
3605,735.67
3606,738.45
3607,737.2
3608,731.79
3609,729.94
3610,731.44
3611,735.95
3612,742.32
3613,743.35
3614,742.6
3615,742.51
3616,740.94
3617,743.87
3618,744.19
3619,749.76
3620,751.16
3621,750.63
3622,750.29
3623,748.23
3624,743.94
3625,739.3
3626,737.92
3627,740.96
3628,742.04
3629,747.14
3630,753.27
3631,755.73
3632,756.65
3633,753.53
3634,753.91
3635,754.69
3636,755.12
3637,755.54
3638,757.27
3639,752.86
3640,753.11
3641,752.6
3642,753.04
3643,754.2
3644,752.54
3645,752.99
3646,755.21
3647,756.08
3648,752.79
3649,754.03
3650,752.72
3651,750.56
3652,749.57
3653,747.67
3654,742.94
3655,739.57
3656,739.53
3657,742.22
3658,742.59
3659,741.24
3660,739.79
3661,737.98
3662,734.09
3663,732.46
3664,732.65
3665,732.58
3666,731.26
3667,728.09
3668,725.88
3669,722.51
3670,722.97
3671,724.42
3672,720.03
3673,714.81
3674,711.74
3675,705.81
3676,698.97
3677,693.74
3678,687.35
3679,680.4
3680,679.29
3681,679.66
3682,677.39
3683,673.59
3684,671.96
3685,672.91
3686,672.19
3687,669.12
3688,667.54
3689,665.81
3690,659.96
3691,654.22
3692,650.65
3693,648.6
3694,647.32
3695,646.56
3696,646.73
3697,641.61
3698,637.8
3699,632.41
3700,631.21
3701,630.38
3702,627.69
3703,625.58
3704,624.76
3705,622.53
3706,617.25
3707,613.8
3708,608.6
3709,601.61
3710,597.14
3711,593.84
3712,591.96
3713,591.76
3714,590.85
3715,587.95
3716,584.73
3717,579.66
3718,576.06
3719,571.63
3720,570.15
3721,566.47
3722,565.39
3723,565.79
3724,565.08
3725,562.3
3726,559.93
3727,558.2
3728,558.77
3729,560.14
3730,563.02
3731,567.64
3732,570.98
3733,574.43
3734,577.81
3735,578.08
3736,574.93
3737,572.85
3738,572.7
3739,573.19
3740,571.91
3741,573.16
3742,572.56
3743,569.68
3744,568.66
3745,567.74
3746,569.88
3747,572.48
3748,574.24
3749,577.17
3750,578
3751,577.28
3752,574.64
3753,575.82
3754,575.23
3755,574.41
3756,572.65
3757,574.97
3758,579.58
3759,586.47
3760,589.63
3761,595.52
3762,599.46
3763,599.43
3764,597.33
3765,596.49
3766,596.92
3767,598.88
3768,600.08
3769,598.77
3770,598.09
3771,600.89
3772,606.8
3773,611.9
3774,615.32
3775,618.76
3776,616.48
3777,616.02
3778,614.91
3779,614.16
3780,613.55
3781,611.79
3782,610.2
3783,606.03
3784,603.11
3785,601.35
3786,598.69
3787,594.85
3788,590.33
3789,589.09
3790,585.6
3791,582.69
3792,577.81
3793,571.55
3794,568.67
3795,567.6
3796,564.43
3797,560.5
3798,559.48
3799,558.92
3800,558.3
3801,561.9
3802,566.96
3803,572.24
3804,574.93
3805,575.12
3806,573.69
3807,575.23
3808,574.64
3809,576.25
3810,579.35
3811,581
3812,578.58
3813,573.75
3814,574.2
3815,578.4
3816,583.63
3817,590.62
3818,595.46
3819,596.82
3820,599.17
3821,604.97
3822,607.59
3823,610.28
3824,611.9
3825,615.5
3826,617.57
3827,615.86
3828,620.17
3829,623.86
3830,626.52
3831,626.31
3832,626.86
3833,627.11
3834,628.59
3835,628.21
3836,627.84
3837,628.62
3838,626.69
3839,628.99
3840,632
3841,636.52
3842,640.46
3843,643.71
3844,649.38
3845,654.66
3846,655.46
3847,655.56
3848,656.31
3849,656.65
3850,657.87
3851,658.76
3852,662.83
3853,665.59
3854,664.9
3855,664.1
3856,659.63
3857,655.7
3858,652.96
3859,648.51
3860,646.36
3861,645
3862,641.55
3863,637.24
3864,634.13
3865,633.78
3866,637.05
3867,637.49
3868,639.38
3869,638.15
3870,639.9
3871,644.14
3872,651.01
3873,652.15
3874,651.64
3875,654.88
3876,659.84
3877,667.68
3878,672.46
3879,672.27
3880,670.24
3881,665.91
3882,664.47
3883,662.93
3884,659.98
3885,659.8
3886,658.89
3887,656.17
3888,655.45
3889,657.44
3890,659.45
3891,659.99
3892,659.4
3893,657.39
3894,656.09
3895,657.59
3896,661.2
3897,660.68
3898,659.16
3899,654.64
3900,658.9
3901,663.87
3902,668.09
3903,668.13
3904,670.33
3905,670.01
3906,667.62
3907,662.72
3908,662.04
3909,661.01
3910,661.23
3911,663.34
3912,663.68
3913,660.51
3914,658.57
3915,655.49
3916,657.72
3917,664.01
3918,669.72
3919,676.43
3920,684.54
3921,691.35
3922,691.56
3923,689.47
3924,687.52
3925,685.67
3926,686.2
3927,686.61
3928,689.97
3929,697.15
3930,703.24
3931,705.2
3932,707.32
3933,709.9
3934,709.34
3935,708.95
3936,707.8
3937,703.94
3938,700.57
3939,700.19
3940,702.52
3941,703.39
3942,703.67
3943,703.89
3944,703.71
3945,702.38
3946,701.39
3947,697.24
3948,691.64
3949,688.01
3950,686.27
3951,682.9
3952,678.88
3953,675.5
3954,670.92
3955,666.86
3956,662.86
3957,660.68
3958,657.73
3959,655.26
3960,657.74
3961,662.12
3962,664.78
3963,668.39
3964,669.95
3965,667.32
3966,665.97
3967,670.25
3968,669.04
3969,668.72
3970,667.13
3971,666.5
3972,665.02
3973,663.12
3974,661.02
3975,656.67
3976,654.39
3977,651.51
3978,650.19
3979,648.23
3980,650.05
3981,655.27
3982,657.11
3983,660.71
3984,664.16
3985,664.35
3986,663.3
3987,660.7
3988,654.56
3989,652.16
3990,647.43
3991,642.69
3992,639.67
3993,634.15
3994,628.3
3995,624.43
3996,622.65
3997,619.31
3998,613.37
3999,608.61
4000,611.28
