timestamp,mouse_x
1,0
2,0
3,0
4,0
5,0
6,0
7,0
8,0
9,0
10,0
11,0
12,0
13,0
14,0
15,0
16,0
17,0
18,0
19,0
20,0
21,0
22,0
23,0
24,0
25,0
26,0
27,0
28,0
29,0
30,0
31,0
32,0
33,0
34,0
35,0
36,0
37,0
38,0
39,0
40,0
41,0
42,0
43,0
44,0
45,0
46,0
47,0
48,0
49,0
50,0
51,0
52,0
53,0
54,0
55,0
56,0
57,0
58,0
59,0
60,0
61,0
62,0
63,0
64,0
65,0
66,0
67,0
68,0
69,0
70,0
71,0
72,0
73,0
74,0
75,0
76,0
77,0
78,0
79,0
80,0
81,0
82,0
83,0
84,0
85,0
86,0
87,0
88,0
89,0
90,0
91,0
92,0
93,0
94,0
95,0
96,0
97,0
98,0
99,0
100,0
101,0
102,0
103,0
104,0
105,0
106,0
107,0
108,0
109,0
110,0
111,0
112,0
113,0
114,0
115,0
116,0
117,0
118,0
119,0
120,0
121,0
122,0
123,0
124,0
125,0
126,0
127,0
128,0
129,0
130,0
131,0
132,0
133,0
134,0
135,0
136,0
137,0
138,0
139,0
140,0
141,0
142,0
143,0
144,0
145,0
146,0
147,0
148,0
149,0
150,0
151,0
152,0
153,0
154,0
155,0
156,0
157,0
158,0
159,0
160,0
161,0
162,0
163,0
164,0
165,0
166,0
167,0
168,0
169,0
170,0
171,0
172,0
173,0
174,0
175,0
176,0
177,0
178,0
179,0
180,0
181,0
182,0
183,0
184,0
185,0
186,0
187,0
188,0
189,0
190,0
191,0
192,0
193,0
194,0
195,0
196,0
197,0
198,0
199,0
200,0
201,0
202,0
203,0
204,0
205,0
206,0
207,0
208,0
209,0
210,0
211,0
212,0
213,0
214,0
215,0
216,0
217,0
218,0
219,0
220,0
221,0
222,0
223,0
224,0
225,0
226,0
227,0
228,0
229,0
230,0
231,0
232,0
233,0
234,0
235,0
236,0
237,0
238,0
239,0
240,0
241,0
242,0
243,0
244,0
245,0
246,0
247,0
248,0
249,0
250,0
251,0
252,0
253,0
254,0
255,0
256,0
257,0
258,0
259,0
260,0
261,0
262,0
263,0
264,0
265,0
266,0
267,0
268,0
269,0
270,0
271,0
272,0
273,0
274,0
275,0
276,0
277,0
278,0
279,0
280,0
281,0
282,0
283,0
284,0
285,0
286,0
287,0
288,0
289,0
290,0
291,0
292,0
293,0
294,0
295,0
296,0
297,0
298,0
299,0
300,0
301,0
302,0
303,0
304,0
305,0
306,0
307,0
308,0
309,0
310,0
311,0
312,0
313,0
314,0
315,0
316,0
317,0
318,0
319,0
320,0
321,0
322,0
323,0
324,0
325,0
326,0
327,0
328,0
329,0
330,0
331,0
332,0
333,0
334,0
335,0
336,0
337,0
338,0
339,0
340,0
341,0
342,0
343,0
344,0
345,0
346,0
347,0
348,0
349,0
350,0
351,0
352,0
353,0
354,0
355,0
356,0
357,0
358,0
359,0
360,0
361,0
362,0
363,0
364,0
365,0
366,0
367,0
368,0
369,0
370,0
371,0
372,0
373,0
374,0
375,0
376,0
377,0
378,0
379,0
380,0
381,0
382,0
383,0
384,0
385,0
386,0
387,0
388,0
389,0
390,0
391,0
392,0
393,0
394,0
395,0
396,0
397,0
398,0
399,0
400,0
401,0
402,0
403,0
404,0
405,0
406,0
407,0
408,0
409,0
410,0
411,0
412,0
413,0
414,0
415,0
416,0
417,0
418,0
419,0
420,0
421,0
422,0
423,0
424,0
425,0
426,0
427,0
428,0
429,0
430,0
431,0
432,0
433,0
434,0
435,0
436,0
437,0
438,0
439,0
440,0
441,0
442,0
443,0
444,0
445,0
446,0
447,0
448,0
449,0
450,0
451,0
452,0
453,0
454,0
455,0
456,0
457,0
458,0
459,0
460,0
461,0
462,0
463,0
464,0
465,0
466,0
467,0
468,0
469,0
470,0
471,0
472,0
473,0
474,0
475,0
476,0
477,0
478,0
479,0
480,0
481,0
482,0
483,0
484,0
485,0
486,0
487,0
488,0
489,0
490,0
491,0
492,0
493,0
494,0
495,0
496,0
497,0
498,0
499,0
500,0
501,0
502,0
503,0
504,0
505,0
506,0
507,0
508,0
509,0
510,0
511,0
512,0
513,0
514,0
515,0
516,0
517,0
518,0
519,0
520,0
521,0
522,0
523,0
524,0
525,0
526,0
527,0
528,0
529,0
530,0
531,0
532,0
533,0
534,0
535,0
536,0
537,0
538,0
539,0
540,0
541,0
542,0
543,0
544,0
545,0
546,0
547,0
548,0
549,0
550,0
551,0
552,0
553,0
554,0
555,0
556,0
557,0
558,0
559,0
560,0
561,0
562,0
563,0
564,0
565,0
566,0
567,0
568,0
569,0
570,0
571,0
572,0
573,0
574,0
575,0
576,0
577,0
578,0
579,0
580,0
581,0
582,0
583,0
584,0
585,0
586,0
587,0
588,0
589,0
590,0
591,0
592,0
593,0
594,0
595,0
596,0
597,0
598,0
599,0
600,0
601,0
602,0
603,0
604,0
605,0
606,0
607,0
608,0
609,0
610,0
611,0
612,0
613,0
614,0
615,0
616,0
617,0
618,0
619,0
620,0
621,0
622,0
623,0
624,0
625,0
626,0
627,0
628,0
629,0
630,0
631,0
632,0
633,0
634,0
635,0
636,0
637,0
638,0
639,0
640,0
641,0
642,0
643,0
644,0
645,0
646,0
647,0
648,0
649,0
650,0
651,0
652,0
653,0
654,0
655,0
656,0
657,0
658,0
659,0
660,0
661,0
662,0
663,0
664,0
665,0
666,0
667,0
668,0
669,0
670,0
671,0
672,0
673,0
674,0
675,0
676,0
677,0
678,0
679,0
680,0
681,0
682,0
683,0
684,0
685,0
686,0
687,0
688,0
689,0
690,0
691,0
692,0
693,0
694,0
695,0
696,0
697,0
698,0
699,0
700,0
701,0
702,0
703,0
704,0
705,0
706,0
707,0
708,0
709,0
710,0
711,0
712,0
713,0
714,0
715,0
716,0
717,0
718,0
719,0
720,0
721,0
722,0
723,0
724,0
725,0
726,0
727,0
728,0
729,0
730,0
731,0
732,0
733,0
734,0
735,0
736,0
737,0
738,0
739,0
740,0
741,0
742,0
743,0
744,0
745,0
746,0
747,0
748,0
749,0
750,0
751,0
752,0
753,0
754,0
755,0
756,0
757,0
758,0
759,0
760,0
761,0
762,0
763,0
764,0
765,0
766,0
767,0
768,0
769,0
770,0
771,0
772,0
773,0
774,0
775,0
776,0
777,0
778,0
779,0
780,0
781,0
782,0
783,0
784,0
785,0
786,0
787,0
788,0
789,0
790,0
791,0
792,0
793,0
794,0
795,0
796,0
797,0
798,0
799,0
800,0
801,0
802,0
803,0
804,0
805,0
806,0
807,0
808,0
809,0
810,0
811,0
812,0
813,0
814,0
815,0
816,0
817,0
818,0
819,0
820,0
821,0
822,0
823,0
824,0
825,0
826,0
827,0
828,0
829,0
830,0
831,0
832,0
833,0
834,0
835,0
836,0
837,0
838,0
839,0
840,0
841,0
842,0
843,0
844,0
845,0
846,0
847,0
848,0
849,0
850,0
851,0
852,0
853,0
854,0
855,0
856,0
857,0
858,0
859,0
860,0
861,0
862,0
863,0
864,0
865,0
866,0
867,0
868,0
869,0
870,0
871,0
872,0
873,0
874,0
875,0
876,0
877,0
878,0
879,0
880,0
881,0
882,0
883,0
884,0
885,0
886,0
887,0
888,0
889,0
890,0
891,0
892,0
893,0
894,0
895,0
896,0
897,0
898,0
899,0
900,0
901,0
902,0
903,0
904,0
905,0
906,0
907,0
908,0
909,0
910,0
911,0
912,0
913,0
914,0
915,0
916,0
917,0
918,0
919,0
920,0
921,0
922,0
923,0
924,0
925,0
926,0
927,0
928,0
929,0
930,0
931,0
932,0
933,0
934,0
935,0
936,0
937,0
938,0
939,0
940,0
941,0
942,0
943,0
944,0
945,0
946,0
947,0
948,0
949,0
950,0
951,0
952,0
953,0
954,0
955,0
956,0
957,0
958,0
959,0
960,0
961,0
962,0
963,0
964,0
965,0
966,0
967,0
968,0
969,0
970,0
971,0
972,0
973,0
974,0
975,0
976,0
977,0
978,0
979,0
980,0
981,0
982,0
983,0
984,0
985,0
986,0
987,0
988,0
989,0
990,0
991,0
992,0
993,0
994,0
995,0
996,0
997,0
998,0
999,0
1000,0
1001,0
1002,0
1003,0
1004,0
1005,0
1006,0
1007,0
1008,0
1009,0
1010,0
1011,0
1012,0
1013,0
1014,0
1015,0
1016,0
1017,0
1018,0
1019,0
1020,0
1021,0
1022,0
1023,0
1024,0
1025,0
1026,0
1027,0
1028,0
1029,0
1030,0
1031,0
1032,0
1033,0
1034,0
1035,0
1036,0
1037,0
1038,0
1039,0
1040,0
1041,0
1042,0
1043,0
1044,0
1045,0
1046,0
1047,0
1048,0
1049,0
1050,0
1051,0
1052,0
1053,0
1054,0
1055,0
1056,0
1057,0
1058,0
1059,0
1060,0
1061,0
1062,0
1063,0
1064,0
1065,0
1066,0
1067,0
1068,0
1069,0
1070,0
1071,0
1072,0
1073,0
1074,0
1075,0
1076,0
1077,0
1078,0
1079,0
1080,0
1081,0
1082,0
1083,0
1084,0
1085,0
1086,0
1087,0
1088,0
1089,0
1090,0
1091,0
1092,0
1093,0
1094,0
1095,0
1096,0
1097,0
1098,0
1099,0
1100,0
1101,0
1102,0
1103,0
1104,0
1105,0
1106,0
1107,0
1108,0
1109,0
1110,0
1111,0
1112,0
1113,0
1114,0
1115,0
1116,0
1117,0
1118,0
1119,0
1120,0
1121,0
1122,0
1123,0
1124,0
1125,0
1126,0
1127,0
1128,0
1129,0
1130,0
1131,0
1132,0
1133,0
1134,0
1135,0
1136,0
1137,0
1138,0
1139,0
1140,0
1141,0
1142,0
1143,0
1144,0
1145,0
1146,0
1147,0
1148,0
1149,0
1150,0
1151,0
1152,0
1153,0
1154,0
1155,0
1156,0
1157,0
1158,0
1159,0
1160,0
1161,0
1162,0
1163,0
1164,0
1165,0
1166,0
1167,0
1168,0
1169,0
1170,0
1171,0
1172,0
1173,0
1174,0
1175,0
1176,0
1177,0
1178,0
1179,0
1180,0
1181,0
1182,0
1183,0
1184,0
1185,0
1186,0
1187,0
1188,0
1189,0
1190,0
1191,0
1192,0
1193,0
1194,0
1195,0
1196,0
1197,0
1198,0
1199,0
1200,0
1201,0
1202,0
1203,0
1204,0
1205,0
1206,0
1207,0
1208,0
1209,0
1210,0
1211,0
1212,0
1213,0
1214,0
1215,0
1216,0
1217,0
1218,0
1219,0
1220,0
1221,0
1222,0
1223,0
1224,0
1225,0
1226,0
1227,0
1228,0
1229,0
1230,0
1231,0
1232,0
1233,0
1234,0
1235,0
1236,0
1237,0
1238,0
1239,0
1240,0
1241,0
1242,0
1243,0
1244,0
1245,0
1246,0
1247,0
1248,0
1249,0
1250,0
1251,0
1252,0
1253,0
1254,0
1255,0
1256,0
1257,0
1258,0
1259,0
1260,0
1261,0
1262,0
1263,0
1264,0
1265,0
1266,0
1267,0
1268,0
1269,0
1270,0
1271,0
1272,0
1273,0
1274,0
1275,0
1276,0
1277,0
1278,0
1279,0
1280,0
1281,0
1282,0
1283,0
1284,0
1285,0
1286,0
1287,0
1288,0
1289,0
1290,0
1291,0
1292,0
1293,0
1294,0
1295,0
1296,0
1297,0
1298,0
1299,0
1300,0
1301,0
1302,0
1303,0
1304,0
1305,0
1306,-0.02395
1307,-0.097863
1308,-0.26935
1309,-0.56125
1310,-0.9038
1311,-1.2755
1312,-1.6976
1313,-2.1953
1314,-2.7248
1315,-3.2429
1316,-3.7857
1317,-4.3577
1318,-4.9061
1319,-5.5146
1320,-6.0444
1321,-6.636
1322,-7.2363
1323,-7.8094
1324,-8.32
1325,-8.9327
1326,-9.8659
1327,-10.946
1328,-12.02
1329,-13.21
1330,-14.427
1331,-15.749
1332,-17.086
1333,-18.488
1334,-19.866
1335,-21.294
1336,-22.701
1337,-24.133
1338,-25.647
1339,-27.188
1340,-28.804
1341,-30.547
1342,-32.327
1343,-34.143
1344,-35.798
1345,-37.548
1346,-39.331
1347,-41.262
1348,-43.291
1349,-45.373
1350,-47.377
1351,-49.274
1352,-51.149
1353,-53.059
1354,-55.023
1355,-57.084
1356,-59.344
1357,-61.371
1358,-63.526
1359,-65.718
1360,-67.91
1361,-69.995
1362,-72.307
1363,-74.454
1364,-76.687
1365,-78.898
1366,-81.253
1367,-83.486
1368,-85.828
1369,-88.09
1370,-90.127
1371,-92.101
1372,-94.144
1373,-96.181
1374,-98.094
1375,-99.973
1376,-101.78
1377,-103.59
1378,-105.62
1379,-107.86
1380,-110.14
1381,-112.78
1382,-115.25
1383,-117.72
1384,-120.06
1385,-122.46
1386,-125.03
1387,-127.48
1388,-129.97
1389,-132.49
1390,-135.07
1391,-137.41
1392,-139.44
1393,-141.64
1394,-143.8
1395,-146.2
1396,-148.77
1397,-151.15
1398,-153.49
1399,-155.97
1400,-158.35
1401,-160.46
1402,-162.9
1403,-165.4
1404,-168.07
1405,-170.66
1406,-173.37
1407,-176.16
1408,-178.81
1409,-181.66
1410,-184.53
1411,-187.39
1412,-190.3
1413,-193.11
1414,-195.55
1415,-198.1
1416,-200.78
1417,-203.42
1418,-205.96
1419,-208.7
1420,-211.41
1421,-213.86
1422,-216.51
1423,-219.3
1424,-222.09
1425,-224.84
1426,-227.58
1427,-230.29
1428,-233.18
1429,-235.92
1430,-238.42
1431,-240.77
1432,-243.3
1433,-245.78
1434,-248.46
1435,-250.65
1436,-252.64
1437,-254.65
1438,-256.78
1439,-259.1
1440,-261.58
1441,-264.25
1442,-266.88
1443,-269.35
1444,-271.89
1445,-274.34
1446,-276.91
1447,-279.15
1448,-281.44
1449,-283.52
1450,-285.49
1451,-287.48
1452,-289.67
1453,-291.67
1454,-293.76
1455,-296.16
1456,-298.44
1457,-300.77
1458,-303.11
1459,-305.57
1460,-307.52
1461,-309.32
1462,-311.35
1463,-313.41
1464,-315.69
1465,-318.06
1466,-320.52
1467,-322.74
1468,-325.33
1469,-327.69
1470,-329.65
1471,-331.71
1472,-333.6
1473,-335.54
1474,-337.52
1475,-339.43
1476,-341.43
1477,-343.88
1478,-346.36
1479,-348.73
1480,-351.25
1481,-353.88
1482,-356.78
1483,-359.43
1484,-361.91
1485,-364.17
1486,-366.63
1487,-369.14
1488,-371.51
1489,-374.16
1490,-376.85
1491,-379.78
1492,-382.67
1493,-386.06
1494,-389.41
1495,-392.54
1496,-395.7
1497,-399.01
1498,-401.91
1499,-404.72
1500,-407.45
1501,-410.45
1502,-413.36
1503,-416.18
1504,-419.3
1505,-422.43
1506,-425.21
1507,-427.97
1508,-430.7
1509,-433.65
1510,-437.09
1511,-440.55
1512,-443.57
1513,-446.66
1514,-449.64
1515,-452.82
1516,-455.93
1517,-459.1
1518,-462.07
1519,-464.78
1520,-467.31
1521,-470.04
1522,-472.54
1523,-475.31
1524,-477.96
1525,-480.74
1526,-483.34
1527,-485.66
1528,-487.89
1529,-489.8
1530,-491.94
1531,-494.08
1532,-496.16
1533,-498.53
1534,-501.05
1535,-503.29
1536,-505.76
1537,-508.19
1538,-510.44
1539,-513.02
1540,-515.44
1541,-517.66
1542,-519.64
1543,-521.7
1544,-523.11
1545,-524.78
1546,-526.81
1547,-528.98
1548,-531.29
1549,-533.82
1550,-536.05
1551,-537.98
1552,-540.04
1553,-541.95
1554,-543.96
1555,-545.94
1556,-547.65
1557,-549.64
1558,-551.58
1559,-553.46
1560,-555.22
1561,-556.89
1562,-558.78
1563,-560.61
1564,-562.39
1565,-564.07
1566,-565.75
1567,-567.38
1568,-568.69
1569,-569.99
1570,-571.63
1571,-573.55
1572,-575.48
1573,-577.21
1574,-579.12
1575,-581.49
1576,-584.04
1577,-586.91
1578,-589.27
1579,-591.26
1580,-593.09
1581,-595.09
1582,-597.22
1583,-599.64
1584,-601.36
1585,-603.17
1586,-605.26
1587,-607.26
1588,-609.12
1589,-610.69
1590,-612.11
1591,-613.54
1592,-615.16
1593,-617.39
1594,-619.37
1595,-621.29
1596,-623.18
1597,-625.08
1598,-627.25
1599,-629.66
1600,-631.76
1601,-634.08
1602,-636.28
1603,-638.44
1604,-640.72
1605,-642.84
1606,-645.12
1607,-647.69
1608,-650.08
1609,-652.22
1610,-654.31
1611,-656.31
1612,-658.12
1613,-659.96
1614,-661.76
1615,-663.79
1616,-665.2
1617,-666.37
1618,-667.46
1619,-668.53
1620,-669.87
1621,-671.2
1622,-672.76
1623,-674.02
1624,-675.74
1625,-677.15
1626,-678.21
1627,-679.05
1628,-679.6
1629,-680.39
1630,-681.1
1631,-681.83
1632,-682.69
1633,-683.06
1634,-683.25
1635,-683.24
1636,-683.02
1637,-683
1638,-683.23
1639,-683.62
1640,-684.02
1641,-684.31
1642,-684.44
1643,-684.82
1644,-684.92
1645,-685.1
1646,-684.9
1647,-684.63
1648,-684.6
1649,-684.09
1650,-683.7
1651,-683.33
1652,-683.1
1653,-682.66
1654,-682.25
1655,-681.84
1656,-681.62
1657,-681.01
1658,-680.81
1659,-680.39
1660,-679.89
1661,-679.53
1662,-679.25
1663,-678.46
1664,-677.29
1665,-675.91
1666,-675
1667,-674.53
1668,-673.99
1669,-673.23
1670,-672.25
1671,-671.4
1672,-670.56
1673,-669.6
1674,-668.9
1675,-668
1676,-667.18
1677,-666.28
1678,-665.25
1679,-664.24
1680,-663.09
1681,-661.86
1682,-660.3
1683,-658.87
1684,-657.39
1685,-655.99
1686,-654.73
1687,-653.37
1688,-651.63
1689,-649.98
1690,-648.43
1691,-646.93
1692,-645.41
1693,-643.7
1694,-642.04
1695,-640.75
1696,-639.6
1697,-638.26
1698,-637.04
1699,-635.96
1700,-634.67
1701,-632.98
1702,-631.16
1703,-629.14
1704,-627.18
1705,-625.16
1706,-623.17
1707,-621.37
1708,-619.69
1709,-617.53
1710,-615.52
1711,-613.66
1712,-612
1713,-610.12
1714,-608.14
1715,-606.3
1716,-604.26
1717,-602.74
1718,-601.02
1719,-599.16
1720,-597.57
1721,-595.79
1722,-593.7
1723,-591.58
1724,-589.97
1725,-588
1726,-586.12
1727,-583.94
1728,-581.9
1729,-579.91
1730,-578.07
1731,-576.16
1732,-574.06
1733,-571.86
1734,-569.31
1735,-567.15
1736,-565.09
1737,-562.82
1738,-560.37
1739,-557.85
1740,-555.01
1741,-552.4
1742,-549.7
1743,-547.15
1744,-544.83
1745,-542.48
1746,-540.02
1747,-537.72
1748,-535.25
1749,-532.61
1750,-530.29
1751,-527.94
1752,-525.84
1753,-523.92
1754,-522.05
1755,-520.22
1756,-518.43
1757,-516.43
1758,-514.1
1759,-511.66
1760,-508.98
1761,-506.27
1762,-503.77
1763,-501.36
1764,-499.15
1765,-496.83
1766,-494.6
1767,-492.59
1768,-490.47
1769,-488.33
1770,-486
1771,-483.63
1772,-481.54
1773,-479.09
1774,-476.61
1775,-474.01
1776,-471.58
1777,-468.99
1778,-466.39
1779,-464.14
1780,-461.87
1781,-459.82
1782,-457.72
1783,-455.53
1784,-453.16
1785,-450.79
1786,-448.49
1787,-446.5
1788,-444.23
1789,-442.16
1790,-439.89
1791,-437.12
1792,-434.56
1793,-431.95
1794,-429.13
1795,-426.51
1796,-424.12
1797,-421.82
1798,-419.32
1799,-416.86
1800,-414.41
1801,-411.95
1802,-409.28
1803,-406.64
1804,-404.35
1805,-402
1806,-399.66
1807,-397.54
1808,-395.58
1809,-393.58
1810,-391.53
1811,-389.3
1812,-387.13
1813,-385.05
1814,-382.83
1815,-380.7
1816,-378.65
1817,-376.52
1818,-374.51
1819,-372.52
1820,-370.36
1821,-368.13
1822,-365.98
1823,-363.73
1824,-361.61
1825,-359.44
1826,-357.42
1827,-355.43
1828,-353.45
1829,-351.24
1830,-348.9
1831,-346.38
1832,-344.05
1833,-341.28
1834,-338.95
1835,-336.78
1836,-334.39
1837,-331.83
1838,-329.19
1839,-326.56
1840,-324.23
1841,-322.03
1842,-319.85
1843,-317.38
1844,-315.27
1845,-313.3
1846,-311.5
1847,-309.88
1848,-308.07
1849,-306.12
1850,-304.03
1851,-302.04
1852,-300.18
1853,-298.03
1854,-295.78
1855,-293.86
1856,-291.85
1857,-289.56
1858,-287.19
1859,-284.74
1860,-282.48
1861,-280.23
1862,-278.01
1863,-275.75
1864,-273.47
1865,-271.53
1866,-269.58
1867,-267.62
1868,-265.5
1869,-263.45
1870,-261.58
1871,-259.74
1872,-258.09
1873,-256.01
1874,-253.69
1875,-251.71
1876,-249.95
1877,-247.8
1878,-245.53
1879,-243.17
1880,-241.02
1881,-238.55
1882,-236.48
1883,-234.53
1884,-232.57
1885,-230.62
1886,-228.78
1887,-227.07
1888,-225.14
1889,-223.29
1890,-221.51
1891,-219.69
1892,-217.97
1893,-216.02
1894,-214.23
1895,-212.26
1896,-210.34
1897,-208.67
1898,-207.26
1899,-205.58
1900,-203.89
1901,-201.96
1902,-199.99
1903,-198.03
1904,-196.06
1905,-194.45
1906,-192.7
1907,-190.99
1908,-189.25
1909,-187.39
1910,-185.66
1911,-183.88
1912,-182.09
1913,-180.45
1914,-178.76
1915,-177.02
1916,-175.3
1917,-173.48
1918,-171.44
1919,-169.52
1920,-167.71
1921,-165.86
1922,-164.04
1923,-162.17
1924,-160.35
1925,-158.21
1926,-155.93
1927,-153.7
1928,-151.53
1929,-149.38
1930,-147.22
1931,-145.18
1932,-142.94
1933,-141.07
1934,-139.03
1935,-137.13
1936,-135.02
1937,-132.89
1938,-131.25
1939,-129.85
1940,-128.41
1941,-126.64
1942,-125.11
1943,-123.4
1944,-121.8
1945,-120.28
1946,-118.66
1947,-116.97
1948,-115.04
1949,-112.95
1950,-110.91
1951,-108.83
1952,-106.95
1953,-105
1954,-103.06
1955,-101.2
1956,-99.373
1957,-97.382
1958,-95.391
1959,-93.711
1960,-91.833
1961,-90.072
1962,-88.227
1963,-86.416
1964,-84.49
1965,-82.658
1966,-80.68
1967,-78.744
1968,-76.886
1969,-75.07
1970,-73.186
1971,-71.179
1972,-68.985
1973,-67.048
1974,-65.28
1975,-63.588
1976,-61.959
1977,-60.41
1978,-58.844
1979,-57.149
1980,-55.74
1981,-54.312
1982,-52.873
1983,-51.521
1984,-50.299
1985,-48.882
1986,-47.277
1987,-45.422
1988,-43.749
1989,-42.31
1990,-40.963
1991,-39.726
1992,-38.232
1993,-36.965
1994,-35.585
1995,-34.302
1996,-32.635
1997,-30.953
1998,-29.278
1999,-27.395
2000,-25.635
2001,-24.098
2002,-22.579
2003,-21.164
2004,-19.787
2005,-18.559
2006,-17.021
2007,-15.523
2008,-14.2
2009,-12.705
2010,-11.378
2011,-9.9192
2012,-8.3671
2013,-6.5941
2014,-4.9153
2015,-3.0528
2016,-1.3817
2017,0.14634
2018,1.7567
2019,3.2493
2020,4.687
2021,6.1188
2022,7.6159
2023,9.1936
2024,10.765
2025,12.138
2026,13.53
2027,15.075
2028,16.513
2029,17.911
2030,19.391
2031,20.772
2032,21.956
2033,23.24
2034,24.708
2035,26.223
2036,27.706
2037,29.168
2038,30.549
2039,31.997
2040,33.322
2041,34.566
2042,35.78
2043,37.358
2044,38.733
2045,40.027
2046,41.175
2047,42.426
2048,43.637
2049,44.806
2050,45.939
2051,46.861
2052,47.9
2053,48.795
2054,49.874
2055,50.949
2056,52.304
2057,53.946
2058,55.592
2059,57.067
2060,58.623
2061,60.373
2062,62.016
2063,63.49
2064,65.104
2065,66.525
2066,67.974
2067,69.497
2068,70.936
2069,72.261
2070,73.478
2071,74.581
2072,75.69
2073,76.788
2074,77.956
2075,79.206
2076,80.438
2077,81.793
2078,83.059
2079,84.284
2080,85.675
2081,87.002
2082,88.54
2083,90.131
2084,91.682
2085,93.182
2086,94.791
2087,96.398
2088,97.736
2089,99.024
2090,100.57
2091,102.16
2092,103.66
2093,105.07
2094,106.4
2095,108.02
2096,109.54
2097,110.92
2098,112.47
2099,113.93
2100,115.45
2101,116.97
2102,118.18
2103,119.38
2104,120.38
2105,121.2
2106,122.06
2107,123.13
2108,124.28
2109,125.31
2110,126.39
2111,127.25
2112,128.17
2113,128.96
2114,129.41
2115,129.92
2116,130.51
2117,131.44
2118,132.55
2119,133.66
2120,134.83
2121,135.96
2122,137
2123,137.96
2124,138.83
2125,139.7
2126,140.65
2127,141.56
2128,142.41
2129,143.35
2130,144.19
2131,145.19
2132,146.08
2133,147.12
2134,148.13
2135,148.88
2136,149.63
2137,150.32
2138,150.79
2139,151.34
2140,151.89
2141,152.66
2142,153.38
2143,154.27
2144,155.15
2145,156.03
2146,156.96
2147,157.99
2148,158.76
2149,159.6
2150,160.51
2151,161.52
2152,162.49
2153,163.47
2154,164.3
2155,165.06
2156,165.8
2157,166.61
2158,167.48
2159,168.42
2160,169.34
2161,169.98
2162,170.6
2163,171.22
2164,172.03
2165,172.77
2166,173.52
2167,174.29
2168,175
2169,175.73
2170,176.59
2171,177.56
2172,178.21
2173,178.65
2174,179.15
2175,179.85
2176,180.75
2177,181.84
2178,182.81
2179,183.93
2180,184.97
2181,185.81
2182,186.73
2183,187.49
2184,188.38
2185,189.16
2186,190.02
2187,191.01
2188,191.81
2189,192.5
2190,192.92
2191,193.39
2192,193.71
2193,194.22
2194,194.97
2195,195.78
2196,196.46
2197,197.41
2198,198.46
2199,199.47
2200,200.44
2201,201.33
2202,202.27
2203,202.98
2204,203.68
2205,204.33
2206,204.94
2207,205.67
2208,206.49
2209,207.07
2210,207.71
2211,208.24
2212,208.7
2213,209.14
2214,209.7
2215,210.42
2216,211.26
2217,212.04
2218,212.64
2219,213.27
2220,213.77
2221,214.16
2222,214.58
2223,215.13
2224,215.65
2225,216.15
2226,216.58
2227,217.09
2228,217.6
2229,218.05
2230,218.54
2231,219.05
2232,219.43
2233,219.84
2234,220.29
2235,220.72
2236,221.04
2237,221.48
2238,221.99
2239,222.5
2240,223.03
2241,223.65
2242,224.33
2243,224.95
2244,225.53
2245,225.82
2246,226.03
2247,226.18
2248,226.38
2249,226.73
2250,226.96
2251,227.31
2252,227.96
2253,228.48
2254,229.02
2255,229.56
2256,230.11
2257,230.74
2258,231.4
2259,231.96
2260,232.55
2261,232.94
2262,233.48
2263,234.16
2264,234.68
2265,235.04
2266,235.33
2267,235.4
2268,235.55
2269,235.78
2270,236.24
2271,236.75
2272,237.3
2273,237.6
2274,237.77
2275,238.11
2276,238.58
2277,239.08
2278,239.85
2279,240.32
2280,240.95
2281,241.52
2282,241.96
2283,242.57
2284,242.99
2285,243.39
2286,244.01
2287,244.65
2288,245.29
2289,245.73
2290,246.09
2291,246.48
2292,246.87
2293,247.25
2294,247.54
2295,247.62
2296,247.78
2297,248.13
2298,248.48
2299,248.9
2300,249.23
2301,249.66
2302,249.98
2303,250.47
2304,250.98
2305,251.55
2306,251.86
2307,252.14
2308,252.52
2309,253.05
2310,253.5
2311,253.76
2312,254.17
2313,254.59
2314,254.91
2315,255.32
2316,255.68
2317,256.15
2318,256.75
2319,257.31
2320,257.8
2321,258.14
2322,258.61
2323,258.92
2324,259.28
2325,259.52
2326,259.88
2327,260.41
2328,260.73
2329,261.2
2330,261.58
2331,261.81
2332,261.98
2333,262.33
2334,262.45
2335,262.58
2336,262.78
2337,262.95
2338,263.08
2339,263.28
2340,263.63
2341,264.07
2342,264.56
2343,264.89
2344,265.25
2345,265.4
2346,265.66
2347,266.17
2348,266.74
2349,267.31
2350,267.55
2351,267.63
2352,267.84
2353,268.09
2354,268.37
2355,268.71
2356,269.06
2357,269.39
2358,269.66
2359,269.92
2360,269.99
2361,270.2
2362,270.53
2363,271.03
2364,271.47
2365,271.85
2366,272.26
2367,272.48
2368,272.8
2369,273.02
2370,273.22
2371,273.33
2372,273.54
2373,274.04
2374,274.38
2375,274.72
2376,274.96
2377,275.16
2378,275.21
2379,275.21
2380,275.42
2381,275.64
2382,276.01
2383,276.5
2384,276.83
2385,277.19
2386,277.48
2387,277.7
2388,277.9
2389,277.96
2390,278.07
2391,278.2
2392,278.41
2393,278.54
2394,278.69
2395,279.03
2396,279.32
2397,279.63
2398,280
2399,280.38
2400,280.79
2401,281.14
2402,281.41
2403,281.63
2404,282.11
2405,282.63
2406,283
2407,283.27
2408,283.62
2409,283.78
2410,284.06
2411,284.45
2412,284.83
2413,285.4
2414,285.69
2415,286.01
2416,286.47
2417,287.01
2418,287.18
2419,287.54
2420,287.74
2421,287.96
2422,288.22
2423,288.4
2424,288.68
2425,288.89
2426,288.96
2427,289.12
2428,289.43
2429,289.85
2430,290.3
2431,290.84
2432,291.1
2433,291.37
2434,292.01
2435,292.6
2436,293.16
2437,293.49
2438,293.63
2439,293.65
2440,293.88
2441,294.23
2442,294.34
2443,294.4
2444,294.53
2445,294.78
2446,295.07
2447,295.34
2448,295.65
2449,295.58
2450,295.77
2451,295.75
2452,295.94
2453,296.08
2454,296.27
2455,296.48
2456,296.77
2457,296.93
2458,297.1
2459,297.03
2460,297.02
2461,297.09
2462,297.29
2463,297.59
2464,297.89
2465,298.27
2466,298.6
2467,298.93
2468,299.23
2469,299.53
2470,299.69
2471,299.95
2472,300.15
2473,300.57
2474,300.8
2475,301
2476,301.37
2477,301.64
2478,301.83
2479,302.17
2480,302.5
2481,302.88
2482,303.24
2483,303.56
2484,303.79
2485,304.21
2486,304.54
2487,304.95
2488,305.43
2489,306.15
2490,306.75
2491,307.01
2492,307.27
2493,307.49
2494,307.78
2495,307.98
2496,308.34
2497,308.81
2498,309.26
2499,309.49
2500,309.83
2501,310.27
2502,310.67
2503,310.82
2504,310.97
2505,311.21
2506,311.37
2507,311.37
2508,311.45
2509,311.67
2510,312.04
2511,312.52
2512,312.98
2513,313.41
2514,313.65
2515,313.88
2516,314.15
2517,314.33
2518,314.42
2519,314.53
2520,314.93
2521,315.19
2522,315.56
2523,316.33
2524,316.91
2525,317.31
2526,317.66
2527,317.89
2528,318.14
2529,318.26
2530,318.46
2531,318.61
2532,318.78
2533,319.14
2534,319.56
2535,319.98
2536,320.26
2537,320.44
2538,320.9
2539,321.3
2540,321.71
2541,322.03
2542,322.44
2543,322.57
2544,322.75
2545,323.03
2546,323.13
2547,323.32
2548,323.57
2549,323.68
2550,323.92
2551,324.08
2552,324.18
2553,324.4
2554,324.67
2555,325.02
2556,325.4
2557,325.88
2558,326.54
2559,327.15
2560,327.63
2561,327.97
2562,328.12
2563,328.18
2564,328.38
2565,328.57
2566,328.8
2567,329.12
2568,329.49
2569,329.75
2570,330.35
2571,330.91
2572,331.41
2573,331.7
2574,331.84
2575,332.01
2576,332.21
2577,332.49
2578,332.79
2579,333.3
2580,333.68
2581,334.21
2582,334.76
2583,335.39
2584,335.61
2585,335.74
2586,336
2587,336.25
2588,336.44
2589,336.71
2590,337.12
2591,337.48
2592,337.98
2593,338.47
2594,338.98
2595,339.27
2596,339.57
2597,339.72
2598,339.86
2599,340.33
2600,340.77
2601,341.05
2602,341.35
2603,341.3
2604,341.57
2605,342.01
2606,342.46
2607,342.91
2608,343.26
2609,343.72
2610,344.25
2611,344.8
2612,345.62
2613,346.24
2614,346.74
2615,347.18
2616,347.36
2617,347.48
2618,347.68
2619,347.83
2620,348.22
2621,348.34
2622,348.62
2623,348.96
2624,349.41
2625,349.81
2626,350.23
2627,350.72
2628,351.06
2629,351.38
2630,351.85
2631,352.02
2632,352.19
2633,352.48
2634,352.65
2635,353.03
2636,353.48
2637,353.95
2638,354.35
2639,354.77
2640,355.14
2641,355.6
2642,356.11
2643,356.45
2644,356.69
2645,357.15
2646,357.55
2647,357.93
2648,358.09
2649,358.14
2650,358.16
2651,358.08
2652,358.12
2653,358.24
2654,358.41
2655,358.63
2656,358.67
2657,358.7
2658,359.07
2659,359.14
2660,359.31
2661,359.46
2662,359.71
2663,359.93
2664,360.05
2665,360.01
2666,359.95
2667,359.89
2668,359.95
2669,360
2670,360.17
2671,360.28
2672,360.4
2673,360.59
2674,360.75
2675,361.11
2676,361.49
2677,361.78
2678,362.19
2679,362.51
2680,362.82
2681,363.16
2682,363.57
2683,363.96
2684,364.45
2685,364.68
2686,365.12
2687,365.67
2688,366.19
2689,366.69
2690,367.11
2691,367.48
2692,367.91
2693,368.16
2694,368.52
2695,369.07
2696,369.59
2697,369.95
2698,370.24
2699,370.38
2700,370.56
2701,370.93
2702,371.31
2703,371.59
2704,371.89
2705,372.2
2706,372.68
2707,372.97
2708,373.3
2709,373.8
2710,374.28
2711,374.54
2712,374.99
2713,375.45
2714,375.98
2715,376.47
2716,377.09
2717,377.47
2718,377.94
2719,378.58
2720,378.93
2721,379.32
2722,379.71
2723,379.87
2724,380.04
2725,380.09
2726,380.47
2727,380.76
2728,381.28
2729,381.69
2730,381.95
2731,382.27
2732,382.72
2733,383.1
2734,383.24
2735,383.18
2736,383.47
2737,383.63
2738,383.67
2739,383.87
2740,384.1
2741,384.02
2742,384.2
2743,384.69
2744,385.26
2745,385.67
2746,386.11
2747,386.49
2748,386.85
2749,387.31
2750,387.71
2751,388.16
2752,388.71
2753,389.49
2754,390.13
2755,390.54
2756,390.6
2757,390.82
2758,391.51
2759,392.11
2760,392.75
2761,393.38
2762,393.81
2763,393.99
2764,394.11
2765,394.32
2766,394.64
2767,394.77
2768,395.02
2769,395.24
2770,394.96
2771,394.93
2772,395.09
2773,395.38
2774,395.92
2775,396.37
2776,396.82
2777,396.93
2778,397.26
2779,397.66
2780,398.01
2781,398.4
2782,398.78
2783,399.08
2784,399.52
2785,399.93
2786,400.52
2787,400.97
2788,401.49
2789,401.94
2790,402.44
2791,403.03
2792,403.54
2793,404.29
2794,404.82
2795,405.33
2796,405.63
2797,405.99
2798,406.2
2799,406.66
2800,407.06
2801,407.56
2802,408.24
2803,408.8
2804,409.27
2805,409.7
2806,409.92
2807,410.18
2808,410.68
2809,411.03
2810,411.24
2811,411.55
2812,411.98
2813,412.55
2814,412.96
2815,413.23
2816,413.48
2817,413.71
2818,413.83
2819,414.01
2820,414.43
2821,414.73
2822,414.99
2823,415.09
2824,415.22
2825,415.57
2826,415.95
2827,416.34
2828,416.76
2829,417.21
2830,417.69
2831,418.04
2832,418.42
2833,418.97
2834,419.36
2835,419.61
2836,420.01
2837,420.44
2838,420.99
2839,421.59
2840,422.1
2841,422.5
2842,422.97
2843,423.37
2844,423.91
2845,424.4
2846,425.05
2847,425.63
2848,426.16
2849,426.64
2850,427.1
2851,427.6
2852,428.09
2853,428.4
2854,428.63
2855,428.85
2856,429.18
2857,429.27
2858,429.38
2859,429.61
2860,429.7
2861,430.15
2862,430.28
2863,430.46
2864,430.79
2865,430.98
2866,431.29
2867,431.59
2868,431.65
2869,431.7
2870,431.72
2871,431.73
2872,432.05
2873,432.25
2874,432.67
2875,433.16
2876,433.7
2877,434.41
2878,434.86
2879,435.26
2880,435.9
2881,436.59
2882,437.1
2883,437.69
2884,438.24
2885,438.74
2886,439.45
2887,440.14
2888,440.79
2889,441.72
2890,442.24
2891,442.58
2892,443.07
2893,443.48
2894,443.71
2895,443.85
2896,444.05
2897,444
2898,443.85
2899,443.65
2900,443.6
2901,443.93
2902,444.41
2903,444.77
2904,445
2905,445.24
2906,445.59
2907,446.01
2908,446.47
2909,446.91
2910,447.56
2911,448.27
2912,448.9
2913,449.28
2914,449.67
2915,449.97
2916,450.49
2917,450.89
2918,451.35
2919,451.88
2920,452.36
2921,452.77
2922,453.11
2923,453.58
2924,454.25
2925,454.92
2926,455.45
2927,455.76
2928,455.9
2929,456.3
2930,456.63
2931,457.03
2932,457.36
2933,457.61
2934,457.88
2935,458.29
2936,458.41
2937,458.57
2938,458.87
2939,459.13
2940,459.45
2941,459.68
2942,460.08
2943,460.47
2944,460.78
2945,461.07
2946,461.36
2947,462.06
2948,462.7
2949,463.16
2950,463.32
2951,463.61
2952,464.01
2953,464.23
2954,464.31
2955,464.38
2956,464.55
2957,464.74
2958,465.05
2959,465.34
2960,465.93
2961,466.28
2962,466.59
2963,467.02
2964,467.36
2965,467.51
2966,467.75
2967,467.98
2968,468.14
2969,468.25
2970,468.4
2971,468.47
2972,468.48
2973,468.84
2974,469.36
2975,469.93
2976,470.31
2977,470.68
2978,470.96
2979,471.02
2980,470.93
2981,470.95
2982,471.26
2983,471.49
2984,471.85
2985,472.4
2986,473.07
2987,473.86
2988,474.28
2989,474.56
2990,474.96
2991,475.14
2992,475.24
2993,475.43
2994,475.5
2995,475.25
2996,475.48
2997,475.54
2998,475.82
2999,476.23
3000,476.6
3001,476.86
3002,477.4
3003,478.12
3004,478.86
3005,479.69
3006,480.21
3007,480.62
3008,481.07
3009,481.6
3010,482.18
3011,482.69
3012,483.16
3013,483.23
3014,483.47
3015,483.75
3016,483.85
3017,484.03
3018,484.48
3019,484.65
3020,484.55
3021,484.65
3022,484.79
3023,485.08
3024,485.18
3025,485.55
3026,485.85
3027,486.37
3028,486.84
3029,487.32
3030,487.82
3031,488.5
3032,489.17
3033,489.95
3034,490.56
3035,490.92
3036,491.25
3037,491.56
3038,491.97
3039,492.39
3040,492.73
3041,493.09
3042,493.41
3043,493.67
3044,493.9
3045,494.16
3046,494.52
3047,494.84
3048,495.31
3049,495.37
3050,495.4
3051,495.47
3052,495.5
3053,495.8
3054,496.21
3055,496.45
3056,496.65
3057,496.93
3058,497.26
3059,497.65
3060,498.18
3061,498.63
3062,499.1
3063,499.6
3064,499.83
3065,500.44
3066,500.94
3067,501.18
3068,501.36
3069,501.62
3070,501.85
3071,502.23
3072,502.53
3073,502.76
3074,503.16
3075,503.6
3076,504.28
3077,504.82
3078,505.17
3079,505.31
3080,505.49
3081,505.83
3082,505.95
3083,506.04
3084,506.16
3085,506.36
3086,506.79
3087,506.82
3088,506.87
3089,506.97
3090,507.1
3091,507.28
3092,507.39
3093,507.67
3094,507.99
3095,508.45
3096,508.68
3097,508.97
3098,509.12
3099,509.4
3100,509.76
3101,510.07
3102,510.49
3103,510.89
3104,511.33
3105,511.74
3106,512.08
3107,512.33
3108,512.66
3109,512.51
3110,512.39
3111,512.5
3112,512.66
3113,512.76
3114,512.92
3115,513.18
3116,513.61
3117,513.97
3118,514.5
3119,514.9
3120,515.32
3121,515.76
3122,516.26
3123,516.64
3124,516.89
3125,517.1
3126,517.27
3127,517.57
3128,517.71
3129,517.99
3130,518.63
3131,518.95
3132,519.04
3133,519.35
3134,519.6
3135,519.79
3136,520.1
3137,520.27
3138,520.58
3139,521.08
3140,521.48
3141,521.69
3142,521.8
3143,522.04
3144,522.17
3145,522.37
3146,522.58
3147,522.84
3148,522.98
3149,523.21
3150,523.33
3151,523.68
3152,523.98
3153,524.29
3154,524.64
3155,525.13
3156,525.51
3157,525.99
3158,526.41
3159,526.99
3160,527.4
3161,527.64
3162,527.56
3163,527.81
3164,528.36
3165,528.79
3166,529.43
3167,529.89
3168,530.34
3169,530.71
3170,530.98
3171,531.11
3172,531.09
3173,531.46
3174,531.92
3175,532.44
3176,533.12
3177,533.33
3178,533.69
3179,534.1
3180,534.58
3181,534.91
3182,535.07
3183,535.02
3184,535.32
3185,535.48
3186,535.57
3187,535.66
3188,535.99
3189,536.28
3190,536.35
3191,536.61
3192,537.14
3193,537.66
3194,537.99
3195,538.18
3196,538.38
3197,538.56
3198,538.77
3199,538.99
3200,539.13
3201,539.38
3202,539.65
3203,539.64
3204,539.71
3205,539.92
3206,540.21
3207,540.47
3208,540.67
3209,540.95
3210,541.26
3211,541.41
3212,541.54
3213,541.74
3214,541.92
3215,542.09
3216,542.35
3217,542.67
3218,543.02
3219,543.13
3220,543.41
3221,543.54
3222,543.69
3223,543.61
3224,543.62
3225,543.62
3226,543.79
3227,543.8
3228,543.52
3229,542.88
3230,542.57
3231,542.43
3232,542.59
3233,543.17
3234,543.49
3235,543.79
3236,544.03
3237,544.11
3238,544.1
3239,544.11
3240,544.21
3241,544.51
3242,545.19
3243,546.03
3244,546.64
3245,547.03
3246,547.46
3247,548.05
3248,548.57
3249,549.02
3250,549.13
3251,549.26
3252,549.44
3253,549.67
3254,549.84
3255,550.09
3256,550.38
3257,550.7
3258,550.97
3259,551.3
3260,551.69
3261,552.02
3262,552.42
3263,552.94
3264,553.31
3265,553.75
3266,554.21
3267,554.48
3268,554.36
3269,554.19
3270,554.08
3271,554.03
3272,554.16
3273,554.3
3274,554.35
3275,554.58
3276,554.71
3277,554.97
3278,555.3
3279,555.43
3280,555.53
3281,555.9
3282,556.23
3283,556.51
3284,556.65
3285,556.77
3286,557.06
3287,557.4
3288,557.78
3289,558.09
3290,558.36
3291,558.24
3292,558.15
3293,558.1
3294,558.01
3295,558.12
3296,558.09
3297,558.36
3298,558.72
3299,559.27
3300,559.66
3301,559.87
3302,559.87
3303,559.67
3304,559.68
3305,559.72
3306,559.73
3307,559.82
3308,559.71
3309,559.53
3310,559.5
3311,559.73
3312,559.95
3313,560.11
3314,560.24
3315,560.38
3316,560.65
3317,560.89
3318,560.96
3319,561.01
3320,561.2
3321,561.35
3322,561.56
3323,562.18
3324,562.71
3325,563.52
3326,563.9
3327,564.37
3328,564.55
3329,564.72
3330,564.97
3331,565.23
3332,565.61
3333,565.95
3334,566.44
3335,566.73
3336,566.79
3337,566.99
3338,566.91
3339,566.95
3340,566.98
3341,566.98
3342,566.88
3343,566.79
3344,566.73
3345,566.74
3346,566.79
3347,567.01
3348,567.25
3349,567.47
3350,567.77
3351,567.93
3352,568.42
3353,569.02
3354,569.25
3355,569.35
3356,569.18
3357,569.18
3358,569.04
3359,569.28
3360,569.54
3361,569.85
3362,570.14
3363,570.4
3364,570.63
3365,570.86
3366,571.16
3367,571.37
3368,571.74
3369,571.8
3370,571.86
3371,572.03
3372,572.18
3373,572.33
3374,572.43
3375,572.78
3376,573.12
3377,573.37
3378,573.84
3379,574.25
3380,574.64
3381,574.69
3382,574.87
3383,575
3384,575.25
3385,575.64
3386,575.92
3387,576.19
3388,576.78
3389,577.24
3390,577.71
3391,578.18
3392,578.51
3393,578.73
3394,578.67
3395,578.57
3396,578.66
3397,578.7
3398,578.92
3399,579.29
3400,579.61
3401,579.94
3402,580.05
3403,579.82
3404,579.92
3405,579.87
3406,579.76
3407,579.45
3408,579.66
3409,580.13
3410,580.67
3411,581
3412,581.2
3413,581.36
3414,581.67
3415,582.05
3416,582.09
3417,582.26
3418,582.59
3419,582.66
3420,582.79
3421,582.84
3422,582.7
3423,582.57
3424,582.73
3425,582.68
3426,582.72
3427,582.71
3428,582.92
3429,583.08
3430,583.3
3431,583.54
3432,583.63
3433,583.67
3434,583.86
3435,584.54
3436,585.02
3437,585.48
3438,585.67
3439,585.43
3440,585.28
3441,585.19
3442,585.45
3443,585.64
3444,585.67
3445,585.81
3446,586.17
3447,586.45
3448,586.47
3449,586.5
3450,586.71
3451,586.78
3452,586.72
3453,586.87
3454,587.03
3455,587.16
3456,587.12
3457,587.12
3458,587.18
3459,587.17
3460,587.3
3461,587.41
3462,587.45
3463,587.32
3464,587.28
3465,587.5
3466,587.59
3467,587.93
3468,588.08
3469,588.18
3470,588.5
3471,588.84
3472,589.34
3473,589.77
3474,590.29
3475,590.64
3476,590.82
3477,590.99
3478,590.91
3479,590.74
3480,590.88
3481,591.14
3482,591.31
3483,591.06
3484,590.94
3485,590.82
3486,590.86
3487,591.15
3488,591.32
3489,591.56
3490,591.71
3491,591.76
3492,591.8
3493,592.17
3494,592.28
3495,592.56
3496,593.02
3497,593.2
3498,593.36
3499,593.65
3500,593.87
3501,594.53
3502,594.78
3503,594.77
3504,594.8
3505,594.62
3506,594.35
3507,594.2
3508,594.2
3509,594.21
3510,594.16
3511,594.5
3512,594.74
3513,594.99
3514,595.28
3515,595.33
3516,595.25
3517,595.11
3518,594.83
3519,594.88
3520,594.85
3521,595.02
3522,595.32
3523,595.63
3524,596.19
3525,596.36
3526,596.59
3527,596.98
3528,597.52
3529,597.92
3530,598.17
3531,598.45
3532,598.68
3533,599.12
3534,599.27
3535,599.25
3536,598.87
3537,598.75
3538,598.43
3539,598.46
3540,598.64
3541,598.8
3542,599.03
3543,599.26
3544,599.61
3545,599.77
3546,600.08
3547,600.33
3548,600.42
3549,600.52
3550,600.52
3551,600.32
3552,600.26
3553,600.29
3554,600.25
3555,600.52
3556,600.75
3557,601
3558,601.02
3559,601.26
3560,601.33
3561,601.72
3562,602.07
3563,602.4
3564,602.66
3565,602.86
3566,603.09
3567,603.47
3568,603.76
3569,604.09
3570,604.24
3571,604.57
3572,604.82
3573,604.86
3574,604.84
3575,605.2
3576,605.54
3577,605.89
3578,606.05
3579,606.23
3580,606.36
3581,606.5
3582,606.85
3583,607.19
3584,607.1
3585,607.25
3586,607.37
3587,607.74
3588,607.97
3589,608.34
3590,608.46
3591,608.41
3592,608.36
3593,608.41
3594,608.55
3595,608.82
3596,609.04
3597,609.21
3598,609.55
3599,609.83
3600,610.01
3601,610.2
3602,610.39
3603,610.44
3604,610.54
3605,610.47
3606,610.65
3607,610.82
3608,611.03
3609,611.39
3610,611.4
3611,611.54
3612,611.71
3613,611.86
3614,611.98
3615,612.18
3616,612.39
3617,612.47
3618,612.87
3619,613.19
3620,613.26
3621,613.26
3622,613.17
3623,613.33
3624,613.46
3625,613.78
3626,613.9
3627,613.94
3628,614.05
3629,614.33
3630,614.25
3631,614.18
3632,614.04
3633,613.96
3634,614.04
3635,614.46
3636,614.81
3637,615.26
3638,615.83
3639,616.22
3640,616.35
3641,616.75
3642,617.19
3643,617.34
3644,617.28
3645,617.29
3646,617.24
3647,617.31
3648,617.49
3649,617.79
3650,618.05
3651,618.35
3652,618.6
3653,618.7
3654,618.73
3655,618.9
3656,618.89
3657,618.86
3658,618.63
3659,618.67
3660,618.92
3661,619.17
3662,619.34
3663,619.85
3664,620.11
3665,620.27
3666,620.37
3667,620.24
3668,620.29
3669,620.37
3670,620.36
3671,620.4
3672,620.4
3673,620.38
3674,620.31
3675,620.3
3676,620.04
3677,619.99
3678,620.29
3679,620.81
3680,621.41
3681,621.54
3682,621.51
3683,621.36
3684,621.18
3685,621.09
3686,620.94
3687,620.93
3688,620.92
3689,620.68
3690,620.61
3691,620.89
3692,621.15
3693,621.23
3694,621.43
3695,621.64
3696,621.77
3697,622.05
3698,622.24
3699,622.47
3700,622.63
3701,622.72
3702,623.14
3703,623.6
3704,624.01
3705,624.2
3706,624.2
3707,624.35
3708,624.58
3709,624.64
3710,624.96
3711,625.08
3712,625.25
3713,625.47
3714,625.57
3715,625.65
3716,625.86
3717,626.05
3718,626.17
3719,626.16
3720,626.04
3721,625.83
3722,626.08
3723,626.42
3724,626.73
3725,626.84
3726,626.66
3727,626.55
3728,626.84
3729,627.1
3730,627.34
3731,627.51
3732,627.54
3733,628
3734,628.2
3735,628.49
3736,628.67
3737,628.54
3738,628.47
3739,628.61
3740,628.96
3741,629.28
3742,629.19
3743,629.08
3744,628.73
3745,628.4
3746,628.42
3747,628.39
3748,628.32
3749,628.42
3750,628.35
3751,628.26
3752,628.24
3753,628.34
3754,628.45
3755,628.49
3756,628.73
3757,628.88
3758,628.91
3759,628.95
3760,629.06
3761,629.31
3762,629.48
3763,629.66
3764,629.45
3765,629.37
3766,629.34
3767,629.3
3768,629.19
3769,629.14
3770,629.14
3771,629.2
3772,629.22
3773,629.34
3774,629.62
3775,629.8
3776,629.89
3777,629.82
3778,629.89
3779,630.18
3780,630.16
3781,630.12
3782,630.02
3783,630.06
3784,630.28
3785,630.73
3786,630.83
3787,630.68
3788,630.48
3789,630.31
3790,630.64
3791,631.21
3792,631.31
3793,631.4
3794,631.48
3795,631.59
3796,631.85
3797,632.02
3798,632.29
3799,632.54
3800,632.62
3801,632.74
3802,632.73
3803,633.06
3804,633.4
3805,633.48
3806,633.56
3807,633.86
3808,633.93
3809,633.95
3810,633.92
3811,634.06
3812,633.95
3813,633.74
3814,633.82
3815,633.98
3816,634
3817,634.34
3818,634.6
3819,634.53
3820,634.59
3821,634.6
3822,634.72
3823,635.29
3824,635.7
3825,636.04
3826,636.45
3827,636.87
3828,637.63
3829,638
3830,638.45
3831,638.81
3832,639.01
3833,639.04
3834,639.14
3835,639.24
3836,639.35
3837,639.58
3838,639.94
3839,640.27
3840,640.29
3841,640.29
3842,640.6
3843,640.87
3844,641.23
3845,641.62
3846,641.92
3847,642.02
3848,642.02
3849,642.04
3850,642
3851,641.88
3852,641.75
3853,641.77
3854,642
3855,642.1
3856,642.23
3857,642.24
3858,642.22
3859,642.12
3860,642.04
3861,641.89
3862,641.78
3863,641.66
3864,641.42
3865,641.28
3866,641.27
3867,641.52
3868,642.01
3869,642.2
3870,642.54
3871,642.98
3872,643.31
3873,643.51
3874,643.78
3875,643.82
3876,644.04
3877,644.62
3878,644.92
3879,644.98
3880,645.01
3881,645.02
3882,644.9
3883,644.86
3884,644.71
3885,644.66
3886,644.88
3887,645.06
3888,645.27
3889,645.45
3890,645.59
3891,645.82
3892,646.07
3893,646.3
3894,646.51
3895,646.47
3896,646.29
3897,646.33
3898,646.21
3899,646.01
3900,645.95
3901,646.14
3902,646.68
3903,647.06
3904,647.26
3905,647.65
3906,647.8
3907,647.67
3908,647.63
3909,647.67
3910,647.56
3911,647.73
3912,648.09
3913,648.23
3914,648.46
3915,648.73
3916,649.13
3917,649.66
3918,650.22
3919,650.46
3920,650.49
3921,650.76
3922,650.86
3923,651.14
3924,651.19
3925,651.26
3926,651.53
3927,651.46
3928,651.65
3929,651.93
3930,652.06
3931,652.33
3932,652.8
3933,653.22
3934,653.64
3935,654.05
3936,654.15
3937,654.45
3938,654.68
3939,654.88
3940,654.86
3941,654.76
3942,654.84
3943,654.84
3944,654.62
3945,654.48
3946,654.35
3947,654.3
3948,654.38
3949,654.27
3950,654.22
3951,654.34
3952,654.18
3953,653.95
3954,653.76
3955,653.77
3956,653.67
3957,653.53
3958,653.8
3959,654.04
3960,654.56
3961,655.3
3962,656.03
3963,656.47
3964,656.66
3965,656.84
3966,656.77
3967,657.12
3968,657.32
3969,657.7
3970,658.05
3971,658.33
3972,658.63
3973,658.81
3974,658.73
3975,658.52
3976,658.52
3977,658.55
3978,658.69
3979,658.62
3980,658.54
3981,658.51
3982,658.39
3983,658.49
3984,658.66
3985,658.51
3986,658.54
3987,658.43
3988,658.66
3989,658.79
3990,658.49
3991,658.44
3992,658.25
3993,658.11
3994,658.19
3995,658.22
3996,658.12
3997,657.97
3998,657.89
3999,658.15
4000,658.28
