timestamp,mouse_x
1,0
2,0
3,0
4,0
5,0
6,0
7,0
8,0
9,0
10,0
11,0
12,0
13,0
14,0
15,0
16,0
17,0
18,0
19,0
20,0
21,0
22,0
23,0
24,0
25,0
26,0
27,0
28,0
29,0
30,0
31,0
32,0
33,0
34,0
35,0
36,0
37,0
38,0
39,0
40,0
41,0
42,0
43,0
44,0
45,0
46,0
47,0
48,0
49,0
50,0
51,0
52,0
53,0
54,0
55,0
56,0
57,0
58,0
59,0
60,0
61,0
62,0
63,0
64,0
65,0
66,0
67,0
68,0
69,0
70,0
71,0
72,0
73,0
74,0
75,0
76,0
77,0
78,0
79,0
80,0
81,0
82,0
83,0
84,0
85,0
86,0
87,0
88,0
89,0
90,0
91,0
92,0
93,0
94,0
95,0
96,0
97,0
98,0
99,0
100,0
101,0
102,0
103,0
104,0
105,0
106,0
107,0
108,0
109,0
110,0
111,0
112,0
113,0
114,0
115,0
116,0
117,0
118,0
119,0
120,0
121,0
122,0
123,0
124,0
125,0
126,0
127,0
128,0
129,0
130,0
131,0
132,0
133,0
134,0
135,0
136,0
137,0
138,0
139,0
140,0
141,0
142,0
143,0
144,0
145,0
146,0
147,0
148,0
149,0
150,0
151,0
152,0
153,0
154,0
155,0
156,0
157,0
158,0
159,0
160,0
161,0
162,0
163,0
164,0
165,0
166,0
167,0
168,0
169,0
170,0
171,0
172,0
173,0
174,0
175,0
176,0
177,0
178,0
179,0
180,0
181,0
182,0
183,0
184,0
185,0
186,0
187,0
188,0
189,0
190,0
191,0
192,0
193,0
194,0
195,0
196,0
197,0
198,0
199,0
200,0
201,0
202,0
203,0
204,0
205,0
206,0
207,0
208,0
209,0
210,0
211,0
212,0
213,0
214,0
215,0
216,0
217,0
218,0
219,0
220,0
221,0
222,0
223,0
224,0
225,0
226,0
227,0
228,0
229,0
230,0
231,0
232,0
233,0
234,0
235,0
236,0
237,0
238,0
239,0
240,0
241,0
242,0
243,0
244,0
245,0
246,0
247,0
248,0
249,0
250,0
251,0
252,0
253,0
254,0
255,0
256,0
257,0
258,0
259,0
260,0
261,0
262,0
263,0
264,0
265,0
266,0
267,0
268,0
269,0
270,0
271,0
272,0
273,0
274,0
275,0
276,0
277,0
278,0
279,0
280,0
281,0
282,0
283,0
284,0
285,0
286,0
287,0
288,0
289,0
290,0
291,0
292,0
293,0
294,0
295,0
296,0
297,0
298,0
299,0
300,0
301,0
302,0
303,0
304,0
305,0
306,0
307,0
308,0
309,0
310,0
311,0
312,0
313,0
314,0
315,0
316,0
317,0
318,0
319,0
320,0
321,0
322,0
323,0
324,0
325,0
326,0
327,0
328,0
329,0
330,0
331,0
332,0
333,0
334,0
335,0
336,0
337,0
338,0
339,0
340,0
341,0
342,0
343,0
344,0
345,0
346,0
347,0
348,0
349,0
350,0
351,0
352,0
353,0
354,0
355,0
356,0
357,0
358,0
359,0
360,0
361,0
362,0
363,0
364,0
365,0
366,0
367,0
368,0
369,0
370,0
371,0
372,0
373,0
374,0
375,0
376,0
377,0
378,0
379,0
380,0
381,0
382,0
383,0
384,0
385,0
386,0
387,0
388,0
389,0
390,0
391,0
392,0
393,0
394,0
395,0
396,0
397,0
398,0
399,0
400,0
401,0
402,0
403,0
404,0
405,0
406,0
407,0
408,0
409,0
410,0
411,0
412,0
413,0
414,0
415,0
416,0
417,0
418,0
419,0
420,0
421,0
422,0
423,0
424,0
425,0
426,0
427,0
428,0
429,0
430,0
431,0
432,0
433,0
434,0
435,0
436,0
437,0
438,0
439,0
440,0
441,0
442,0
443,0
444,0
445,0
446,0
447,0
448,0
449,0
450,0
451,0
452,0
453,0
454,0
455,0
456,0
457,0
458,0
459,0
460,0
461,0
462,0
463,0
464,0
465,0
466,0
467,0
468,0
469,0
470,0
471,0
472,0
473,0
474,0
475,0
476,0
477,0
478,0
479,0
480,0
481,0
482,0
483,0
484,0
485,0
486,0
487,0
488,0
489,0
490,0
491,0
492,0
493,0
494,0
495,0
496,0
497,0
498,0
499,0
500,0
501,0
502,0
503,0
504,0
505,0
506,0
507,0
508,0
509,0
510,0
511,0
512,0
513,0
514,0
515,0
516,0
517,0
518,0
519,0
520,0
521,0
522,0
523,0
524,0
525,0
526,0
527,0
528,0
529,0
530,0
531,0
532,0
533,0
534,0
535,0
536,0
537,0
538,0
539,0
540,0
541,0
542,0
543,0
544,0
545,0
546,0
547,0
548,0
549,0
550,0
551,0
552,0
553,0
554,0
555,0
556,0
557,0
558,0
559,0
560,0
561,0
562,0
563,0
564,0
565,0
566,0
567,0
568,0
569,0
570,0
571,0
572,0
573,0
574,0
575,0
576,0
577,0
578,0
579,0
580,0
581,0
582,0
583,0
584,0
585,0
586,0
587,0
588,0
589,0
590,0
591,0
592,0
593,0
594,0
595,0
596,0
597,0
598,0
599,0
600,0
601,0
602,0
603,0
604,0
605,0
606,0
607,0
608,0
609,0
610,0
611,0
612,0
613,0
614,0
615,0
616,0
617,0
618,0
619,0
620,0
621,0
622,0
623,0
624,0
625,0
626,0
627,0
628,0
629,0
630,0
631,0
632,0
633,0
634,0
635,0
636,0
637,0
638,0
639,0
640,0
641,0
642,0
643,0
644,0
645,0
646,0
647,0
648,0
649,0
650,0
651,0
652,0
653,0
654,0
655,0
656,0
657,0
658,0
659,0
660,0
661,0
662,0
663,0
664,0
665,0
666,0
667,0
668,0
669,0
670,0
671,0
672,0
673,0
674,0
675,0
676,0
677,0
678,0
679,0
680,0
681,0
682,0
683,0
684,0
685,0
686,0
687,0
688,0
689,0
690,0
691,0
692,0
693,0
694,0
695,0
696,0
697,0
698,0
699,0
700,0
701,0
702,0
703,0
704,0
705,0
706,0
707,0
708,0
709,0
710,0
711,0
712,0
713,0
714,0
715,0
716,0
717,0
718,0
719,0
720,0
721,0
722,0
723,0
724,0
725,0
726,0
727,0
728,0
729,0
730,0
731,0
732,0
733,0
734,0
735,0
736,0
737,0
738,0
739,0
740,0
741,0
742,0
743,0
744,0
745,0
746,0
747,0
748,0
749,0
750,0
751,0
752,0
753,0
754,0
755,0
756,0
757,0
758,0
759,0
760,0
761,0
762,0
763,0
764,0
765,0
766,0
767,0
768,0
769,0
770,0
771,0
772,0
773,0
774,0
775,0
776,0
777,0
778,0
779,0
780,0
781,0
782,0
783,0
784,0
785,0
786,0
787,0
788,0
789,0
790,0
791,0
792,0
793,0
794,0
795,0
796,0
797,0
798,0
799,0
800,0
801,0
802,0
803,0
804,0
805,0
806,0
807,0
808,0
809,0
810,0
811,0
812,0
813,0
814,0
815,0
816,0
817,0
818,0
819,0
820,0
821,0
822,0
823,0
824,0
825,0
826,0
827,0
828,0
829,0
830,0
831,0
832,0
833,0
834,0
835,0
836,0
837,0
838,0
839,0
840,0
841,0
842,0
843,0
844,0
845,0
846,0
847,0
848,0
849,0
850,0
851,0
852,0
853,0
854,0
855,0
856,0
857,0
858,0
859,0
860,0
861,0
862,0
863,0
864,0
865,0
866,0
867,0
868,0
869,0
870,0
871,0
872,0
873,0
874,0
875,0
876,0
877,0
878,0
879,0
880,0
881,0
882,0
883,0
884,0
885,0
886,0
887,0
888,0
889,0
890,0
891,0
892,0
893,0
894,0
895,0
896,0
897,0
898,0
899,0
900,0
901,0
902,0
903,0
904,0
905,0
906,0
907,0
908,0
909,0
910,0
911,0
912,0
913,0
914,0
915,0
916,0
917,0
918,0
919,0
920,0
921,0
922,0
923,0
924,0
925,0
926,0
927,0
928,0
929,0
930,0
931,0
932,0
933,0
934,0
935,0
936,0
937,0
938,0
939,0
940,0
941,0
942,0
943,0
944,0
945,0
946,0
947,0
948,0
949,0
950,0
951,0
952,0
953,0
954,0
955,0
956,0
957,0
958,0
959,0
960,0
961,0
962,0
963,0
964,0
965,0
966,0
967,0
968,0
969,0
970,0
971,0
972,0
973,0
974,0
975,0
976,0
977,0
978,0
979,0
980,0
981,0
982,0
983,0
984,0
985,0
986,0
987,0
988,0
989,0
990,0
991,0
992,0
993,0
994,0
995,0
996,0
997,0
998,0
999,0
1000,0
1001,0
1002,0
1003,0
1004,0
1005,0
1006,0
1007,0
1008,0
1009,0
1010,0
1011,0
1012,0
1013,0
1014,0
1015,0
1016,0
1017,0
1018,0
1019,0
1020,0
1021,0
1022,0
1023,0
1024,0
1025,0
1026,0
1027,0
1028,0
1029,0
1030,0
1031,0
1032,0
1033,0
1034,0
1035,0
1036,0
1037,0
1038,0
1039,0
1040,0
1041,0
1042,0
1043,0
1044,0
1045,0
1046,0
1047,0
1048,0
1049,0
1050,0
1051,0
1052,0
1053,0
1054,0
1055,0
1056,0
1057,0
1058,0
1059,0
1060,0
1061,0
1062,0
1063,0
1064,0
1065,0
1066,0
1067,0
1068,0
1069,0
1070,0
1071,0
1072,0
1073,0
1074,0
1075,0
1076,0
1077,0
1078,0
1079,0
1080,0
1081,0
1082,0
1083,0
1084,0
1085,0
1086,0
1087,0
1088,0
1089,0
1090,0
1091,0
1092,0
1093,0
1094,0
1095,0
1096,0
1097,0
1098,0
1099,0
1100,0
1101,0
1102,0
1103,0
1104,0
1105,0
1106,0
1107,0
1108,0
1109,0
1110,0
1111,0
1112,0
1113,0
1114,0
1115,0
1116,0
1117,0
1118,0
1119,0
1120,0
1121,0
1122,0
1123,0
1124,0
1125,0
1126,0
1127,0
1128,0
1129,0
1130,0
1131,0
1132,0
1133,0
1134,0
1135,0
1136,0
1137,0
1138,0
1139,0
1140,0
1141,0
1142,0
1143,0
1144,0
1145,0
1146,0
1147,0
1148,0
1149,0
1150,0
1151,0
1152,0
1153,0
1154,0
1155,0
1156,0
1157,0
1158,0
1159,0
1160,0
1161,0
1162,0
1163,0
1164,0
1165,0
1166,0
1167,0
1168,0
1169,0
1170,0
1171,0
1172,0
1173,0
1174,0
1175,0
1176,0
1177,0
1178,0
1179,0
1180,0
1181,0
1182,0
1183,0
1184,0
1185,0
1186,0
1187,0
1188,0
1189,0
1190,0
1191,0
1192,0
1193,0
1194,0
1195,0
1196,0
1197,0
1198,0
1199,0
1200,0
1201,0
1202,0
1203,0
1204,0
1205,0
1206,0
1207,0
1208,0
1209,0
1210,0
1211,0
1212,0
1213,0
1214,0
1215,0
1216,0
1217,0
1218,0
1219,0
1220,0
1221,0
1222,0
1223,0
1224,0
1225,0
1226,0
1227,0
1228,0
1229,0
1230,0
1231,0
1232,0
1233,0
1234,0
1235,0
1236,0
1237,0
1238,0
1239,0
1240,0
1241,0
1242,0
1243,0
1244,0
1245,0
1246,0
1247,0
1248,0
1249,0
1250,0
1251,0
1252,0
1253,0
1254,0
1255,0
1256,0
1257,0
1258,0
1259,0
1260,0
1261,0
1262,0
1263,0
1264,0
1265,0
1266,0
1267,0
1268,0
1269,0
1270,0
1271,0
1272,0
1273,0
1274,0
1275,0
1276,0
1277,0
1278,0
1279,0
1280,0
1281,12.496
1282,37.619
1283,63.253
1284,82.648
1285,102.37
1286,123.58
1287,141.35
1288,153.86
1289,165.6
1290,176.88
1291,189.73
1292,203.51
1293,212.97
1294,221.4
1295,230.5
1296,243.39
1297,252.94
1298,258.59
1299,266.87
1300,276.47
1301,289.2
1302,294.86
1303,298.26
1304,306.05
1305,316.1
1306,328.49
1307,340.63
1308,358.37
1309,374.52
1310,392.22
1311,408.76
1312,421.27
1313,434.67
1314,450.74
1315,466.48
1316,480.25
1317,490.25
1318,496.97
1319,508.55
1320,520.29
1321,528.47
1322,537.92
1323,547.02
1324,557.1
1325,566.5
1326,571.65
1327,577.22
1328,585.68
1329,595.44
1330,601.47
1331,604.39
1332,611.69
1333,622.18
1334,634.14
1335,641.71
1336,649.76
1337,656.12
1338,663.36
1339,667.09
1340,671.61
1341,680.76
1342,686.1
1343,693.55
1344,702.07
1345,711.88
1346,717.38
1347,719.53
1348,722.15
1349,724.5
1350,726.08
1351,725.82
1352,728.45
1353,734.75
1354,741.52
1355,746.34
1356,748.71
1357,751.19
1358,754.33
1359,759.53
1360,761.11
1361,761.9
1362,765.34
1363,768.63
1364,771.5
1365,773.54
1366,776.92
1367,781.85
1368,784.63
1369,782.5
1370,783.8
1371,785.11
1372,782.39
1373,781.84
1374,785.4
1375,790.35
1376,790.91
1377,791.31
1378,795.78
1379,802.58
1380,804.25
1381,809.32
1382,817.98
1383,823.35
1384,830.7
1385,838.78
1386,840.67
1387,842.51
1388,845.21
1389,847.76
1390,853.22
1391,857.9
1392,862.52
1393,869.2
1394,874.62
1395,876.03
1396,880.02
1397,885.89
1398,885.4
1399,881.12
1400,877.67
1401,878.01
1402,885.31
1403,891.28
1404,897.15
1405,901.78
1406,906.19
1407,903.98
1408,903.84
1409,903.8
1410,904.19
1411,903.04
1412,898.78
1413,896.39
1414,898.25
1415,899.1
1416,901.86
1417,904
1418,908.55
1419,912.91
1420,913.03
1421,916.98
1422,920.84
1423,926.12
1424,925.33
1425,928.03
1426,930.29
1427,931.35
1428,930.67
1429,934.66
1430,936.45
1431,936.79
1432,942.79
1433,942.68
1434,942.17
1435,943.02
1436,940.82
1437,939.85
1438,944.22
1439,951.07
1440,956.11
1441,956.18
1442,952.14
1443,947
1444,948.66
1445,948.49
1446,948.17
1447,949.23
1448,952.48
1449,958.4
1450,964.65
1451,965.5
1452,965.49
1453,962.73
1454,956.43
1455,956.72
1456,956.94
1457,957.1
1458,958.02
1459,959.67
1460,957.04
1461,953.92
1462,955.39
1463,958.35
1464,962.74
1465,966.25
1466,969.17
1467,970.4
1468,975.17
1469,981.92
1470,988.49
1471,990.35
1472,989.54
1473,994.59
1474,1001.9
1475,1006.5
1476,1008.2
1477,1010.5
1478,1016.6
1479,1021.2
1480,1024.9
1481,1026.6
1482,1029.1
1483,1028.4
1484,1026
1485,1024.7
1486,1026.1
1487,1028.3
1488,1033.5
1489,1034.6
1490,1033
1491,1035.1
1492,1040
1493,1040.8
1494,1039.6
1495,1038.1
1496,1034.8
1497,1031.5
1498,1030.4
1499,1030.7
1500,1031.5
1501,1028.5
1502,1025.4
1503,1023.8
1504,1022.6
1505,1016.5
1506,1014.4
1507,1014.7
1508,1011.7
1509,1012.1
1510,1017.8
1511,1024.4
1512,1028.9
1513,1034
1514,1034.4
1515,1035.8
1516,1036.1
1517,1041.8
1518,1044.4
1519,1046.7
1520,1045.1
1521,1042.3
1522,1043.6
1523,1044.3
1524,1046.8
1525,1051.4
1526,1063.2
1527,1074.5
1528,1078.5
1529,1075.6
1530,1078
1531,1078.5
1532,1074.7
1533,1070.5
1534,1063.8
1535,1058.9
1536,1054.5
1537,1053.3
1538,1054
1539,1055.6
1540,1056.8
1541,1056.2
1542,1059.3
1543,1063.5
1544,1063.3
1545,1066.7
1546,1073.4
1547,1078.5
1548,1076.7
1549,1070.9
1550,1066.3
1551,1059.9
1552,1054.3
1553,1051.8
1554,1052
1555,1053.1
1556,1052.7
1557,1051.1
1558,1055.1
1559,1058.9
1560,1062.5
1561,1066.5
1562,1068.2
1563,1067
1564,1066.9
1565,1068.6
1566,1066.6
1567,1068.7
1568,1072.3
1569,1072.6
1570,1072.7
1571,1073.9
1572,1076.4
1573,1075.1
1574,1077.2
1575,1076.1
1576,1073.2
1577,1069.5
1578,1066.2
1579,1062.6
1580,1062
1581,1066.9
1582,1070.3
1583,1071.4
1584,1072.7
1585,1067.7
1586,1066.6
1587,1072.8
1588,1078.9
1589,1082.3
1590,1081.9
1591,1084.4
1592,1086.7
1593,1082.9
1594,1078.9
1595,1078.4
1596,1075.9
1597,1077.5
1598,1076.9
1599,1077
1600,1071.7
1601,1064.5
1602,1059.1
1603,1055
1604,1054.7
1605,1057.7
1606,1062.4
1607,1065.5
1608,1067.4
1609,1067.9
1610,1069.8
1611,1064
1612,1060.2
1613,1057.6
1614,1052.5
1615,1044
1616,1036.7
1617,1031.1
1618,1025.1
1619,1021.7
1620,1014.6
1621,1009.1
1622,1004.4
1623,1002.4
1624,1005.7
1625,1010.9
1626,1017.8
1627,1021.8
1628,1024
1629,1032.1
1630,1039.7
1631,1048.2
1632,1048.7
1633,1049.1
1634,1047.7
1635,1047.9
1636,1048.8
1637,1046.6
1638,1049
1639,1048.8
1640,1049.4
1641,1050.9
1642,1052.3
1643,1059.4
1644,1063.2
1645,1068
1646,1069.1
1647,1067.6
1648,1065.8
1649,1062.6
1650,1061.3
1651,1058
1652,1053.3
1653,1051.1
1654,1048.7
1655,1045.3
1656,1042.4
1657,1039.7
1658,1041.5
1659,1039.1
1660,1035.3
1661,1033.2
1662,1029
1663,1022.8
1664,1018.2
1665,1018.3
1666,1018.4
1667,1017.5
1668,1017.7
1669,1016.5
1670,1015.9
1671,1016.5
1672,1015.4
1673,1014.1
1674,1010.4
1675,1007
1676,1007.7
1677,1006.8
1678,1005.7
1679,1009
1680,1009.8
1681,1011.5
1682,1013.4
1683,1014.4
1684,1017
1685,1015.7
1686,1009.8
1687,1006.1
1688,1005.6
1689,1003.2
1690,1001.8
1691,999.51
1692,994.65
1693,991.17
1694,987.75
1695,988.26
1696,988.68
1697,985.72
1698,978.02
1699,971.65
1700,967.9
1701,966.38
1702,971.55
1703,978.57
1704,982.73
1705,984.8
1706,985.86
1707,983.5
1708,978.77
1709,973.61
1710,967.65
1711,963.98
1712,961.46
1713,967.74
1714,975.53
1715,977.95
1716,978.74
1717,977.99
1718,976.45
1719,979.87
1720,982.53
1721,982.19
1722,985.12
1723,986.38
1724,985.44
1725,984.22
1726,981.82
1727,979.04
1728,975.81
1729,977.21
1730,978.24
1731,977.02
1732,971.88
1733,972.04
1734,972.67
1735,975.98
1736,975.41
1737,969.38
1738,965.49
1739,961.24
1740,960.33
1741,958.67
1742,961.54
1743,965.73
1744,968.33
1745,970.27
1746,971.43
1747,973.72
1748,972.28
1749,967.8
1750,958.37
1751,944.87
1752,933.68
1753,923.62
1754,916.06
1755,914.37
1756,914.15
1757,913.41
1758,910.17
1759,908.2
1760,907.71
1761,907.27
1762,905.42
1763,903.92
1764,901.15
1765,901.57
1766,901.47
1767,898.38
1768,895.29
1769,890.59
1770,890.16
1771,885.78
1772,881.69
1773,880.43
1774,880.69
1775,879.01
1776,878.75
1777,879.41
1778,877.16
1779,872.78
1780,867.4
1781,861.87
1782,858.72
1783,856.76
1784,856.97
1785,857.24
1786,854.84
1787,850.57
1788,848.02
1789,850.26
1790,848.81
1791,849.94
1792,849.07
1793,849.24
1794,847.84
1795,845.73
1796,843.86
1797,847.47
1798,850.45
1799,851.2
1800,850.83
1801,844.83
1802,842.96
1803,842.7
1804,841.9
1805,842.24
1806,842.47
1807,839.62
1808,835.6
1809,834.45
1810,830.49
1811,828.61
1812,826.73
1813,825.44
1814,821.88
1815,819.68
1816,816.72
1817,813.19
1818,811.84
1819,810.37
1820,807.34
1821,803.11
1822,799.19
1823,799.29
1824,799.32
1825,797.1
1826,795.54
1827,792.28
1828,788.08
1829,785.55
1830,782.36
1831,782.24
1832,784.17
1833,788.24
1834,791.93
1835,791.76
1836,788.11
1837,785.49
1838,784.67
1839,783.37
1840,783.25
1841,783.22
1842,785
1843,779.9
1844,773.09
1845,767.38
1846,767.14
1847,768.31
1848,769.11
1849,768.76
1850,770.2
1851,770.86
1852,773.03
1853,776.39
1854,774.79
1855,774.07
1856,775.87
1857,777.37
1858,778.29
1859,773.5
1860,767.07
1861,767.51
1862,767
1863,765.34
1864,763.99
1865,757.31
1866,754.73
1867,752.9
1868,751.32
1869,756.09
1870,758.6
1871,761.97
1872,763.33
1873,764.37
1874,765.91
1875,770.82
1876,775
1877,778.04
1878,780.67
1879,785.32
1880,783.49
1881,778.3
1882,774.79
1883,775.43
1884,776.99
1885,777.85
1886,777.71
1887,776.91
1888,775.31
1889,771.48
1890,770.24
1891,764.7
1892,757.9
1893,754.21
1894,754.75
1895,755.62
1896,752.3
1897,750.86
1898,747.22
1899,740.48
1900,736.71
1901,735.34
1902,729.49
1903,723.91
1904,721.21
1905,722.28
1906,727.32
1907,729.29
1908,733.11
1909,737.79
1910,744.82
1911,752.24
1912,759.1
1913,766.55
1914,770.35
1915,772.56
1916,772.53
1917,771.25
1918,769.56
1919,770.55
1920,771.26
1921,775.23
1922,778.13
1923,778.23
1924,777.45
1925,774.85
1926,773.6
1927,775.48
1928,775.31
1929,774.91
1930,769.69
1931,765.61
1932,766.39
1933,769.8
1934,769.42
1935,768.04
1936,767.43
1937,771.3
1938,769.95
1939,769.94
1940,772.31
1941,774.65
1942,775.2
1943,773.08
1944,770.23
1945,770.47
1946,772.05
1947,774.74
1948,777.14
1949,774.5
1950,775.46
1951,776.06
1952,772.3
1953,769.5
1954,767.88
1955,761.43
1956,753.68
1957,748.21
1958,746.26
1959,746.34
1960,745.1
1961,740.41
1962,734.41
1963,731.36
1964,731.28
1965,732.16
1966,732.56
1967,732.5
1968,734.5
1969,738.78
1970,741.34
1971,744.04
1972,741.47
1973,737.38
1974,733.76
1975,733.48
1976,732
1977,736.51
1978,738.01
1979,737.37
1980,738.39
1981,741.24
1982,745.79
1983,748.52
1984,752.99
1985,751.04
1986,747.28
1987,749.46
1988,747
1989,742.39
1990,734.92
1991,729.98
1992,730.22
1993,730.77
1994,730.87
1995,730.7
1996,731.02
1997,731.15
1998,734.14
1999,734.51
2000,735.82
2001,738.11
2002,738.21
2003,742.31
2004,745.02
2005,745.78
2006,746.61
2007,750.01
2008,755.26
2009,762.8
2010,764.44
2011,762.67
2012,762.15
2013,763.4
2014,760.19
2015,757.74
2016,755.03
2017,756.81
2018,761.67
2019,770.18
2020,776.56
2021,781.26
2022,785.35
2023,789.79
2024,790.98
2025,790.67
2026,790.28
2027,791.25
2028,793.26
2029,795.76
2030,796.04
2031,791.68
2032,785.96
2033,782.03
2034,776.25
2035,772.42
2036,770.49
2037,768.2
2038,762.2
2039,753.68
2040,747.8
2041,745.55
2042,741.63
2043,737.02
2044,733.47
2045,731.71
2046,727.51
2047,724.17
2048,721.66
2049,722.38
2050,721.28
2051,721.41
2052,722.79
2053,721.25
2054,721.49
2055,727.08
2056,734.64
2057,741.17
2058,743.38
2059,745.23
2060,744.03
2061,742.82
2062,741.47
2063,740.96
2064,742.29
2065,745.47
2066,748.28
2067,748.02
2068,746.05
2069,743.2
2070,739.53
2071,739.12
2072,739.43
2073,746.85
2074,752.39
2075,755.47
2076,758.94
2077,760.76
2078,762.63
2079,762.21
2080,763.26
2081,768.57
2082,773.07
2083,778.56
2084,784.79
2085,782.06
2086,780.36
2087,779.29
2088,778.7
2089,776.65
2090,770.37
2091,762.34
2092,757.55
2093,754.85
2094,750.68
2095,745.86
2096,744.2
2097,739.92
2098,738.62
2099,739.81
2100,741.23
2101,745.21
2102,750.37
2103,754.4
2104,761.35
2105,767.02
2106,766.39
2107,768.64
2108,770.53
2109,769.37
2110,767.54
2111,768.36
2112,778.41
2113,782.3
2114,787.03
2115,792.51
2116,800.32
2117,802.85
2118,804.71
2119,803.19
2120,800.89
2121,804.13
2122,809.91
2123,813.09
2124,812.13
2125,811.65
2126,811.23
2127,810.36
2128,810.39
2129,812.28
2130,814.91
2131,815.59
2132,818.5
2133,821.13
2134,821.06
2135,820.43
2136,825.56
2137,826.87
2138,829.24
2139,830.75
2140,828.18
2141,825.14
2142,821.1
2143,817.86
2144,812.48
2145,805.52
2146,798.2
2147,797.8
2148,794.58
2149,789.49
2150,787.24
2151,784.77
2152,779.43
2153,776.38
2154,771.15
2155,769.9
2156,765.44
2157,757.13
2158,749.9
2159,749.68
2160,746.61
2161,746.16
2162,749.06
2163,752.4
2164,757.04
2165,759.58
2166,757.77
2167,756.67
2168,754.43
2169,752.28
2170,748.48
2171,742.95
2172,741.66
2173,741.68
2174,739.99
2175,737.41
2176,729.01
2177,720.12
2178,713.71
2179,717.72
2180,720.73
2181,720.63
2182,723.59
2183,725.05
2184,726.6
2185,727.08
2186,727.81
2187,729.08
2188,727.61
2189,726.75
2190,726.86
2191,726.66
2192,728.49
2193,732.26
2194,736.78
2195,740.16
2196,739.88
2197,740.54
2198,741.49
2199,736.2
2200,731.64
2201,728.68
2202,726.98
2203,726.42
2204,725.1
2205,724.96
2206,723.5
2207,721.59
2208,719.4
2209,716.57
2210,714.34
2211,712.34
2212,712.05
2213,712.5
2214,716.45
2215,719.66
2216,719.05
2217,717.23
2218,712.75
2219,708.75
2220,704.33
2221,700.06
2222,698.87
2223,696.23
2224,693.44
2225,693.12
2226,697.3
2227,697.71
2228,695.23
2229,690.96
2230,690.67
2231,691.06
2232,691.26
2233,695
2234,691.93
2235,689.56
2236,686.19
2237,686.99
2238,691.17
2239,689.5
2240,688.2
2241,687.08
2242,685.43
2243,682.07
2244,682.17
2245,679.39
2246,678.1
2247,682.77
2248,685.44
2249,685.56
2250,685.25
2251,685.04
2252,683.4
2253,682.17
2254,677.71
2255,676.52
2256,677.97
2257,676.38
2258,673.76
2259,675.45
2260,674.16
2261,674.57
2262,674.92
2263,677.01
2264,677.65
2265,680.97
2266,684.74
2267,686.7
2268,685.32
2269,681.57
2270,685.22
2271,687.77
2272,685.99
2273,687.05
2274,691.75
2275,693.67
2276,695.03
2277,696.7
2278,699.04
2279,698.74
2280,694.8
2281,691.83
2282,687.92
2283,686.89
2284,683.42
2285,683.02
2286,679.25
2287,674.81
2288,668.84
2289,668.17
2290,663.7
2291,663.28
2292,665.36
2293,664.9
2294,668.38
2295,671.78
2296,680.11
2297,685.06
2298,688.17
2299,691.15
2300,690.7
2301,690.88
2302,694.23
2303,699.22
2304,709.46
2305,715.66
2306,726.07
2307,729.89
2308,731.43
2309,729.09
2310,727.54
2311,729.23
2312,728.21
2313,729.65
2314,733.74
2315,734.81
2316,738.5
2317,741.12
2318,745.93
2319,748.96
2320,755.85
2321,765.89
2322,771.55
2323,775.38
2324,780.45
2325,787.9
2326,791.23
2327,791.39
2328,789.07
2329,786
2330,782.91
2331,777.76
2332,774.51
2333,769.54
2334,763.38
2335,758.24
2336,756.93
2337,758.36
2338,756.76
2339,757.02
2340,756.46
2341,752.64
2342,752.65
2343,753.69
2344,754.32
2345,752.33
2346,753.45
2347,749.58
2348,745.94
2349,744.5
2350,740.64
2351,741.6
2352,743.41
2353,746.96
2354,752.43
2355,753.55
2356,751.57
2357,752.44
2358,750.14
2359,745.89
2360,741.17
2361,738.78
2362,736.35
2363,732.67
2364,728.31
2365,727.21
2366,723.65
2367,723.4
2368,723.63
2369,719.71
2370,715.81
2371,712.53
2372,710.24
2373,708.88
2374,707.67
2375,703
2376,699.8
2377,696.67
2378,696.67
2379,699.52
2380,699.48
2381,700.19
2382,702.11
2383,701.96
2384,697.58
2385,693.39
2386,688.57
2387,681.06
2388,676.74
2389,676.61
2390,678.42
2391,680.23
2392,680.92
2393,680.15
2394,678.6
2395,675.97
2396,670.56
2397,667
2398,663.45
2399,660.7
2400,657.09
2401,657.07
2402,655.67
2403,657.36
2404,662.73
2405,659.38
2406,653.64
2407,654.41
2408,656.48
2409,659.04
2410,661.78
2411,660.53
2412,656.3
2413,655.16
2414,652.37
2415,650.11
2416,647.94
2417,651.46
2418,653.73
2419,654.75
2420,652.98
2421,647.57
2422,641.43
2423,640.15
2424,643.99
2425,644.58
2426,646.62
2427,647.73
2428,647.65
2429,645.66
2430,645.57
2431,646.2
2432,642.99
2433,645.81
2434,646.77
2435,644.45
2436,644.5
2437,648.02
2438,650
2439,656.28
2440,658.9
2441,665.8
2442,670.66
2443,673.95
2444,674.84
2445,672.08
2446,672.96
2447,673.78
2448,674.06
2449,673.13
2450,670.52
2451,671.19
2452,668.39
2453,671.95
2454,673.89
2455,672.9
2456,670.65
2457,666.57
2458,663.85
2459,663.5
2460,665.44
2461,666.77
2462,668.64
2463,666.99
2464,667.52
2465,665.35
2466,664.39
2467,663.7
2468,658.62
2469,653.82
2470,649.58
2471,645.76
2472,643.29
2473,641.27
2474,638.43
2475,636.21
2476,631.62
2477,630.37
2478,627.58
2479,624.92
2480,624.75
2481,623.7
2482,621.17
2483,619.54
2484,618.81
2485,618.52
2486,616.92
2487,612.16
2488,611.21
2489,610.75
2490,610.03
2491,610.79
2492,608.63
2493,606.09
2494,605.28
2495,603.74
2496,604.03
2497,605.78
2498,608.55
2499,612.99
2500,616.81
2501,624.84
2502,629.19
2503,632.44
2504,633.4
2505,633.63
2506,634.06
2507,635.56
2508,635.02
2509,631.25
2510,626.9
2511,622.92
2512,623.29
2513,623.74
2514,623.92
2515,627.32
2516,629.67
2517,632.29
2518,635.04
2519,638
2520,637.38
2521,634.12
2522,630.99
2523,628.25
2524,629.17
2525,632.09
2526,633.28
2527,639.87
2528,642.29
2529,643.36
2530,647.5
2531,649.48
2532,651.59
2533,658.06
2534,663.23
2535,663.66
2536,667.37
2537,671.63
2538,672.75
2539,677.5
2540,682.06
2541,681.14
2542,677.46
2543,672.33
2544,670.62
2545,668.6
2546,668.06
2547,664.67
2548,665.8
2549,662.58
2550,660.05
2551,661.85
2552,667.99
2553,672.74
2554,677.05
2555,681.1
2556,686.4
2557,692.38
2558,699.34
2559,705.33
2560,709.41
2561,712.88
2562,717.83
2563,721.38
2564,721.79
2565,721.72
2566,720.99
2567,719.95
2568,722.82
2569,723.86
2570,723.24
2571,728.19
2572,731.93
2573,733.77
2574,739.3
2575,743.87
2576,741.92
2577,739.89
2578,737.67
2579,737.89
2580,740.23
2581,742.29
2582,740.09
2583,736.77
2584,738.61
2585,737.27
2586,739.33
2587,740.64
2588,739.28
2589,737.14
2590,732.2
2591,730.76
2592,731.62
2593,732.56
2594,732.4
2595,731.6
2596,727.1
2597,723.18
2598,720.63
2599,720.18
2600,722.26
2601,728.06
2602,732.31
2603,739.7
2604,744.73
2605,748.15
2606,752.55
2607,750.21
2608,749.27
2609,748.49
2610,750.1
2611,748.33
2612,745.58
2613,742.98
2614,739.08
2615,738.29
2616,735.61
2617,731.08
2618,728.3
2619,722.61
2620,715.94
2621,712.07
2622,706.25
2623,700.09
2624,697.38
2625,693.75
2626,691.54
2627,685.67
2628,676.89
2629,670.9
2630,667.92
2631,664.66
2632,664.48
2633,661.96
2634,657.62
2635,652.56
2636,645.56
2637,641.15
2638,637.92
2639,636.07
2640,637.62
2641,637.84
2642,642.15
2643,642.75
2644,641.32
2645,638.38
2646,637.66
2647,639.33
2648,641.52
2649,641.56
2650,641.99
2651,641.24
2652,643.59
2653,644.25
2654,649.84
2655,652.71
2656,655.71
2657,654.66
2658,649.5
2659,644.4
2660,640.74
2661,642.01
2662,639.91
2663,638.45
2664,640.51
2665,643.18
2666,645.69
2667,651.33
2668,654.32
2669,657.4
2670,656.48
2671,658.54
2672,659.82
2673,659.03
2674,661.09
2675,664.04
2676,664.2
2677,664.8
2678,674.32
2679,678.93
2680,684.38
2681,683.24
2682,680.68
2683,675.9
2684,672.83
2685,671.41
2686,667.77
2687,667.08
2688,665.88
2689,663.97
2690,662.72
2691,659.14
2692,656.3
2693,653.91
2694,652.58
2695,653.17
2696,655.97
2697,656.2
2698,657.86
2699,663.75
2700,668.73
2701,673.54
2702,676.44
2703,677.07
2704,672.67
2705,668.81
2706,668.12
2707,669.33
2708,672.94
2709,676.95
2710,678.04
2711,681.63
2712,683.77
2713,680.2
2714,675.99
2715,672.01
2716,668.42
2717,666.22
2718,664.54
2719,664.53
2720,664.28
2721,664.96
2722,661.06
2723,660.65
2724,667.21
2725,667.19
2726,667.25
2727,672.6
2728,671.23
2729,670.52
2730,666.83
2731,665.97
2732,665.67
2733,670.32
2734,672.87
2735,671.31
2736,671.81
2737,669.75
2738,668.83
2739,669.39
2740,674.03
2741,682.89
2742,684.89
2743,683.97
2744,684
2745,683.79
2746,683.26
2747,683.28
2748,685.2
2749,684.49
2750,677.31
2751,674.79
2752,672.97
2753,678.58
2754,684.33
2755,689.38
2756,695.27
2757,697.73
2758,702.81
2759,709.87
2760,712.85
2761,710.85
2762,709.21
2763,706.96
2764,708.38
2765,709.06
2766,710.5
2767,708.67
2768,706.06
2769,705.23
2770,705.68
2771,705.34
2772,706.51
2773,709.58
2774,712.36
2775,713.49
2776,712.11
2777,712.82
2778,717.36
2779,718.28
2780,720.14
2781,724.14
2782,726.76
2783,726.85
2784,727.31
2785,722.37
2786,714.92
2787,707.22
2788,704.39
2789,703.5
2790,704.31
2791,705.31
2792,702.76
2793,695.99
2794,689.26
2795,686.91
2796,683.61
2797,684.74
2798,688.42
2799,692.12
2800,696.94
2801,699.68
2802,699.85
2803,695.9
2804,694.92
2805,694.72
2806,699.9
2807,702.48
2808,707.06
2809,708.6
2810,710.19
2811,710.08
2812,711.58
2813,712.26
2814,712.2
2815,711.06
2816,711.4
2817,712.81
2818,717.81
2819,719.29
2820,722.75
2821,727.97
2822,730.2
2823,733.61
2824,739.29
2825,742.14
2826,740.16
2827,743.21
2828,747.74
2829,752.11
2830,753.19
2831,751.11
2832,746.8
2833,745.8
2834,743.52
2835,743.95
2836,744.46
2837,742.19
2838,742.25
2839,742.59
2840,740.38
2841,737.98
2842,735.7
2843,735.55
2844,736.34
2845,735.59
2846,734.88
2847,734.57
2848,735.44
2849,734.45
2850,734.68
2851,732.02
2852,731.44
2853,733.67
2854,734.11
2855,732.06
2856,728.69
2857,724.63
2858,723.26
2859,724.64
2860,724.02
2861,725.47
2862,723.96
2863,720.4
2864,717.07
2865,715.75
2866,714.3
2867,717.11
2868,717.64
2869,717.07
2870,717.02
2871,716.8
2872,723.26
2873,726.56
2874,727.99
2875,725.33
2876,721.84
2877,722.33
2878,722.57
2879,721.91
2880,719.81
2881,715.22
2882,713.3
2883,710.47
2884,712.06
2885,711.8
2886,707.95
2887,708.73
2888,709.69
2889,708.41
2890,708.22
2891,712.23
2892,718.28
2893,719.53
2894,719.28
2895,713.88
2896,710.68
2897,709.43
2898,711.67
2899,720.87
2900,728.97
2901,731.74
2902,730.78
2903,730.38
2904,726.44
2905,723.8
2906,722.42
2907,720.46
2908,719.66
2909,720.3
2910,721.13
2911,719.49
2912,713.46
2913,709.83
2914,707.33
2915,704.77
2916,703.17
2917,698.19
2918,689.45
2919,684.6
2920,685.79
2921,688.92
2922,690.57
2923,685.15
2924,680.55
2925,675.96
2926,675.94
2927,679.54
2928,681.22
2929,686.06
2930,688.6
2931,690.09
2932,687.71
2933,682.8
2934,680.94
2935,680.23
2936,682.2
2937,686.07
2938,684.7
2939,682.55
2940,682.84
2941,679.3
2942,675.86
2943,672.04
2944,666.62
2945,664.13
2946,661.06
2947,658.47
2948,659.91
2949,660.83
2950,659.89
2951,657.56
2952,654.41
2953,651.22
2954,649.66
2955,648.64
2956,647.94
2957,650.36
2958,651.08
2959,650.76
2960,649.26
2961,647.96
2962,647.69
2963,646.28
2964,649.09
2965,654.92
2966,660.02
2967,661.24
2968,664.23
2969,665.03
2970,662.81
2971,661.32
2972,663.04
2973,666.4
2974,668.71
2975,671.07
2976,672.67
2977,676.88
2978,682.46
2979,685.49
2980,686.88
2981,686.97
2982,688.09
2983,690.47
2984,695.39
2985,698.31
2986,701.93
2987,703.69
2988,705.92
2989,709.23
2990,716.45
2991,718.81
2992,719.93
2993,724.74
2994,730.98
2995,738.31
2996,738.03
2997,740.32
2998,740.24
2999,741.53
3000,745.24
3001,748.91
3002,755.55
3003,761.3
3004,765.28
3005,762.91
3006,764.01
3007,768.71
3008,772.75
3009,772.23
3010,771.69
3011,774.26
3012,776.91
3013,777.6
3014,777.27
3015,775.37
3016,771.73
3017,765.5
3018,759.26
3019,751.28
3020,743.71
3021,737.68
3022,733.81
3023,734.42
3024,734.98
3025,729.57
3026,723.95
3027,722.29
3028,719.11
3029,714.52
3030,710.66
3031,707.38
3032,703.82
3033,701.03
3034,695.4
3035,689.92
3036,684.32
3037,680.98
3038,680.86
3039,683.85
3040,686.51
3041,685.75
3042,685.8
3043,682.75
3044,676.92
3045,671.04
3046,667.94
3047,661.99
3048,659.75
3049,659.01
3050,663.61
3051,668.73
3052,675.11
3053,680.03
3054,682.59
3055,689.83
3056,698.67
3057,704.72
3058,709.66
3059,713.95
3060,712
3061,713.28
3062,716.21
3063,716.02
3064,717.71
3065,717.9
3066,715.53
3067,717.31
3068,715.38
3069,713.22
3070,706.82
3071,700.65
3072,700.01
3073,704.46
3074,704.74
3075,704.23
3076,705.32
3077,706.88
3078,706.9
3079,709.29
3080,713.61
3081,714.22
3082,714.11
3083,712.92
3084,715.68
3085,722.01
3086,725.09
3087,723.6
3088,719.49
3089,718.11
3090,718.77
3091,719.07
3092,718.63
3093,718.83
3094,720.01
3095,719.94
3096,718.53
3097,716.2
3098,716.36
3099,716.97
3100,721.37
3101,719.94
3102,716.33
3103,714.09
3104,711.99
3105,710.61
3106,707.27
3107,702.06
3108,698.87
3109,694.49
3110,694.13
3111,691.32
3112,687.37
3113,685.01
3114,682.4
3115,680.84
3116,674.59
3117,665.33
3118,659.67
3119,655.84
3120,653.11
3121,650.43
3122,648.13
3123,646.23
3124,643.13
3125,639.94
3126,635.67
3127,632.99
3128,629.83
3129,624.16
3130,621.62
3131,618.55
3132,616.86
3133,616.8
3134,618.46
3135,617.82
3136,616.06
3137,615.49
3138,612.31
3139,610.37
3140,610.05
3141,610.6
3142,614.9
3143,618.81
3144,620.3
3145,618.13
3146,613.54
3147,611.96
3148,610.92
3149,611.81
3150,615.07
3151,621.85
3152,627.82
3153,630.13
3154,628.95
3155,624.35
3156,622.06
3157,621.97
3158,622.24
3159,623.01
3160,624.39
3161,627.9
3162,633.55
3163,636.9
3164,638.29
3165,638.21
3166,633.86
3167,630.23
3168,625.93
3169,619.64
3170,614.38
3171,610.67
3172,611.4
3173,613.14
3174,613.45
3175,615.4
3176,618.02
3177,619.49
3178,627.52
3179,630.09
3180,634.96
3181,638.14
3182,646.26
3183,655.03
3184,659.53
3185,668.38
3186,673.79
3187,675.61
3188,675.38
3189,677.04
3190,678.31
3191,678.39
3192,678.95
3193,675.69
3194,669.49
3195,665.57
3196,664.01
3197,662.83
3198,660.18
3199,656.14
3200,654.92
3201,655.05
3202,653.85
3203,649.23
3204,644.5
3205,642.62
3206,643.45
3207,644.83
3208,647.43
3209,649.51
3210,649.1
3211,646.11
3212,650.27
3213,652.13
3214,651.92
3215,650.19
3216,649.8
3217,653.18
3218,655.67
3219,656.57
3220,657.6
3221,658.03
3222,657.13
3223,655.57
3224,653.16
3225,651.77
3226,652.01
3227,658.54
3228,660.59
3229,659.91
3230,662.56
3231,666.28
3232,668.46
3233,670.62
3234,673.06
3235,673.66
3236,674.66
3237,677.51
3238,679.4
3239,678.28
3240,677.71
3241,679.84
3242,681.94
3243,681.31
3244,683.08
3245,685.9
3246,690.35
3247,690.65
3248,691.31
3249,693.36
3250,695.75
3251,700.36
3252,705.19
3253,704.25
3254,703.37
3255,700.34
3256,698.69
3257,698.38
3258,699.35
3259,703.82
3260,707.01
3261,714.69
3262,718.22
3263,720.96
3264,720.54
3265,719.98
3266,719.16
3267,715.14
3268,715.7
3269,717.41
3270,720.9
3271,720.96
3272,723.14
3273,723.88
3274,731.42
3275,740.31
3276,744.45
3277,742.16
3278,738.95
3279,736.92
3280,739.08
3281,737.44
3282,736.55
3283,740.13
3284,740.3
3285,738.98
3286,739.12
3287,742.91
3288,744.41
3289,743.86
3290,741.86
3291,737.49
3292,731.94
3293,730.29
3294,730.42
3295,727.85
3296,722.6
3297,715.78
3298,712.04
3299,707.9
3300,703.86
3301,699.82
3302,694.89
3303,693.68
3304,691.88
3305,692.54
3306,690.56
3307,690.07
3308,691.18
3309,691.45
3310,693.64
3311,697.03
3312,701.75
3313,704.22
3314,705.8
3315,704.18
3316,701.11
3317,701.11
3318,700.22
3319,700.81
3320,699.32
3321,699.25
3322,698.85
3323,693.34
3324,689.47
3325,684.11
3326,676.33
3327,671.58
3328,670.95
3329,671.29
3330,672.32
3331,670.08
3332,665.66
3333,661.38
3334,661.42
3335,660.18
3336,660.87
3337,663.86
3338,660.37
3339,656.11
3340,654.74
3341,652.24
3342,652.49
3343,656.37
3344,656.17
3345,653.2
3346,648.3
3347,644.32
3348,640.88
3349,639.81
3350,642.25
3351,640.6
3352,638.79
3353,638.51
3354,639.97
3355,643.41
3356,647.29
3357,649.19
3358,650.57
3359,654.5
3360,657.4
3361,656.4
3362,659.69
3363,663.82
3364,666.17
3365,670.3
3366,672.81
3367,678.43
3368,680.73
3369,682.35
3370,682.96
3371,683.1
3372,684.84
3373,687.45
3374,688.78
3375,691.58
3376,692.07
3377,690.68
3378,688.12
3379,688.44
3380,688.87
3381,692.51
3382,694.33
3383,699.8
3384,705.77
3385,707.78
3386,710.28
3387,714.5
3388,721.19
3389,723.26
3390,727.03
3391,726.91
3392,727.39
3393,724.93
3394,724.44
3395,727.24
3396,725.81
3397,725.77
3398,725.18
3399,726.49
3400,727.08
3401,727.19
3402,725.25
3403,724.55
3404,722.94
3405,721.5
3406,722.42
3407,720.62
3408,719.94
3409,720.48
3410,722.34
3411,720.61
3412,715.04
3413,709.55
3414,706.06
3415,702.27
3416,697.53
3417,695.33
3418,695.83
3419,695.8
3420,695.83
3421,695.25
3422,692.29
3423,691.53
3424,692.41
3425,691.38
3426,690.12
3427,690.83
3428,691.19
3429,692.8
3430,693.52
3431,693.94
3432,690.31
3433,687.2
3434,682.5
3435,680.5
3436,686.83
3437,689.29
3438,687.77
3439,687.58
3440,691.92
3441,693.1
3442,690.48
3443,686.35
3444,687.83
3445,688.13
3446,687.4
3447,686.7
3448,686.26
3449,684.93
3450,685.72
3451,684.94
3452,685.97
3453,685.6
3454,683.19
3455,680.93
3456,680.35
3457,680.99
3458,681.79
3459,683.05
3460,684.73
3461,684.37
3462,681.17
3463,677.58
3464,674.93
3465,676.04
3466,676.14
3467,676.59
3468,677.98
3469,676.35
3470,676.95
3471,679.6
3472,679.96
3473,679.53
3474,679.34
3475,681.46
3476,680.2
3477,680.64
3478,686.14
3479,688.63
3480,685.3
3481,684.46
3482,685.5
3483,686.6
3484,688.89
3485,689.41
3486,695.17
3487,701.33
3488,707.04
3489,712.94
3490,716.14
3491,720.4
3492,723.74
3493,724.48
3494,727.8
3495,732.6
3496,735.57
3497,736.11
3498,737.76
3499,737.27
3500,734.01
3501,731.96
3502,730.21
3503,732.37
3504,740.36
3505,751.73
3506,756.75
3507,756.4
3508,752.11
3509,747.63
3510,746.22
3511,744.18
3512,745.13
3513,749.94
3514,753.34
3515,754.71
3516,757.85
3517,755.49
3518,751.9
3519,746.24
3520,739.26
3521,738.08
3522,738.28
3523,736.35
3524,731.87
3525,724.89
3526,719.11
3527,715.82
3528,712.99
3529,710.06
3530,709.32
3531,704.49
3532,702.4
3533,703.72
3534,705.12
3535,708.74
3536,705.94
3537,703.38
3538,699.92
3539,701.01
3540,697.7
3541,692.88
3542,692.79
3543,694.85
3544,694.12
3545,692.11
3546,689.27
3547,693.8
3548,698.35
3549,698.15
3550,694.97
3551,695.5
3552,696.52
3553,698.42
3554,696.67
3555,694.24
3556,692.7
3557,692.87
3558,695.6
3559,698.4
3560,698.55
3561,699.62
3562,699.56
3563,698.9
3564,701.82
3565,704.72
3566,705.63
3567,705.4
3568,701.26
3569,701.18
3570,698.55
3571,693.34
3572,687.99
3573,685.6
3574,684.89
3575,682.73
3576,678.22
3577,679.38
3578,681.28
3579,688.46
3580,693.26
3581,698.82
3582,702.58
3583,708.02
3584,714.17
3585,716.76
3586,715.42
3587,712
3588,707.16
3589,701.84
3590,699.37
3591,696.57
3592,696.5
3593,702.86
3594,706.49
3595,706.7
3596,705.5
3597,704.99
3598,703.17
3599,707.53
3600,711.89
3601,714.06
3602,715.51
3603,718.59
3604,723.35
3605,732.66
3606,736.31
3607,735.83
3608,736.28
3609,736.52
3610,738.05
3611,739.23
3612,742.19
3613,744.06
3614,745.12
3615,744.57
3616,744.47
3617,746.41
3618,745
3619,750.83
3620,756.11
3621,759.07
3622,761.19
3623,760.13
3624,759.08
3625,758.12
3626,755.05
3627,754.42
3628,758.57
3629,762.59
3630,761.87
3631,764.14
3632,766.33
3633,766.37
3634,766.69
3635,768.64
3636,770.83
3637,769.87
3638,767.74
3639,763.37
3640,758.9
3641,753.45
3642,749.57
3643,743.78
3644,739.46
3645,733.65
3646,728.31
3647,723.89
3648,715.96
3649,713.17
3650,709.76
3651,709.94
3652,710.31
3653,709.75
3654,704.67
3655,700.81
3656,702.76
3657,702.12
3658,702.19
3659,701.33
3660,700.58
3661,702.82
3662,708.7
3663,714.36
3664,715.83
3665,716.32
3666,712.59
3667,711.56
3668,710.43
3669,712.41
3670,716.33
3671,720.89
3672,721.06
3673,720.84
3674,719.07
3675,719.24
3676,718.81
3677,720.75
3678,725.97
3679,731.64
3680,737.56
3681,741.04
3682,742.72
3683,744.72
3684,744.51
3685,741.82
3686,739.72
3687,741.25
3688,745.02
3689,746.94
3690,754.6
3691,759.76
3692,763.86
3693,766.54
3694,772.16
3695,778.22
3696,781.05
3697,783.91
3698,782.29
3699,780.3
3700,776.12
3701,773.36
3702,768.23
3703,764.89
3704,763.55
3705,764.26
3706,764.92
3707,767.38
3708,766.85
3709,769.18
3710,778.18
3711,784.17
3712,786.12
3713,782.79
3714,779.59
3715,775.38
3716,772.55
3717,773.49
3718,777.55
3719,779.02
3720,777.49
3721,771.12
3722,769.97
3723,767.71
3724,764.65
3725,767.02
3726,771.32
3727,774.96
3728,776.78
3729,779.15
3730,776.65
3731,778.15
3732,780.39
3733,780.4
3734,778.6
3735,776.04
3736,779.48
3737,783.45
3738,780.54
3739,778.92
3740,781.03
3741,779.09
3742,778.03
3743,777.39
3744,779.58
3745,781.07
3746,776.77
3747,772.99
3748,770.27
3749,768.08
3750,764.64
3751,760.12
3752,754.62
3753,754.99
3754,754.62
3755,754.87
3756,756.23
3757,755.12
3758,755.41
3759,751.64
3760,749.64
3761,747.59
3762,745.05
3763,741.78
3764,742.73
3765,745.28
3766,747
3767,745.8
3768,750.21
3769,750.78
3770,746.45
3771,741.63
3772,739.59
3773,734.77
3774,731.85
3775,729.5
3776,726.44
3777,724.43
3778,722.2
3779,725.31
3780,727.98
3781,729.35
3782,733.64
3783,735.09
3784,735.52
3785,734.45
3786,733.12
3787,731.63
3788,733.46
3789,731.76
3790,729.57
3791,724.09
3792,722.86
3793,720.24
3794,720.2
3795,722.66
3796,724.71
3797,727.64
3798,731.34
3799,738.99
3800,744.27
3801,747.87
3802,747.27
3803,748.68
3804,748.38
3805,746.98
3806,744.74
3807,749.14
3808,751.28
3809,749.87
3810,744.97
3811,739.39
3812,731.12
3813,723.77
3814,718.05
3815,715.28
3816,714.17
3817,712.28
3818,711.45
3819,711.74
3820,713.73
3821,710.81
3822,708.34
3823,706.97
3824,708.34
3825,708
3826,704.19
3827,702.12
3828,701.76
3829,697.95
3830,693.01
3831,690.79
3832,690.93
3833,689.33
3834,686.02
3835,683.91
3836,683.37
3837,680.45
3838,679.12
3839,678.95
3840,678.94
3841,678.15
3842,675.03
3843,672.5
3844,670.61
3845,666.56
3846,665.08
3847,668.06
3848,668.46
3849,669.04
3850,668.43
3851,667.93
3852,665.19
3853,664.92
3854,664.36
3855,667.62
3856,670.61
3857,675.48
3858,676.26
3859,677.24
3860,677.24
3861,675.26
3862,675.26
3863,673.93
3864,672.36
3865,670.07
3866,666.42
3867,660.74
3868,656.15
3869,651.47
3870,646.06
3871,644.25
3872,645.95
3873,647.96
3874,649.79
3875,651.93
3876,651.87
3877,650.73
3878,649.71
3879,653.16
3880,655.32
3881,659.94
3882,660.66
3883,661.2
3884,661.73
3885,658.76
3886,657.24
3887,654.13
3888,650.48
3889,647.07
3890,647.95
3891,647.7
3892,652.31
3893,654.92
3894,651.95
3895,647.81
3896,646.04
3897,644.54
3898,639.53
3899,635.88
3900,634.75
3901,632.9
3902,638.49
3903,642.69
3904,645.26
3905,646.12
3906,641.81
3907,638.38
3908,638.8
3909,639.28
3910,640.18
3911,640.59
3912,636.83
3913,633.16
3914,633.82
3915,634.65
3916,637.91
3917,639.18
3918,641.57
3919,642.5
3920,643.54
3921,643.48
3922,640.77
3923,638.83
3924,638.63
3925,638.13
3926,639.66
3927,646.28
3928,651.77
3929,655.28
3930,655.49
3931,654.46
3932,652.13
3933,649.77
3934,648.37
3935,648.12
3936,649.86
3937,649.25
3938,645.41
3939,639.5
3940,637.04
3941,636.91
3942,636.99
3943,639.45
3944,640.88
3945,646
3946,653.12
3947,657.25
3948,657.91
3949,660.68
3950,660.1
3951,657.26
3952,657.07
3953,655.67
3954,650.79
3955,648.32
3956,645.98
3957,644.54
3958,641.01
3959,636.21
3960,632.54
3961,630.49
3962,623.84
3963,620.73
3964,622.2
3965,625.05
3966,625.91
3967,627.75
3968,628.7
3969,633.04
3970,634.91
3971,633.94
3972,632.15
3973,628.84
3974,628.77
3975,630.14
3976,632.24
3977,636.38
3978,636.79
3979,634.02
3980,634.14
3981,634.68
3982,634.75
3983,635.23
3984,638.72
3985,641.88
3986,640.69
3987,638.02
3988,637.16
3989,635.97
3990,636.54
3991,638.29
3992,634.89
3993,630.92
3994,628.3
3995,624.18
3996,621.45
3997,620.03
3998,620.51
3999,619.58
4000,616.74
